MAE: 5784.871415243443
MSE: 89304441.95218901
RMSE: 9450.102748234487
R2 Score: 0.7832268517325918
---
