"Date","Source","Site ID","POC","Daily Max 1-hour SO2 Concentration","UNITS","DAILY_AQI_VALUE","Site Name","DAILY_OBS_COUNT","PERCENT_COMPLETE","AQS_PARAMETER_CODE","AQS_PARAMETER_DESC","CBSA_CODE","CBSA_NAME","STATE_CODE","STATE","COUNTY_CODE","COUNTY","SITE_LATITUDE","SITE_LONGITUDE"
"01/01/2022","AQS","360050110","1","0.4","ppb","0","IS 52","24","100.0000","42401","Sulfur dioxide","35620","New York-Newark-Jersey City, NY-NJ-PA","36","New York","005","Bronx","40.816","-73.902"
"01/02/2022","AQS","360050110","1","0.5","ppb","0","IS 52","24","100.0000","42401","Sulfur dioxide","35620","New York-Newark-Jersey City, NY-NJ-PA","36","New York","005","Bronx","40.816","-73.902"
"01/03/2022","AQS","360050110","1","1.8","ppb","1","IS 52","24","100.0000","42401","Sulfur dioxide","35620","New York-Newark-Jersey City, NY-NJ-PA","36","New York","005","Bronx","40.816","-73.902"
"01/04/2022","AQS","360050110","1","1.2","ppb","1","IS 52","24","100.0000","42401","Sulfur dioxide","35620","New York-Newark-Jersey City, NY-NJ-PA","36","New York","005","Bronx","40.816","-73.902"
"01/05/2022","AQS","360050110","1","1.8","ppb","1","IS 52","24","100.0000","42401","Sulfur dioxide","35620","New York-Newark-Jersey City, NY-NJ-PA","36","New York","005","Bronx","40.816","-73.902"
"01/06/2022","AQS","360050110","1","0.7","ppb","0","IS 52","21","88.0000","42401","Sulfur dioxide","35620","New York-Newark-Jersey City, NY-NJ-PA","36","New York","005","Bronx","40.816","-73.902"
"01/07/2022","AQS","360050110","1","1.3","ppb","1","IS 52","24","100.0000","42401","Sulfur dioxide","35620","New York-Newark-Jersey City, NY-NJ-PA","36","New York","005","Bronx","40.816","-73.902"
"01/08/2022","AQS","360050110","1","1","ppb","1","IS 52","24","100.0000","42401","Sulfur dioxide","35620","New York-Newark-Jersey City, NY-NJ-PA","36","New York","005","Bronx","40.816","-73.902"
"01/09/2022","AQS","360050110","1","0.5","ppb","0","IS 52","24","100.0000","42401","Sulfur dioxide","35620","New York-Newark-Jersey City, NY-NJ-PA","36","New York","005","Bronx","40.816","-73.902"
"01/10/2022","AQS","360050110","1","1","ppb","1","IS 52","24","100.0000","42401","Sulfur dioxide","35620","New York-Newark-Jersey City, NY-NJ-PA","36","New York","005","Bronx","40.816","-73.902"
"01/11/2022","AQS","360050110","1","1.5","ppb","1","IS 52","24","100.0000","42401","Sulfur dioxide","35620","New York-Newark-Jersey City, NY-NJ-PA","36","New York","005","Bronx","40.816","-73.902"
"01/12/2022","AQS","360050110","1","2.7","ppb","3","IS 52","21","88.0000","42401","Sulfur dioxide","35620","New York-Newark-Jersey City, NY-NJ-PA","36","New York","005","Bronx","40.816","-73.902"
"01/13/2022","AQS","360050110","1","5.4","ppb","7","IS 52","24","100.0000","42401","Sulfur dioxide","35620","New York-Newark-Jersey City, NY-NJ-PA","36","New York","005","Bronx","40.816","-73.902"
"01/14/2022","AQS","360050110","1","2.6","ppb","3","IS 52","24","100.0000","42401","Sulfur dioxide","35620","New York-Newark-Jersey City, NY-NJ-PA","36","New York","005","Bronx","40.816","-73.902"
"01/15/2022","AQS","360050110","1","2.3","ppb","3","IS 52","24","100.0000","42401","Sulfur dioxide","35620","New York-Newark-Jersey City, NY-NJ-PA","36","New York","005","Bronx","40.816","-73.902"
"01/16/2022","AQS","360050110","1","2.6","ppb","3","IS 52","24","100.0000","42401","Sulfur dioxide","35620","New York-Newark-Jersey City, NY-NJ-PA","36","New York","005","Bronx","40.816","-73.902"
"01/17/2022","AQS","360050110","1","0.5","ppb","0","IS 52","24","100.0000","42401","Sulfur dioxide","35620","New York-Newark-Jersey City, NY-NJ-PA","36","New York","005","Bronx","40.816","-73.902"
"01/18/2022","AQS","360050110","1","0.9","ppb","0","IS 52","22","92.0000","42401","Sulfur dioxide","35620","New York-Newark-Jersey City, NY-NJ-PA","36","New York","005","Bronx","40.816","-73.902"
"01/19/2022","AQS","360050110","1","1.2","ppb","1","IS 52","24","100.0000","42401","Sulfur dioxide","35620","New York-Newark-Jersey City, NY-NJ-PA","36","New York","005","Bronx","40.816","-73.902"
"01/20/2022","AQS","360050110","1","1.2","ppb","1","IS 52","24","100.0000","42401","Sulfur dioxide","35620","New York-Newark-Jersey City, NY-NJ-PA","36","New York","005","Bronx","40.816","-73.902"
"01/21/2022","AQS","360050110","1","2.1","ppb","3","IS 52","24","100.0000","42401","Sulfur dioxide","35620","New York-Newark-Jersey City, NY-NJ-PA","36","New York","005","Bronx","40.816","-73.902"
"01/22/2022","AQS","360050110","1","2.1","ppb","3","IS 52","24","100.0000","42401","Sulfur dioxide","35620","New York-Newark-Jersey City, NY-NJ-PA","36","New York","005","Bronx","40.816","-73.902"
"01/23/2022","AQS","360050110","1","2.3","ppb","3","IS 52","24","100.0000","42401","Sulfur dioxide","35620","New York-Newark-Jersey City, NY-NJ-PA","36","New York","005","Bronx","40.816","-73.902"
"01/24/2022","AQS","360050110","1","1.7","ppb","1","IS 52","24","100.0000","42401","Sulfur dioxide","35620","New York-Newark-Jersey City, NY-NJ-PA","36","New York","005","Bronx","40.816","-73.902"
"01/25/2022","AQS","360050110","1","1.6","ppb","1","IS 52","21","88.0000","42401","Sulfur dioxide","35620","New York-Newark-Jersey City, NY-NJ-PA","36","New York","005","Bronx","40.816","-73.902"
"01/26/2022","AQS","360050110","1","2.5","ppb","3","IS 52","24","100.0000","42401","Sulfur dioxide","35620","New York-Newark-Jersey City, NY-NJ-PA","36","New York","005","Bronx","40.816","-73.902"
"01/27/2022","AQS","360050110","1","1.8","ppb","1","IS 52","24","100.0000","42401","Sulfur dioxide","35620","New York-Newark-Jersey City, NY-NJ-PA","36","New York","005","Bronx","40.816","-73.902"
"01/28/2022","AQS","360050110","1","2.3","ppb","3","IS 52","24","100.0000","42401","Sulfur dioxide","35620","New York-Newark-Jersey City, NY-NJ-PA","36","New York","005","Bronx","40.816","-73.902"
"01/29/2022","AQS","360050110","1","1.1","ppb","1","IS 52","24","100.0000","42401","Sulfur dioxide","35620","New York-Newark-Jersey City, NY-NJ-PA","36","New York","005","Bronx","40.816","-73.902"
"01/30/2022","AQS","360050110","1","1.2","ppb","1","IS 52","24","100.0000","42401","Sulfur dioxide","35620","New York-Newark-Jersey City, NY-NJ-PA","36","New York","005","Bronx","40.816","-73.902"
"01/31/2022","AQS","360050110","1","7.6","ppb","10","IS 52","24","100.0000","42401","Sulfur dioxide","35620","New York-Newark-Jersey City, NY-NJ-PA","36","New York","005","Bronx","40.816","-73.902"
"02/01/2022","AQS","360050110","1","2.4","ppb","3","IS 52","24","100.0000","42401","Sulfur dioxide","35620","New York-Newark-Jersey City, NY-NJ-PA","36","New York","005","Bronx","40.816","-73.902"
"02/02/2022","AQS","360050110","1","0.9","ppb","0","IS 52","21","88.0000","42401","Sulfur dioxide","35620","New York-Newark-Jersey City, NY-NJ-PA","36","New York","005","Bronx","40.816","-73.902"
"02/03/2022","AQS","360050110","1","1.8","ppb","1","IS 52","24","100.0000","42401","Sulfur dioxide","35620","New York-Newark-Jersey City, NY-NJ-PA","36","New York","005","Bronx","40.816","-73.902"
"02/04/2022","AQS","360050110","1","1","ppb","1","IS 52","24","100.0000","42401","Sulfur dioxide","35620","New York-Newark-Jersey City, NY-NJ-PA","36","New York","005","Bronx","40.816","-73.902"
"02/05/2022","AQS","360050110","1","1.1","ppb","1","IS 52","24","100.0000","42401","Sulfur dioxide","35620","New York-Newark-Jersey City, NY-NJ-PA","36","New York","005","Bronx","40.816","-73.902"
"02/06/2022","AQS","360050110","1","1.4","ppb","1","IS 52","24","100.0000","42401","Sulfur dioxide","35620","New York-Newark-Jersey City, NY-NJ-PA","36","New York","005","Bronx","40.816","-73.902"
"02/07/2022","AQS","360050110","1","0.8","ppb","0","IS 52","24","100.0000","42401","Sulfur dioxide","35620","New York-Newark-Jersey City, NY-NJ-PA","36","New York","005","Bronx","40.816","-73.902"
"02/08/2022","AQS","360050110","1","1.2","ppb","1","IS 52","24","100.0000","42401","Sulfur dioxide","35620","New York-Newark-Jersey City, NY-NJ-PA","36","New York","005","Bronx","40.816","-73.902"
"02/09/2022","AQS","360050110","1","2.4","ppb","3","IS 52","24","100.0000","42401","Sulfur dioxide","35620","New York-Newark-Jersey City, NY-NJ-PA","36","New York","005","Bronx","40.816","-73.902"
"02/10/2022","AQS","360050110","1","2.1","ppb","3","IS 52","22","92.0000","42401","Sulfur dioxide","35620","New York-Newark-Jersey City, NY-NJ-PA","36","New York","005","Bronx","40.816","-73.902"
"02/11/2022","AQS","360050110","1","3.5","ppb","4","IS 52","24","100.0000","42401","Sulfur dioxide","35620","New York-Newark-Jersey City, NY-NJ-PA","36","New York","005","Bronx","40.816","-73.902"
"02/12/2022","AQS","360050110","1","1.5","ppb","1","IS 52","24","100.0000","42401","Sulfur dioxide","35620","New York-Newark-Jersey City, NY-NJ-PA","36","New York","005","Bronx","40.816","-73.902"
"02/13/2022","AQS","360050110","1","0.8","ppb","0","IS 52","24","100.0000","42401","Sulfur dioxide","35620","New York-Newark-Jersey City, NY-NJ-PA","36","New York","005","Bronx","40.816","-73.902"
"02/14/2022","AQS","360050110","1","0.9","ppb","0","IS 52","24","100.0000","42401","Sulfur dioxide","35620","New York-Newark-Jersey City, NY-NJ-PA","36","New York","005","Bronx","40.816","-73.902"
"02/15/2022","AQS","360050110","1","1.4","ppb","1","IS 52","24","100.0000","42401","Sulfur dioxide","35620","New York-Newark-Jersey City, NY-NJ-PA","36","New York","005","Bronx","40.816","-73.902"
"02/16/2022","AQS","360050110","1","1.7","ppb","1","IS 52","22","92.0000","42401","Sulfur dioxide","35620","New York-Newark-Jersey City, NY-NJ-PA","36","New York","005","Bronx","40.816","-73.902"
"02/17/2022","AQS","360050110","1","0.6","ppb","0","IS 52","24","100.0000","42401","Sulfur dioxide","35620","New York-Newark-Jersey City, NY-NJ-PA","36","New York","005","Bronx","40.816","-73.902"
"02/18/2022","AQS","360050110","1","0.3","ppb","0","IS 52","24","100.0000","42401","Sulfur dioxide","35620","New York-Newark-Jersey City, NY-NJ-PA","36","New York","005","Bronx","40.816","-73.902"
"02/19/2022","AQS","360050110","1","0.8","ppb","0","IS 52","24","100.0000","42401","Sulfur dioxide","35620","New York-Newark-Jersey City, NY-NJ-PA","36","New York","005","Bronx","40.816","-73.902"
"02/20/2022","AQS","360050110","1","0.9","ppb","0","IS 52","24","100.0000","42401","Sulfur dioxide","35620","New York-Newark-Jersey City, NY-NJ-PA","36","New York","005","Bronx","40.816","-73.902"
"02/21/2022","AQS","360050110","1","1.6","ppb","1","IS 52","24","100.0000","42401","Sulfur dioxide","35620","New York-Newark-Jersey City, NY-NJ-PA","36","New York","005","Bronx","40.816","-73.902"
"02/22/2022","AQS","360050110","1","0.7","ppb","0","IS 52","24","100.0000","42401","Sulfur dioxide","35620","New York-Newark-Jersey City, NY-NJ-PA","36","New York","005","Bronx","40.816","-73.902"
"02/23/2022","AQS","360050110","1","0.4","ppb","0","IS 52","20","83.0000","42401","Sulfur dioxide","35620","New York-Newark-Jersey City, NY-NJ-PA","36","New York","005","Bronx","40.816","-73.902"
"02/24/2022","AQS","360050110","1","0.3","ppb","0","IS 52","24","100.0000","42401","Sulfur dioxide","35620","New York-Newark-Jersey City, NY-NJ-PA","36","New York","005","Bronx","40.816","-73.902"
"02/25/2022","AQS","360050110","1","0.3","ppb","0","IS 52","24","100.0000","42401","Sulfur dioxide","35620","New York-Newark-Jersey City, NY-NJ-PA","36","New York","005","Bronx","40.816","-73.902"
"02/26/2022","AQS","360050110","1","0.5","ppb","0","IS 52","24","100.0000","42401","Sulfur dioxide","35620","New York-Newark-Jersey City, NY-NJ-PA","36","New York","005","Bronx","40.816","-73.902"
"02/27/2022","AQS","360050110","1","1.4","ppb","1","IS 52","24","100.0000","42401","Sulfur dioxide","35620","New York-Newark-Jersey City, NY-NJ-PA","36","New York","005","Bronx","40.816","-73.902"
"02/28/2022","AQS","360050110","1","0.6","ppb","0","IS 52","24","100.0000","42401","Sulfur dioxide","35620","New York-Newark-Jersey City, NY-NJ-PA","36","New York","005","Bronx","40.816","-73.902"
"03/01/2022","AQS","360050110","1","3.9","ppb","4","IS 52","24","100.0000","42401","Sulfur dioxide","35620","New York-Newark-Jersey City, NY-NJ-PA","36","New York","005","Bronx","40.816","-73.902"
"03/02/2022","AQS","360050110","1","0.5","ppb","0","IS 52","24","100.0000","42401","Sulfur dioxide","35620","New York-Newark-Jersey City, NY-NJ-PA","36","New York","005","Bronx","40.816","-73.902"
"03/03/2022","AQS","360050110","1","0.5","ppb","0","IS 52","24","100.0000","42401","Sulfur dioxide","35620","New York-Newark-Jersey City, NY-NJ-PA","36","New York","005","Bronx","40.816","-73.902"
"03/04/2022","AQS","360050110","1","0.9","ppb","0","IS 52","21","88.0000","42401","Sulfur dioxide","35620","New York-Newark-Jersey City, NY-NJ-PA","36","New York","005","Bronx","40.816","-73.902"
"03/05/2022","AQS","360050110","1","1.5","ppb","1","IS 52","24","100.0000","42401","Sulfur dioxide","35620","New York-Newark-Jersey City, NY-NJ-PA","36","New York","005","Bronx","40.816","-73.902"
"03/06/2022","AQS","360050110","1","1","ppb","1","IS 52","24","100.0000","42401","Sulfur dioxide","35620","New York-Newark-Jersey City, NY-NJ-PA","36","New York","005","Bronx","40.816","-73.902"
"03/07/2022","AQS","360050110","1","0.9","ppb","0","IS 52","24","100.0000","42401","Sulfur dioxide","35620","New York-Newark-Jersey City, NY-NJ-PA","36","New York","005","Bronx","40.816","-73.902"
"03/08/2022","AQS","360050110","1","0.3","ppb","0","IS 52","24","100.0000","42401","Sulfur dioxide","35620","New York-Newark-Jersey City, NY-NJ-PA","36","New York","005","Bronx","40.816","-73.902"
"03/09/2022","AQS","360050110","1","0.9","ppb","0","IS 52","24","100.0000","42401","Sulfur dioxide","35620","New York-Newark-Jersey City, NY-NJ-PA","36","New York","005","Bronx","40.816","-73.902"
"03/10/2022","AQS","360050110","1","0.9","ppb","0","IS 52","21","88.0000","42401","Sulfur dioxide","35620","New York-Newark-Jersey City, NY-NJ-PA","36","New York","005","Bronx","40.816","-73.902"
"03/11/2022","AQS","360050110","1","3","ppb","4","IS 52","24","100.0000","42401","Sulfur dioxide","35620","New York-Newark-Jersey City, NY-NJ-PA","36","New York","005","Bronx","40.816","-73.902"
"03/12/2022","AQS","360050110","1","0.2","ppb","0","IS 52","24","100.0000","42401","Sulfur dioxide","35620","New York-Newark-Jersey City, NY-NJ-PA","36","New York","005","Bronx","40.816","-73.902"
"03/13/2022","AQS","360050110","1","0.8","ppb","0","IS 52","24","100.0000","42401","Sulfur dioxide","35620","New York-Newark-Jersey City, NY-NJ-PA","36","New York","005","Bronx","40.816","-73.902"
"03/14/2022","AQS","360050110","1","1.7","ppb","1","IS 52","24","100.0000","42401","Sulfur dioxide","35620","New York-Newark-Jersey City, NY-NJ-PA","36","New York","005","Bronx","40.816","-73.902"
"03/15/2022","AQS","360050110","1","2.1","ppb","3","IS 52","24","100.0000","42401","Sulfur dioxide","35620","New York-Newark-Jersey City, NY-NJ-PA","36","New York","005","Bronx","40.816","-73.902"
"03/16/2022","AQS","360050110","1","1.5","ppb","1","IS 52","19","79.0000","42401","Sulfur dioxide","35620","New York-Newark-Jersey City, NY-NJ-PA","36","New York","005","Bronx","40.816","-73.902"
"03/17/2022","AQS","360050110","1","0.4","ppb","0","IS 52","24","100.0000","42401","Sulfur dioxide","35620","New York-Newark-Jersey City, NY-NJ-PA","36","New York","005","Bronx","40.816","-73.902"
"03/18/2022","AQS","360050110","1","0.5","ppb","0","IS 52","24","100.0000","42401","Sulfur dioxide","35620","New York-Newark-Jersey City, NY-NJ-PA","36","New York","005","Bronx","40.816","-73.902"
"03/19/2022","AQS","360050110","1","0.5","ppb","0","IS 52","24","100.0000","42401","Sulfur dioxide","35620","New York-Newark-Jersey City, NY-NJ-PA","36","New York","005","Bronx","40.816","-73.902"
"03/20/2022","AQS","360050110","1","0.1","ppb","0","IS 52","24","100.0000","42401","Sulfur dioxide","35620","New York-Newark-Jersey City, NY-NJ-PA","36","New York","005","Bronx","40.816","-73.902"
"03/21/2022","AQS","360050110","1","0.5","ppb","0","IS 52","20","83.0000","42401","Sulfur dioxide","35620","New York-Newark-Jersey City, NY-NJ-PA","36","New York","005","Bronx","40.816","-73.902"
"03/22/2022","AQS","360050110","1","0.7","ppb","0","IS 52","21","88.0000","42401","Sulfur dioxide","35620","New York-Newark-Jersey City, NY-NJ-PA","36","New York","005","Bronx","40.816","-73.902"
"03/23/2022","AQS","360050110","1","2.5","ppb","3","IS 52","24","100.0000","42401","Sulfur dioxide","35620","New York-Newark-Jersey City, NY-NJ-PA","36","New York","005","Bronx","40.816","-73.902"
"03/24/2022","AQS","360050110","1","0.1","ppb","0","IS 52","24","100.0000","42401","Sulfur dioxide","35620","New York-Newark-Jersey City, NY-NJ-PA","36","New York","005","Bronx","40.816","-73.902"
"03/25/2022","AQS","360050110","1","0.7","ppb","0","IS 52","24","100.0000","42401","Sulfur dioxide","35620","New York-Newark-Jersey City, NY-NJ-PA","36","New York","005","Bronx","40.816","-73.902"
"03/26/2022","AQS","360050110","1","0.8","ppb","0","IS 52","24","100.0000","42401","Sulfur dioxide","35620","New York-Newark-Jersey City, NY-NJ-PA","36","New York","005","Bronx","40.816","-73.902"
"03/27/2022","AQS","360050110","1","0.2","ppb","0","IS 52","24","100.0000","42401","Sulfur dioxide","35620","New York-Newark-Jersey City, NY-NJ-PA","36","New York","005","Bronx","40.816","-73.902"
"03/28/2022","AQS","360050110","1","0.3","ppb","0","IS 52","21","88.0000","42401","Sulfur dioxide","35620","New York-Newark-Jersey City, NY-NJ-PA","36","New York","005","Bronx","40.816","-73.902"
"03/29/2022","AQS","360050110","1","0.5","ppb","0","IS 52","24","100.0000","42401","Sulfur dioxide","35620","New York-Newark-Jersey City, NY-NJ-PA","36","New York","005","Bronx","40.816","-73.902"
"03/30/2022","AQS","360050110","1","1.6","ppb","1","IS 52","24","100.0000","42401","Sulfur dioxide","35620","New York-Newark-Jersey City, NY-NJ-PA","36","New York","005","Bronx","40.816","-73.902"
"03/31/2022","AQS","360050110","1","0.9","ppb","0","IS 52","23","96.0000","42401","Sulfur dioxide","35620","New York-Newark-Jersey City, NY-NJ-PA","36","New York","005","Bronx","40.816","-73.902"
"04/01/2022","AQS","360050110","1","0.3","ppb","0","IS 52","24","100.0000","42401","Sulfur dioxide","35620","New York-Newark-Jersey City, NY-NJ-PA","36","New York","005","Bronx","40.816","-73.902"
"04/02/2022","AQS","360050110","1","0.4","ppb","0","IS 52","23","96.0000","42401","Sulfur dioxide","35620","New York-Newark-Jersey City, NY-NJ-PA","36","New York","005","Bronx","40.816","-73.902"
"04/03/2022","AQS","360050110","1","0.5","ppb","0","IS 52","24","100.0000","42401","Sulfur dioxide","35620","New York-Newark-Jersey City, NY-NJ-PA","36","New York","005","Bronx","40.816","-73.902"
"04/04/2022","AQS","360050110","1","0.5","ppb","0","IS 52","21","88.0000","42401","Sulfur dioxide","35620","New York-Newark-Jersey City, NY-NJ-PA","36","New York","005","Bronx","40.816","-73.902"
"04/05/2022","AQS","360050110","1","1.8","ppb","1","IS 52","24","100.0000","42401","Sulfur dioxide","35620","New York-Newark-Jersey City, NY-NJ-PA","36","New York","005","Bronx","40.816","-73.902"
"04/06/2022","AQS","360050110","1","0.1","ppb","0","IS 52","24","100.0000","42401","Sulfur dioxide","35620","New York-Newark-Jersey City, NY-NJ-PA","36","New York","005","Bronx","40.816","-73.902"
"04/07/2022","AQS","360050110","1","0.3","ppb","0","IS 52","24","100.0000","42401","Sulfur dioxide","35620","New York-Newark-Jersey City, NY-NJ-PA","36","New York","005","Bronx","40.816","-73.902"
"04/08/2022","AQS","360050110","1","0.6","ppb","0","IS 52","24","100.0000","42401","Sulfur dioxide","35620","New York-Newark-Jersey City, NY-NJ-PA","36","New York","005","Bronx","40.816","-73.902"
"04/09/2022","AQS","360050110","1","0.4","ppb","0","IS 52","24","100.0000","42401","Sulfur dioxide","35620","New York-Newark-Jersey City, NY-NJ-PA","36","New York","005","Bronx","40.816","-73.902"
"04/10/2022","AQS","360050110","1","0.1","ppb","0","IS 52","24","100.0000","42401","Sulfur dioxide","35620","New York-Newark-Jersey City, NY-NJ-PA","36","New York","005","Bronx","40.816","-73.902"
"04/11/2022","AQS","360050110","1","0.5","ppb","0","IS 52","23","96.0000","42401","Sulfur dioxide","35620","New York-Newark-Jersey City, NY-NJ-PA","36","New York","005","Bronx","40.816","-73.902"
"04/12/2022","AQS","360050110","1","1.3","ppb","1","IS 52","24","100.0000","42401","Sulfur dioxide","35620","New York-Newark-Jersey City, NY-NJ-PA","36","New York","005","Bronx","40.816","-73.902"
"04/13/2022","AQS","360050110","1","1.5","ppb","1","IS 52","20","83.0000","42401","Sulfur dioxide","35620","New York-Newark-Jersey City, NY-NJ-PA","36","New York","005","Bronx","40.816","-73.902"
"04/14/2022","AQS","360050110","1","1.5","ppb","1","IS 52","24","100.0000","42401","Sulfur dioxide","35620","New York-Newark-Jersey City, NY-NJ-PA","36","New York","005","Bronx","40.816","-73.902"
"04/15/2022","AQS","360050110","1","0.4","ppb","0","IS 52","24","100.0000","42401","Sulfur dioxide","35620","New York-Newark-Jersey City, NY-NJ-PA","36","New York","005","Bronx","40.816","-73.902"
"04/16/2022","AQS","360050110","1","0.5","ppb","0","IS 52","24","100.0000","42401","Sulfur dioxide","35620","New York-Newark-Jersey City, NY-NJ-PA","36","New York","005","Bronx","40.816","-73.902"
"04/17/2022","AQS","360050110","1","0.3","ppb","0","IS 52","24","100.0000","42401","Sulfur dioxide","35620","New York-Newark-Jersey City, NY-NJ-PA","36","New York","005","Bronx","40.816","-73.902"
"04/18/2022","AQS","360050110","1","1.1","ppb","1","IS 52","24","100.0000","42401","Sulfur dioxide","35620","New York-Newark-Jersey City, NY-NJ-PA","36","New York","005","Bronx","40.816","-73.902"
"04/19/2022","AQS","360050110","1","0.2","ppb","0","IS 52","23","96.0000","42401","Sulfur dioxide","35620","New York-Newark-Jersey City, NY-NJ-PA","36","New York","005","Bronx","40.816","-73.902"
"04/20/2022","AQS","360050110","1","1.1","ppb","1","IS 52","24","100.0000","42401","Sulfur dioxide","35620","New York-Newark-Jersey City, NY-NJ-PA","36","New York","005","Bronx","40.816","-73.902"
"04/21/2022","AQS","360050110","1","1.1","ppb","1","IS 52","24","100.0000","42401","Sulfur dioxide","35620","New York-Newark-Jersey City, NY-NJ-PA","36","New York","005","Bronx","40.816","-73.902"
"04/22/2022","AQS","360050110","1","0.8","ppb","0","IS 52","21","88.0000","42401","Sulfur dioxide","35620","New York-Newark-Jersey City, NY-NJ-PA","36","New York","005","Bronx","40.816","-73.902"
"04/23/2022","AQS","360050110","1","0.6","ppb","0","IS 52","24","100.0000","42401","Sulfur dioxide","35620","New York-Newark-Jersey City, NY-NJ-PA","36","New York","005","Bronx","40.816","-73.902"
"04/24/2022","AQS","360050110","1","0.5","ppb","0","IS 52","24","100.0000","42401","Sulfur dioxide","35620","New York-Newark-Jersey City, NY-NJ-PA","36","New York","005","Bronx","40.816","-73.902"
"04/25/2022","AQS","360050110","1","0.8","ppb","0","IS 52","24","100.0000","42401","Sulfur dioxide","35620","New York-Newark-Jersey City, NY-NJ-PA","36","New York","005","Bronx","40.816","-73.902"
"04/26/2022","AQS","360050110","1","0.8","ppb","0","IS 52","24","100.0000","42401","Sulfur dioxide","35620","New York-Newark-Jersey City, NY-NJ-PA","36","New York","005","Bronx","40.816","-73.902"
"04/27/2022","AQS","360050110","1","0.2","ppb","0","IS 52","22","92.0000","42401","Sulfur dioxide","35620","New York-Newark-Jersey City, NY-NJ-PA","36","New York","005","Bronx","40.816","-73.902"
"04/28/2022","AQS","360050110","1","0.5","ppb","0","IS 52","24","100.0000","42401","Sulfur dioxide","35620","New York-Newark-Jersey City, NY-NJ-PA","36","New York","005","Bronx","40.816","-73.902"
"04/29/2022","AQS","360050110","1","0.4","ppb","0","IS 52","24","100.0000","42401","Sulfur dioxide","35620","New York-Newark-Jersey City, NY-NJ-PA","36","New York","005","Bronx","40.816","-73.902"
"04/30/2022","AQS","360050110","1","0.7","ppb","0","IS 52","24","100.0000","42401","Sulfur dioxide","35620","New York-Newark-Jersey City, NY-NJ-PA","36","New York","005","Bronx","40.816","-73.902"
"05/01/2022","AQS","360050110","1","1.3","ppb","1","IS 52","24","100.0000","42401","Sulfur dioxide","35620","New York-Newark-Jersey City, NY-NJ-PA","36","New York","005","Bronx","40.816","-73.902"
"05/02/2022","AQS","360050110","1","0.4","ppb","0","IS 52","24","100.0000","42401","Sulfur dioxide","35620","New York-Newark-Jersey City, NY-NJ-PA","36","New York","005","Bronx","40.816","-73.902"
"05/03/2022","AQS","360050110","1","0.3","ppb","0","IS 52","24","100.0000","42401","Sulfur dioxide","35620","New York-Newark-Jersey City, NY-NJ-PA","36","New York","005","Bronx","40.816","-73.902"
"05/04/2022","AQS","360050110","1","0.3","ppb","0","IS 52","21","88.0000","42401","Sulfur dioxide","35620","New York-Newark-Jersey City, NY-NJ-PA","36","New York","005","Bronx","40.816","-73.902"
"05/05/2022","AQS","360050110","1","0.4","ppb","0","IS 52","24","100.0000","42401","Sulfur dioxide","35620","New York-Newark-Jersey City, NY-NJ-PA","36","New York","005","Bronx","40.816","-73.902"
"05/06/2022","AQS","360050110","1","0.7","ppb","0","IS 52","24","100.0000","42401","Sulfur dioxide","35620","New York-Newark-Jersey City, NY-NJ-PA","36","New York","005","Bronx","40.816","-73.902"
"05/07/2022","AQS","360050110","1","0.1","ppb","0","IS 52","24","100.0000","42401","Sulfur dioxide","35620","New York-Newark-Jersey City, NY-NJ-PA","36","New York","005","Bronx","40.816","-73.902"
"05/08/2022","AQS","360050110","1","0.2","ppb","0","IS 52","24","100.0000","42401","Sulfur dioxide","35620","New York-Newark-Jersey City, NY-NJ-PA","36","New York","005","Bronx","40.816","-73.902"
"05/09/2022","AQS","360050110","1","0.4","ppb","0","IS 52","24","100.0000","42401","Sulfur dioxide","35620","New York-Newark-Jersey City, NY-NJ-PA","36","New York","005","Bronx","40.816","-73.902"
"05/10/2022","AQS","360050110","1","0.3","ppb","0","IS 52","21","88.0000","42401","Sulfur dioxide","35620","New York-Newark-Jersey City, NY-NJ-PA","36","New York","005","Bronx","40.816","-73.902"
"05/11/2022","AQS","360050110","1","0.9","ppb","0","IS 52","24","100.0000","42401","Sulfur dioxide","35620","New York-Newark-Jersey City, NY-NJ-PA","36","New York","005","Bronx","40.816","-73.902"
"05/12/2022","AQS","360050110","1","0.5","ppb","0","IS 52","24","100.0000","42401","Sulfur dioxide","35620","New York-Newark-Jersey City, NY-NJ-PA","36","New York","005","Bronx","40.816","-73.902"
"05/13/2022","AQS","360050110","1","0.5","ppb","0","IS 52","24","100.0000","42401","Sulfur dioxide","35620","New York-Newark-Jersey City, NY-NJ-PA","36","New York","005","Bronx","40.816","-73.902"
"05/14/2022","AQS","360050110","1","0.9","ppb","0","IS 52","24","100.0000","42401","Sulfur dioxide","35620","New York-Newark-Jersey City, NY-NJ-PA","36","New York","005","Bronx","40.816","-73.902"
"05/15/2022","AQS","360050110","1","1","ppb","1","IS 52","24","100.0000","42401","Sulfur dioxide","35620","New York-Newark-Jersey City, NY-NJ-PA","36","New York","005","Bronx","40.816","-73.902"
"05/16/2022","AQS","360050110","1","0.9","ppb","0","IS 52","24","100.0000","42401","Sulfur dioxide","35620","New York-Newark-Jersey City, NY-NJ-PA","36","New York","005","Bronx","40.816","-73.902"
"05/17/2022","AQS","360050110","1","0.6","ppb","0","IS 52","24","100.0000","42401","Sulfur dioxide","35620","New York-Newark-Jersey City, NY-NJ-PA","36","New York","005","Bronx","40.816","-73.902"
"05/18/2022","AQS","360050110","1","0.3","ppb","0","IS 52","22","92.0000","42401","Sulfur dioxide","35620","New York-Newark-Jersey City, NY-NJ-PA","36","New York","005","Bronx","40.816","-73.902"
"05/19/2022","AQS","360050110","1","0.4","ppb","0","IS 52","24","100.0000","42401","Sulfur dioxide","35620","New York-Newark-Jersey City, NY-NJ-PA","36","New York","005","Bronx","40.816","-73.902"
"05/20/2022","AQS","360050110","1","1.8","ppb","1","IS 52","24","100.0000","42401","Sulfur dioxide","35620","New York-Newark-Jersey City, NY-NJ-PA","36","New York","005","Bronx","40.816","-73.902"
"05/21/2022","AQS","360050110","1","0.4","ppb","0","IS 52","24","100.0000","42401","Sulfur dioxide","35620","New York-Newark-Jersey City, NY-NJ-PA","36","New York","005","Bronx","40.816","-73.902"
"05/22/2022","AQS","360050110","1","0.7","ppb","0","IS 52","24","100.0000","42401","Sulfur dioxide","35620","New York-Newark-Jersey City, NY-NJ-PA","36","New York","005","Bronx","40.816","-73.902"
"05/23/2022","AQS","360050110","1","0.2","ppb","0","IS 52","24","100.0000","42401","Sulfur dioxide","35620","New York-Newark-Jersey City, NY-NJ-PA","36","New York","005","Bronx","40.816","-73.902"
"05/24/2022","AQS","360050110","1","0.7","ppb","0","IS 52","22","92.0000","42401","Sulfur dioxide","35620","New York-Newark-Jersey City, NY-NJ-PA","36","New York","005","Bronx","40.816","-73.902"
"05/25/2022","AQS","360050110","1","0.8","ppb","0","IS 52","24","100.0000","42401","Sulfur dioxide","35620","New York-Newark-Jersey City, NY-NJ-PA","36","New York","005","Bronx","40.816","-73.902"
"05/26/2022","AQS","360050110","1","0.8","ppb","0","IS 52","24","100.0000","42401","Sulfur dioxide","35620","New York-Newark-Jersey City, NY-NJ-PA","36","New York","005","Bronx","40.816","-73.902"
"05/27/2022","AQS","360050110","1","1.8","ppb","1","IS 52","24","100.0000","42401","Sulfur dioxide","35620","New York-Newark-Jersey City, NY-NJ-PA","36","New York","005","Bronx","40.816","-73.902"
"05/28/2022","AQS","360050110","1","0","ppb","0","IS 52","24","100.0000","42401","Sulfur dioxide","35620","New York-Newark-Jersey City, NY-NJ-PA","36","New York","005","Bronx","40.816","-73.902"
"05/29/2022","AQS","360050110","1","0.2","ppb","0","IS 52","24","100.0000","42401","Sulfur dioxide","35620","New York-Newark-Jersey City, NY-NJ-PA","36","New York","005","Bronx","40.816","-73.902"
"05/30/2022","AQS","360050110","1","0.5","ppb","0","IS 52","24","100.0000","42401","Sulfur dioxide","35620","New York-Newark-Jersey City, NY-NJ-PA","36","New York","005","Bronx","40.816","-73.902"
"05/31/2022","AQS","360050110","1","0.3","ppb","0","IS 52","24","100.0000","42401","Sulfur dioxide","35620","New York-Newark-Jersey City, NY-NJ-PA","36","New York","005","Bronx","40.816","-73.902"
"06/01/2022","AQS","360050110","1","0.2","ppb","0","IS 52","24","100.0000","42401","Sulfur dioxide","35620","New York-Newark-Jersey City, NY-NJ-PA","36","New York","005","Bronx","40.816","-73.902"
"06/02/2022","AQS","360050110","1","0.3","ppb","0","IS 52","21","88.0000","42401","Sulfur dioxide","35620","New York-Newark-Jersey City, NY-NJ-PA","36","New York","005","Bronx","40.816","-73.902"
"06/03/2022","AQS","360050110","1","0.2","ppb","0","IS 52","24","100.0000","42401","Sulfur dioxide","35620","New York-Newark-Jersey City, NY-NJ-PA","36","New York","005","Bronx","40.816","-73.902"
"06/04/2022","AQS","360050110","1","0.4","ppb","0","IS 52","24","100.0000","42401","Sulfur dioxide","35620","New York-Newark-Jersey City, NY-NJ-PA","36","New York","005","Bronx","40.816","-73.902"
"06/05/2022","AQS","360050110","1","0.3","ppb","0","IS 52","24","100.0000","42401","Sulfur dioxide","35620","New York-Newark-Jersey City, NY-NJ-PA","36","New York","005","Bronx","40.816","-73.902"
"06/06/2022","AQS","360050110","1","1.1","ppb","1","IS 52","22","92.0000","42401","Sulfur dioxide","35620","New York-Newark-Jersey City, NY-NJ-PA","36","New York","005","Bronx","40.816","-73.902"
"06/07/2022","AQS","360050110","1","0.2","ppb","0","IS 52","24","100.0000","42401","Sulfur dioxide","35620","New York-Newark-Jersey City, NY-NJ-PA","36","New York","005","Bronx","40.816","-73.902"
"06/08/2022","AQS","360050110","1","0.4","ppb","0","IS 52","24","100.0000","42401","Sulfur dioxide","35620","New York-Newark-Jersey City, NY-NJ-PA","36","New York","005","Bronx","40.816","-73.902"
"06/09/2022","AQS","360050110","1","0.2","ppb","0","IS 52","24","100.0000","42401","Sulfur dioxide","35620","New York-Newark-Jersey City, NY-NJ-PA","36","New York","005","Bronx","40.816","-73.902"
"06/10/2022","AQS","360050110","1","0.1","ppb","0","IS 52","24","100.0000","42401","Sulfur dioxide","35620","New York-Newark-Jersey City, NY-NJ-PA","36","New York","005","Bronx","40.816","-73.902"
"06/11/2022","AQS","360050110","1","0.3","ppb","0","IS 52","24","100.0000","42401","Sulfur dioxide","35620","New York-Newark-Jersey City, NY-NJ-PA","36","New York","005","Bronx","40.816","-73.902"
"06/12/2022","AQS","360050110","1","0.3","ppb","0","IS 52","24","100.0000","42401","Sulfur dioxide","35620","New York-Newark-Jersey City, NY-NJ-PA","36","New York","005","Bronx","40.816","-73.902"
"06/13/2022","AQS","360050110","1","0.3","ppb","0","IS 52","24","100.0000","42401","Sulfur dioxide","35620","New York-Newark-Jersey City, NY-NJ-PA","36","New York","005","Bronx","40.816","-73.902"
"06/14/2022","AQS","360050110","1","0.4","ppb","0","IS 52","24","100.0000","42401","Sulfur dioxide","35620","New York-Newark-Jersey City, NY-NJ-PA","36","New York","005","Bronx","40.816","-73.902"
"06/15/2022","AQS","360050110","1","0.6","ppb","0","IS 52","24","100.0000","42401","Sulfur dioxide","35620","New York-Newark-Jersey City, NY-NJ-PA","36","New York","005","Bronx","40.816","-73.902"
"06/16/2022","AQS","360050110","1","0.2","ppb","0","IS 52","24","100.0000","42401","Sulfur dioxide","35620","New York-Newark-Jersey City, NY-NJ-PA","36","New York","005","Bronx","40.816","-73.902"
"06/17/2022","AQS","360050110","1","0.1","ppb","0","IS 52","21","88.0000","42401","Sulfur dioxide","35620","New York-Newark-Jersey City, NY-NJ-PA","36","New York","005","Bronx","40.816","-73.902"
"06/18/2022","AQS","360050110","1","0","ppb","0","IS 52","24","100.0000","42401","Sulfur dioxide","35620","New York-Newark-Jersey City, NY-NJ-PA","36","New York","005","Bronx","40.816","-73.902"
"06/19/2022","AQS","360050110","1","0","ppb","0","IS 52","24","100.0000","42401","Sulfur dioxide","35620","New York-Newark-Jersey City, NY-NJ-PA","36","New York","005","Bronx","40.816","-73.902"
"06/20/2022","AQS","360050110","1","0.2","ppb","0","IS 52","24","100.0000","42401","Sulfur dioxide","35620","New York-Newark-Jersey City, NY-NJ-PA","36","New York","005","Bronx","40.816","-73.902"
"06/21/2022","AQS","360050110","1","0.6","ppb","0","IS 52","24","100.0000","42401","Sulfur dioxide","35620","New York-Newark-Jersey City, NY-NJ-PA","36","New York","005","Bronx","40.816","-73.902"
"06/22/2022","AQS","360050110","1","0.3","ppb","0","IS 52","24","100.0000","42401","Sulfur dioxide","35620","New York-Newark-Jersey City, NY-NJ-PA","36","New York","005","Bronx","40.816","-73.902"
"06/23/2022","AQS","360050110","1","0.3","ppb","0","IS 52","21","88.0000","42401","Sulfur dioxide","35620","New York-Newark-Jersey City, NY-NJ-PA","36","New York","005","Bronx","40.816","-73.902"
"06/24/2022","AQS","360050110","1","0.4","ppb","0","IS 52","24","100.0000","42401","Sulfur dioxide","35620","New York-Newark-Jersey City, NY-NJ-PA","36","New York","005","Bronx","40.816","-73.902"
"06/25/2022","AQS","360050110","1","0.5","ppb","0","IS 52","24","100.0000","42401","Sulfur dioxide","35620","New York-Newark-Jersey City, NY-NJ-PA","36","New York","005","Bronx","40.816","-73.902"
"06/26/2022","AQS","360050110","1","0.5","ppb","0","IS 52","24","100.0000","42401","Sulfur dioxide","35620","New York-Newark-Jersey City, NY-NJ-PA","36","New York","005","Bronx","40.816","-73.902"
"06/27/2022","AQS","360050110","1","0.2","ppb","0","IS 52","24","100.0000","42401","Sulfur dioxide","35620","New York-Newark-Jersey City, NY-NJ-PA","36","New York","005","Bronx","40.816","-73.902"
"06/28/2022","AQS","360050110","1","0.4","ppb","0","IS 52","24","100.0000","42401","Sulfur dioxide","35620","New York-Newark-Jersey City, NY-NJ-PA","36","New York","005","Bronx","40.816","-73.902"
"06/29/2022","AQS","360050110","1","0.9","ppb","0","IS 52","21","88.0000","42401","Sulfur dioxide","35620","New York-Newark-Jersey City, NY-NJ-PA","36","New York","005","Bronx","40.816","-73.902"
"06/30/2022","AQS","360050110","1","0.5","ppb","0","IS 52","24","100.0000","42401","Sulfur dioxide","35620","New York-Newark-Jersey City, NY-NJ-PA","36","New York","005","Bronx","40.816","-73.902"
"07/01/2022","AQS","360050110","1","0.5","ppb","0","IS 52","24","100.0000","42401","Sulfur dioxide","35620","New York-Newark-Jersey City, NY-NJ-PA","36","New York","005","Bronx","40.816","-73.902"
"07/02/2022","AQS","360050110","1","0.2","ppb","0","IS 52","24","100.0000","42401","Sulfur dioxide","35620","New York-Newark-Jersey City, NY-NJ-PA","36","New York","005","Bronx","40.816","-73.902"
"07/03/2022","AQS","360050110","1","0.3","ppb","0","IS 52","24","100.0000","42401","Sulfur dioxide","35620","New York-Newark-Jersey City, NY-NJ-PA","36","New York","005","Bronx","40.816","-73.902"
"07/04/2022","AQS","360050110","1","2","ppb","3","IS 52","24","100.0000","42401","Sulfur dioxide","35620","New York-Newark-Jersey City, NY-NJ-PA","36","New York","005","Bronx","40.816","-73.902"
"07/05/2022","AQS","360050110","1","1","ppb","1","IS 52","22","92.0000","42401","Sulfur dioxide","35620","New York-Newark-Jersey City, NY-NJ-PA","36","New York","005","Bronx","40.816","-73.902"
"07/06/2022","AQS","360050110","1","0.1","ppb","0","IS 52","24","100.0000","42401","Sulfur dioxide","35620","New York-Newark-Jersey City, NY-NJ-PA","36","New York","005","Bronx","40.816","-73.902"
"07/07/2022","AQS","360050110","1","0.3","ppb","0","IS 52","21","88.0000","42401","Sulfur dioxide","35620","New York-Newark-Jersey City, NY-NJ-PA","36","New York","005","Bronx","40.816","-73.902"
"07/08/2022","AQS","360050110","1","0.7","ppb","0","IS 52","24","100.0000","42401","Sulfur dioxide","35620","New York-Newark-Jersey City, NY-NJ-PA","36","New York","005","Bronx","40.816","-73.902"
"07/09/2022","AQS","360050110","1","0.4","ppb","0","IS 52","24","100.0000","42401","Sulfur dioxide","35620","New York-Newark-Jersey City, NY-NJ-PA","36","New York","005","Bronx","40.816","-73.902"
"07/10/2022","AQS","360050110","1","0.3","ppb","0","IS 52","24","100.0000","42401","Sulfur dioxide","35620","New York-Newark-Jersey City, NY-NJ-PA","36","New York","005","Bronx","40.816","-73.902"
"07/11/2022","AQS","360050110","1","0.5","ppb","0","IS 52","21","88.0000","42401","Sulfur dioxide","35620","New York-Newark-Jersey City, NY-NJ-PA","36","New York","005","Bronx","40.816","-73.902"
"07/12/2022","AQS","360050110","1","0.5","ppb","0","IS 52","24","100.0000","42401","Sulfur dioxide","35620","New York-Newark-Jersey City, NY-NJ-PA","36","New York","005","Bronx","40.816","-73.902"
"07/13/2022","AQS","360050110","1","0.2","ppb","0","IS 52","24","100.0000","42401","Sulfur dioxide","35620","New York-Newark-Jersey City, NY-NJ-PA","36","New York","005","Bronx","40.816","-73.902"
"07/14/2022","AQS","360050110","1","0.3","ppb","0","IS 52","24","100.0000","42401","Sulfur dioxide","35620","New York-Newark-Jersey City, NY-NJ-PA","36","New York","005","Bronx","40.816","-73.902"
"07/15/2022","AQS","360050110","1","0.6","ppb","0","IS 52","24","100.0000","42401","Sulfur dioxide","35620","New York-Newark-Jersey City, NY-NJ-PA","36","New York","005","Bronx","40.816","-73.902"
"07/16/2022","AQS","360050110","1","0.2","ppb","0","IS 52","24","100.0000","42401","Sulfur dioxide","35620","New York-Newark-Jersey City, NY-NJ-PA","36","New York","005","Bronx","40.816","-73.902"
"07/17/2022","AQS","360050110","1","1","ppb","1","IS 52","24","100.0000","42401","Sulfur dioxide","35620","New York-Newark-Jersey City, NY-NJ-PA","36","New York","005","Bronx","40.816","-73.902"
"07/18/2022","AQS","360050110","1","0.5","ppb","0","IS 52","21","88.0000","42401","Sulfur dioxide","35620","New York-Newark-Jersey City, NY-NJ-PA","36","New York","005","Bronx","40.816","-73.902"
"07/19/2022","AQS","360050110","1","0.2","ppb","0","IS 52","21","88.0000","42401","Sulfur dioxide","35620","New York-Newark-Jersey City, NY-NJ-PA","36","New York","005","Bronx","40.816","-73.902"
"07/20/2022","AQS","360050110","1","0.4","ppb","0","IS 52","24","100.0000","42401","Sulfur dioxide","35620","New York-Newark-Jersey City, NY-NJ-PA","36","New York","005","Bronx","40.816","-73.902"
"07/21/2022","AQS","360050110","1","0.6","ppb","0","IS 52","24","100.0000","42401","Sulfur dioxide","35620","New York-Newark-Jersey City, NY-NJ-PA","36","New York","005","Bronx","40.816","-73.902"
"07/22/2022","AQS","360050110","1","0.4","ppb","0","IS 52","24","100.0000","42401","Sulfur dioxide","35620","New York-Newark-Jersey City, NY-NJ-PA","36","New York","005","Bronx","40.816","-73.902"
"07/23/2022","AQS","360050110","1","0.6","ppb","0","IS 52","24","100.0000","42401","Sulfur dioxide","35620","New York-Newark-Jersey City, NY-NJ-PA","36","New York","005","Bronx","40.816","-73.902"
"07/24/2022","AQS","360050110","1","0.3","ppb","0","IS 52","24","100.0000","42401","Sulfur dioxide","35620","New York-Newark-Jersey City, NY-NJ-PA","36","New York","005","Bronx","40.816","-73.902"
"07/25/2022","AQS","360050110","1","0.2","ppb","0","IS 52","24","100.0000","42401","Sulfur dioxide","35620","New York-Newark-Jersey City, NY-NJ-PA","36","New York","005","Bronx","40.816","-73.902"
"07/26/2022","AQS","360050110","1","0.2","ppb","0","IS 52","24","100.0000","42401","Sulfur dioxide","35620","New York-Newark-Jersey City, NY-NJ-PA","36","New York","005","Bronx","40.816","-73.902"
"07/27/2022","AQS","360050110","1","1","ppb","1","IS 52","24","100.0000","42401","Sulfur dioxide","35620","New York-Newark-Jersey City, NY-NJ-PA","36","New York","005","Bronx","40.816","-73.902"
"07/28/2022","AQS","360050110","1","0.3","ppb","0","IS 52","24","100.0000","42401","Sulfur dioxide","35620","New York-Newark-Jersey City, NY-NJ-PA","36","New York","005","Bronx","40.816","-73.902"
"07/29/2022","AQS","360050110","1","0.2","ppb","0","IS 52","21","88.0000","42401","Sulfur dioxide","35620","New York-Newark-Jersey City, NY-NJ-PA","36","New York","005","Bronx","40.816","-73.902"
"07/30/2022","AQS","360050110","1","0.1","ppb","0","IS 52","24","100.0000","42401","Sulfur dioxide","35620","New York-Newark-Jersey City, NY-NJ-PA","36","New York","005","Bronx","40.816","-73.902"
"07/31/2022","AQS","360050110","1","0.4","ppb","0","IS 52","24","100.0000","42401","Sulfur dioxide","35620","New York-Newark-Jersey City, NY-NJ-PA","36","New York","005","Bronx","40.816","-73.902"
"08/01/2022","AQS","360050110","1","0.2","ppb","0","IS 52","22","92.0000","42401","Sulfur dioxide","35620","New York-Newark-Jersey City, NY-NJ-PA","36","New York","005","Bronx","40.816","-73.902"
"08/02/2022","AQS","360050110","1","0.5","ppb","0","IS 52","24","100.0000","42401","Sulfur dioxide","35620","New York-Newark-Jersey City, NY-NJ-PA","36","New York","005","Bronx","40.816","-73.902"
"08/03/2022","AQS","360050110","1","0.2","ppb","0","IS 52","24","100.0000","42401","Sulfur dioxide","35620","New York-Newark-Jersey City, NY-NJ-PA","36","New York","005","Bronx","40.816","-73.902"
"08/04/2022","AQS","360050110","1","0.5","ppb","0","IS 52","24","100.0000","42401","Sulfur dioxide","35620","New York-Newark-Jersey City, NY-NJ-PA","36","New York","005","Bronx","40.816","-73.902"
"08/05/2022","AQS","360050110","1","0.8","ppb","0","IS 52","24","100.0000","42401","Sulfur dioxide","35620","New York-Newark-Jersey City, NY-NJ-PA","36","New York","005","Bronx","40.816","-73.902"
"08/06/2022","AQS","360050110","1","0.5","ppb","0","IS 52","24","100.0000","42401","Sulfur dioxide","35620","New York-Newark-Jersey City, NY-NJ-PA","36","New York","005","Bronx","40.816","-73.902"
"08/07/2022","AQS","360050110","1","0.1","ppb","0","IS 52","24","100.0000","42401","Sulfur dioxide","35620","New York-Newark-Jersey City, NY-NJ-PA","36","New York","005","Bronx","40.816","-73.902"
"08/08/2022","AQS","360050110","1","0.3","ppb","0","IS 52","24","100.0000","42401","Sulfur dioxide","35620","New York-Newark-Jersey City, NY-NJ-PA","36","New York","005","Bronx","40.816","-73.902"
"08/09/2022","AQS","360050110","1","0.1","ppb","0","IS 52","24","100.0000","42401","Sulfur dioxide","35620","New York-Newark-Jersey City, NY-NJ-PA","36","New York","005","Bronx","40.816","-73.902"
"08/10/2022","AQS","360050110","1","0.4","ppb","0","IS 52","21","88.0000","42401","Sulfur dioxide","35620","New York-Newark-Jersey City, NY-NJ-PA","36","New York","005","Bronx","40.816","-73.902"
"08/11/2022","AQS","360050110","1","0.2","ppb","0","IS 52","24","100.0000","42401","Sulfur dioxide","35620","New York-Newark-Jersey City, NY-NJ-PA","36","New York","005","Bronx","40.816","-73.902"
"08/12/2022","AQS","360050110","1","0","ppb","0","IS 52","24","100.0000","42401","Sulfur dioxide","35620","New York-Newark-Jersey City, NY-NJ-PA","36","New York","005","Bronx","40.816","-73.902"
"08/13/2022","AQS","360050110","1","0.1","ppb","0","IS 52","24","100.0000","42401","Sulfur dioxide","35620","New York-Newark-Jersey City, NY-NJ-PA","36","New York","005","Bronx","40.816","-73.902"
"08/14/2022","AQS","360050110","1","0.5","ppb","0","IS 52","24","100.0000","42401","Sulfur dioxide","35620","New York-Newark-Jersey City, NY-NJ-PA","36","New York","005","Bronx","40.816","-73.902"
"08/15/2022","AQS","360050110","1","0.8","ppb","0","IS 52","21","88.0000","42401","Sulfur dioxide","35620","New York-Newark-Jersey City, NY-NJ-PA","36","New York","005","Bronx","40.816","-73.902"
"08/16/2022","AQS","360050110","1","0.3","ppb","0","IS 52","24","100.0000","42401","Sulfur dioxide","35620","New York-Newark-Jersey City, NY-NJ-PA","36","New York","005","Bronx","40.816","-73.902"
"08/17/2022","AQS","360050110","1","0.1","ppb","0","IS 52","24","100.0000","42401","Sulfur dioxide","35620","New York-Newark-Jersey City, NY-NJ-PA","36","New York","005","Bronx","40.816","-73.902"
"08/18/2022","AQS","360050110","1","0.2","ppb","0","IS 52","24","100.0000","42401","Sulfur dioxide","35620","New York-Newark-Jersey City, NY-NJ-PA","36","New York","005","Bronx","40.816","-73.902"
"08/19/2022","AQS","360050110","1","0.3","ppb","0","IS 52","24","100.0000","42401","Sulfur dioxide","35620","New York-Newark-Jersey City, NY-NJ-PA","36","New York","005","Bronx","40.816","-73.902"
"08/20/2022","AQS","360050110","1","0.7","ppb","0","IS 52","24","100.0000","42401","Sulfur dioxide","35620","New York-Newark-Jersey City, NY-NJ-PA","36","New York","005","Bronx","40.816","-73.902"
"08/21/2022","AQS","360050110","1","0.1","ppb","0","IS 52","24","100.0000","42401","Sulfur dioxide","35620","New York-Newark-Jersey City, NY-NJ-PA","36","New York","005","Bronx","40.816","-73.902"
"08/22/2022","AQS","360050110","1","0.1","ppb","0","IS 52","24","100.0000","42401","Sulfur dioxide","35620","New York-Newark-Jersey City, NY-NJ-PA","36","New York","005","Bronx","40.816","-73.902"
"08/23/2022","AQS","360050110","1","0.1","ppb","0","IS 52","24","100.0000","42401","Sulfur dioxide","35620","New York-Newark-Jersey City, NY-NJ-PA","36","New York","005","Bronx","40.816","-73.902"
"08/24/2022","AQS","360050110","1","0.1","ppb","0","IS 52","24","100.0000","42401","Sulfur dioxide","35620","New York-Newark-Jersey City, NY-NJ-PA","36","New York","005","Bronx","40.816","-73.902"
"08/25/2022","AQS","360050110","1","0.2","ppb","0","IS 52","24","100.0000","42401","Sulfur dioxide","35620","New York-Newark-Jersey City, NY-NJ-PA","36","New York","005","Bronx","40.816","-73.902"
"08/26/2022","AQS","360050110","1","0.8","ppb","0","IS 52","24","100.0000","42401","Sulfur dioxide","35620","New York-Newark-Jersey City, NY-NJ-PA","36","New York","005","Bronx","40.816","-73.902"
"08/27/2022","AQS","360050110","1","0.3","ppb","0","IS 52","24","100.0000","42401","Sulfur dioxide","35620","New York-Newark-Jersey City, NY-NJ-PA","36","New York","005","Bronx","40.816","-73.902"
"08/28/2022","AQS","360050110","1","1.7","ppb","1","IS 52","24","100.0000","42401","Sulfur dioxide","35620","New York-Newark-Jersey City, NY-NJ-PA","36","New York","005","Bronx","40.816","-73.902"
"08/29/2022","AQS","360050110","1","0","ppb","0","IS 52","24","100.0000","42401","Sulfur dioxide","35620","New York-Newark-Jersey City, NY-NJ-PA","36","New York","005","Bronx","40.816","-73.902"
"08/30/2022","AQS","360050110","1","0.1","ppb","0","IS 52","24","100.0000","42401","Sulfur dioxide","35620","New York-Newark-Jersey City, NY-NJ-PA","36","New York","005","Bronx","40.816","-73.902"
"08/31/2022","AQS","360050110","1","0.9","ppb","0","IS 52","24","100.0000","42401","Sulfur dioxide","35620","New York-Newark-Jersey City, NY-NJ-PA","36","New York","005","Bronx","40.816","-73.902"
"09/01/2022","AQS","360050110","1","1.4","ppb","1","IS 52","21","88.0000","42401","Sulfur dioxide","35620","New York-Newark-Jersey City, NY-NJ-PA","36","New York","005","Bronx","40.816","-73.902"
"09/02/2022","AQS","360050110","1","0.6","ppb","0","IS 52","24","100.0000","42401","Sulfur dioxide","35620","New York-Newark-Jersey City, NY-NJ-PA","36","New York","005","Bronx","40.816","-73.902"
"09/03/2022","AQS","360050110","1","0.7","ppb","0","IS 52","24","100.0000","42401","Sulfur dioxide","35620","New York-Newark-Jersey City, NY-NJ-PA","36","New York","005","Bronx","40.816","-73.902"
"09/04/2022","AQS","360050110","1","0.5","ppb","0","IS 52","24","100.0000","42401","Sulfur dioxide","35620","New York-Newark-Jersey City, NY-NJ-PA","36","New York","005","Bronx","40.816","-73.902"
"09/05/2022","AQS","360050110","1","0.4","ppb","0","IS 52","24","100.0000","42401","Sulfur dioxide","35620","New York-Newark-Jersey City, NY-NJ-PA","36","New York","005","Bronx","40.816","-73.902"
"09/06/2022","AQS","360050110","1","0.2","ppb","0","IS 52","24","100.0000","42401","Sulfur dioxide","35620","New York-Newark-Jersey City, NY-NJ-PA","36","New York","005","Bronx","40.816","-73.902"
"09/07/2022","AQS","360050110","1","0.1","ppb","0","IS 52","21","88.0000","42401","Sulfur dioxide","35620","New York-Newark-Jersey City, NY-NJ-PA","36","New York","005","Bronx","40.816","-73.902"
"09/08/2022","AQS","360050110","1","0.7","ppb","0","IS 52","24","100.0000","42401","Sulfur dioxide","35620","New York-Newark-Jersey City, NY-NJ-PA","36","New York","005","Bronx","40.816","-73.902"
"09/09/2022","AQS","360050110","1","0.8","ppb","0","IS 52","24","100.0000","42401","Sulfur dioxide","35620","New York-Newark-Jersey City, NY-NJ-PA","36","New York","005","Bronx","40.816","-73.902"
"09/10/2022","AQS","360050110","1","0.3","ppb","0","IS 52","24","100.0000","42401","Sulfur dioxide","35620","New York-Newark-Jersey City, NY-NJ-PA","36","New York","005","Bronx","40.816","-73.902"
"09/11/2022","AQS","360050110","1","0.4","ppb","0","IS 52","24","100.0000","42401","Sulfur dioxide","35620","New York-Newark-Jersey City, NY-NJ-PA","36","New York","005","Bronx","40.816","-73.902"
"09/12/2022","AQS","360050110","1","0.7","ppb","0","IS 52","24","100.0000","42401","Sulfur dioxide","35620","New York-Newark-Jersey City, NY-NJ-PA","36","New York","005","Bronx","40.816","-73.902"
"09/13/2022","AQS","360050110","1","0.2","ppb","0","IS 52","24","100.0000","42401","Sulfur dioxide","35620","New York-Newark-Jersey City, NY-NJ-PA","36","New York","005","Bronx","40.816","-73.902"
"09/14/2022","AQS","360050110","1","0.4","ppb","0","IS 52","21","88.0000","42401","Sulfur dioxide","35620","New York-Newark-Jersey City, NY-NJ-PA","36","New York","005","Bronx","40.816","-73.902"
"09/15/2022","AQS","360050110","1","0.2","ppb","0","IS 52","24","100.0000","42401","Sulfur dioxide","35620","New York-Newark-Jersey City, NY-NJ-PA","36","New York","005","Bronx","40.816","-73.902"
"09/16/2022","AQS","360050110","1","0.3","ppb","0","IS 52","24","100.0000","42401","Sulfur dioxide","35620","New York-Newark-Jersey City, NY-NJ-PA","36","New York","005","Bronx","40.816","-73.902"
"09/17/2022","AQS","360050110","1","0.3","ppb","0","IS 52","24","100.0000","42401","Sulfur dioxide","35620","New York-Newark-Jersey City, NY-NJ-PA","36","New York","005","Bronx","40.816","-73.902"
"09/18/2022","AQS","360050110","1","0.4","ppb","0","IS 52","24","100.0000","42401","Sulfur dioxide","35620","New York-Newark-Jersey City, NY-NJ-PA","36","New York","005","Bronx","40.816","-73.902"
"09/19/2022","AQS","360050110","1","0.7","ppb","0","IS 52","24","100.0000","42401","Sulfur dioxide","35620","New York-Newark-Jersey City, NY-NJ-PA","36","New York","005","Bronx","40.816","-73.902"
"09/20/2022","AQS","360050110","1","0.4","ppb","0","IS 52","24","100.0000","42401","Sulfur dioxide","35620","New York-Newark-Jersey City, NY-NJ-PA","36","New York","005","Bronx","40.816","-73.902"
"09/21/2022","AQS","360050110","1","0.4","ppb","0","IS 52","24","100.0000","42401","Sulfur dioxide","35620","New York-Newark-Jersey City, NY-NJ-PA","36","New York","005","Bronx","40.816","-73.902"
"09/22/2022","AQS","360050110","1","0.2","ppb","0","IS 52","22","92.0000","42401","Sulfur dioxide","35620","New York-Newark-Jersey City, NY-NJ-PA","36","New York","005","Bronx","40.816","-73.902"
"09/23/2022","AQS","360050110","1","0","ppb","0","IS 52","24","100.0000","42401","Sulfur dioxide","35620","New York-Newark-Jersey City, NY-NJ-PA","36","New York","005","Bronx","40.816","-73.902"
"09/24/2022","AQS","360050110","1","0.4","ppb","0","IS 52","24","100.0000","42401","Sulfur dioxide","35620","New York-Newark-Jersey City, NY-NJ-PA","36","New York","005","Bronx","40.816","-73.902"
"09/25/2022","AQS","360050110","1","0.6","ppb","0","IS 52","24","100.0000","42401","Sulfur dioxide","35620","New York-Newark-Jersey City, NY-NJ-PA","36","New York","005","Bronx","40.816","-73.902"
"09/26/2022","AQS","360050110","1","0.3","ppb","0","IS 52","24","100.0000","42401","Sulfur dioxide","35620","New York-Newark-Jersey City, NY-NJ-PA","36","New York","005","Bronx","40.816","-73.902"
"09/27/2022","AQS","360050110","1","0.6","ppb","0","IS 52","24","100.0000","42401","Sulfur dioxide","35620","New York-Newark-Jersey City, NY-NJ-PA","36","New York","005","Bronx","40.816","-73.902"
"09/28/2022","AQS","360050110","1","0.3","ppb","0","IS 52","24","100.0000","42401","Sulfur dioxide","35620","New York-Newark-Jersey City, NY-NJ-PA","36","New York","005","Bronx","40.816","-73.902"
"09/29/2022","AQS","360050110","1","0.3","ppb","0","IS 52","21","88.0000","42401","Sulfur dioxide","35620","New York-Newark-Jersey City, NY-NJ-PA","36","New York","005","Bronx","40.816","-73.902"
"09/30/2022","AQS","360050110","1","1","ppb","1","IS 52","24","100.0000","42401","Sulfur dioxide","35620","New York-Newark-Jersey City, NY-NJ-PA","36","New York","005","Bronx","40.816","-73.902"
"10/01/2022","AQS","360050110","1","0","ppb","0","IS 52","24","100.0000","42401","Sulfur dioxide","35620","New York-Newark-Jersey City, NY-NJ-PA","36","New York","005","Bronx","40.816","-73.902"
"10/02/2022","AQS","360050110","1","0.1","ppb","0","IS 52","24","100.0000","42401","Sulfur dioxide","35620","New York-Newark-Jersey City, NY-NJ-PA","36","New York","005","Bronx","40.816","-73.902"
"10/03/2022","AQS","360050110","1","0.3","ppb","0","IS 52","21","88.0000","42401","Sulfur dioxide","35620","New York-Newark-Jersey City, NY-NJ-PA","36","New York","005","Bronx","40.816","-73.902"
"10/04/2022","AQS","360050110","1","0.1","ppb","0","IS 52","24","100.0000","42401","Sulfur dioxide","35620","New York-Newark-Jersey City, NY-NJ-PA","36","New York","005","Bronx","40.816","-73.902"
"10/05/2022","AQS","360050110","1","0.1","ppb","0","IS 52","24","100.0000","42401","Sulfur dioxide","35620","New York-Newark-Jersey City, NY-NJ-PA","36","New York","005","Bronx","40.816","-73.902"
"10/06/2022","AQS","360050110","1","1.7","ppb","1","IS 52","24","100.0000","42401","Sulfur dioxide","35620","New York-Newark-Jersey City, NY-NJ-PA","36","New York","005","Bronx","40.816","-73.902"
"10/07/2022","AQS","360050110","1","1","ppb","1","IS 52","24","100.0000","42401","Sulfur dioxide","35620","New York-Newark-Jersey City, NY-NJ-PA","36","New York","005","Bronx","40.816","-73.902"
"10/08/2022","AQS","360050110","1","0.2","ppb","0","IS 52","24","100.0000","42401","Sulfur dioxide","35620","New York-Newark-Jersey City, NY-NJ-PA","36","New York","005","Bronx","40.816","-73.902"
"10/09/2022","AQS","360050110","1","0.9","ppb","0","IS 52","24","100.0000","42401","Sulfur dioxide","35620","New York-Newark-Jersey City, NY-NJ-PA","36","New York","005","Bronx","40.816","-73.902"
"10/10/2022","AQS","360050110","1","1.9","ppb","1","IS 52","24","100.0000","42401","Sulfur dioxide","35620","New York-Newark-Jersey City, NY-NJ-PA","36","New York","005","Bronx","40.816","-73.902"
"10/11/2022","AQS","360050110","1","0.8","ppb","0","IS 52","24","100.0000","42401","Sulfur dioxide","35620","New York-Newark-Jersey City, NY-NJ-PA","36","New York","005","Bronx","40.816","-73.902"
"10/12/2022","AQS","360050110","1","1.2","ppb","1","IS 52","20","83.0000","42401","Sulfur dioxide","35620","New York-Newark-Jersey City, NY-NJ-PA","36","New York","005","Bronx","40.816","-73.902"
"10/13/2022","AQS","360050110","1","0.8","ppb","0","IS 52","24","100.0000","42401","Sulfur dioxide","35620","New York-Newark-Jersey City, NY-NJ-PA","36","New York","005","Bronx","40.816","-73.902"
"10/14/2022","AQS","360050110","1","0.8","ppb","0","IS 52","24","100.0000","42401","Sulfur dioxide","35620","New York-Newark-Jersey City, NY-NJ-PA","36","New York","005","Bronx","40.816","-73.902"
"10/15/2022","AQS","360050110","1","1.4","ppb","1","IS 52","24","100.0000","42401","Sulfur dioxide","35620","New York-Newark-Jersey City, NY-NJ-PA","36","New York","005","Bronx","40.816","-73.902"
"10/16/2022","AQS","360050110","1","0.6","ppb","0","IS 52","24","100.0000","42401","Sulfur dioxide","35620","New York-Newark-Jersey City, NY-NJ-PA","36","New York","005","Bronx","40.816","-73.902"
"10/17/2022","AQS","360050110","1","0.8","ppb","0","IS 52","24","100.0000","42401","Sulfur dioxide","35620","New York-Newark-Jersey City, NY-NJ-PA","36","New York","005","Bronx","40.816","-73.902"
"10/18/2022","AQS","360050110","1","0.7","ppb","0","IS 52","24","100.0000","42401","Sulfur dioxide","35620","New York-Newark-Jersey City, NY-NJ-PA","36","New York","005","Bronx","40.816","-73.902"
"10/19/2022","AQS","360050110","1","1.2","ppb","1","IS 52","21","88.0000","42401","Sulfur dioxide","35620","New York-Newark-Jersey City, NY-NJ-PA","36","New York","005","Bronx","40.816","-73.902"
"10/20/2022","AQS","360050110","1","1.2","ppb","1","IS 52","24","100.0000","42401","Sulfur dioxide","35620","New York-Newark-Jersey City, NY-NJ-PA","36","New York","005","Bronx","40.816","-73.902"
"10/21/2022","AQS","360050110","1","2.6","ppb","3","IS 52","24","100.0000","42401","Sulfur dioxide","35620","New York-Newark-Jersey City, NY-NJ-PA","36","New York","005","Bronx","40.816","-73.902"
"10/22/2022","AQS","360050110","1","1.7","ppb","1","IS 52","24","100.0000","42401","Sulfur dioxide","35620","New York-Newark-Jersey City, NY-NJ-PA","36","New York","005","Bronx","40.816","-73.902"
"10/23/2022","AQS","360050110","1","0.6","ppb","0","IS 52","24","100.0000","42401","Sulfur dioxide","35620","New York-Newark-Jersey City, NY-NJ-PA","36","New York","005","Bronx","40.816","-73.902"
"10/24/2022","AQS","360050110","1","0.1","ppb","0","IS 52","20","83.0000","42401","Sulfur dioxide","35620","New York-Newark-Jersey City, NY-NJ-PA","36","New York","005","Bronx","40.816","-73.902"
"10/25/2022","AQS","360050110","1","0.1","ppb","0","IS 52","24","100.0000","42401","Sulfur dioxide","35620","New York-Newark-Jersey City, NY-NJ-PA","36","New York","005","Bronx","40.816","-73.902"
"10/26/2022","AQS","360050110","1","0.1","ppb","0","IS 52","24","100.0000","42401","Sulfur dioxide","35620","New York-Newark-Jersey City, NY-NJ-PA","36","New York","005","Bronx","40.816","-73.902"
"10/27/2022","AQS","360050110","1","0.1","ppb","0","IS 52","24","100.0000","42401","Sulfur dioxide","35620","New York-Newark-Jersey City, NY-NJ-PA","36","New York","005","Bronx","40.816","-73.902"
"10/28/2022","AQS","360050110","1","0.8","ppb","0","IS 52","24","100.0000","42401","Sulfur dioxide","35620","New York-Newark-Jersey City, NY-NJ-PA","36","New York","005","Bronx","40.816","-73.902"
"10/29/2022","AQS","360050110","1","1","ppb","1","IS 52","24","100.0000","42401","Sulfur dioxide","35620","New York-Newark-Jersey City, NY-NJ-PA","36","New York","005","Bronx","40.816","-73.902"
"10/30/2022","AQS","360050110","1","1.4","ppb","1","IS 52","24","100.0000","42401","Sulfur dioxide","35620","New York-Newark-Jersey City, NY-NJ-PA","36","New York","005","Bronx","40.816","-73.902"
"10/31/2022","AQS","360050110","1","1.5","ppb","1","IS 52","20","83.0000","42401","Sulfur dioxide","35620","New York-Newark-Jersey City, NY-NJ-PA","36","New York","005","Bronx","40.816","-73.902"
"11/01/2022","AQS","360050110","1","0.2","ppb","0","IS 52","24","100.0000","42401","Sulfur dioxide","35620","New York-Newark-Jersey City, NY-NJ-PA","36","New York","005","Bronx","40.816","-73.902"
"11/02/2022","AQS","360050110","1","0.8","ppb","0","IS 52","24","100.0000","42401","Sulfur dioxide","35620","New York-Newark-Jersey City, NY-NJ-PA","36","New York","005","Bronx","40.816","-73.902"
"11/03/2022","AQS","360050110","1","1.8","ppb","1","IS 52","24","100.0000","42401","Sulfur dioxide","35620","New York-Newark-Jersey City, NY-NJ-PA","36","New York","005","Bronx","40.816","-73.902"
"11/04/2022","AQS","360050110","1","2.5","ppb","3","IS 52","24","100.0000","42401","Sulfur dioxide","35620","New York-Newark-Jersey City, NY-NJ-PA","36","New York","005","Bronx","40.816","-73.902"
"11/05/2022","AQS","360050110","1","0.5","ppb","0","IS 52","24","100.0000","42401","Sulfur dioxide","35620","New York-Newark-Jersey City, NY-NJ-PA","36","New York","005","Bronx","40.816","-73.902"
"11/06/2022","AQS","360050110","1","0.3","ppb","0","IS 52","24","100.0000","42401","Sulfur dioxide","35620","New York-Newark-Jersey City, NY-NJ-PA","36","New York","005","Bronx","40.816","-73.902"
"11/07/2022","AQS","360050110","1","0.4","ppb","0","IS 52","22","92.0000","42401","Sulfur dioxide","35620","New York-Newark-Jersey City, NY-NJ-PA","36","New York","005","Bronx","40.816","-73.902"
"11/08/2022","AQS","360050110","1","0.9","ppb","0","IS 52","24","100.0000","42401","Sulfur dioxide","35620","New York-Newark-Jersey City, NY-NJ-PA","36","New York","005","Bronx","40.816","-73.902"
"11/09/2022","AQS","360050110","1","0.8","ppb","0","IS 52","24","100.0000","42401","Sulfur dioxide","35620","New York-Newark-Jersey City, NY-NJ-PA","36","New York","005","Bronx","40.816","-73.902"
"11/10/2022","AQS","360050110","1","1.3","ppb","1","IS 52","24","100.0000","42401","Sulfur dioxide","35620","New York-Newark-Jersey City, NY-NJ-PA","36","New York","005","Bronx","40.816","-73.902"
"11/11/2022","AQS","360050110","1","0.6","ppb","0","IS 52","24","100.0000","42401","Sulfur dioxide","35620","New York-Newark-Jersey City, NY-NJ-PA","36","New York","005","Bronx","40.816","-73.902"
"11/12/2022","AQS","360050110","1","0.1","ppb","0","IS 52","24","100.0000","42401","Sulfur dioxide","35620","New York-Newark-Jersey City, NY-NJ-PA","36","New York","005","Bronx","40.816","-73.902"
"11/13/2022","AQS","360050110","1","0.1","ppb","0","IS 52","24","100.0000","42401","Sulfur dioxide","35620","New York-Newark-Jersey City, NY-NJ-PA","36","New York","005","Bronx","40.816","-73.902"
"11/14/2022","AQS","360050110","1","0.3","ppb","0","IS 52","24","100.0000","42401","Sulfur dioxide","35620","New York-Newark-Jersey City, NY-NJ-PA","36","New York","005","Bronx","40.816","-73.902"
"11/15/2022","AQS","360050110","1","0.7","ppb","0","IS 52","24","100.0000","42401","Sulfur dioxide","35620","New York-Newark-Jersey City, NY-NJ-PA","36","New York","005","Bronx","40.816","-73.902"
"11/16/2022","AQS","360050110","1","0.3","ppb","0","IS 52","24","100.0000","42401","Sulfur dioxide","35620","New York-Newark-Jersey City, NY-NJ-PA","36","New York","005","Bronx","40.816","-73.902"
"11/17/2022","AQS","360050110","1","1","ppb","1","IS 52","22","92.0000","42401","Sulfur dioxide","35620","New York-Newark-Jersey City, NY-NJ-PA","36","New York","005","Bronx","40.816","-73.902"
"11/18/2022","AQS","360050110","1","1.3","ppb","1","IS 52","24","100.0000","42401","Sulfur dioxide","35620","New York-Newark-Jersey City, NY-NJ-PA","36","New York","005","Bronx","40.816","-73.902"
"11/19/2022","AQS","360050110","1","0.9","ppb","0","IS 52","24","100.0000","42401","Sulfur dioxide","35620","New York-Newark-Jersey City, NY-NJ-PA","36","New York","005","Bronx","40.816","-73.902"
"11/20/2022","AQS","360050110","1","0.7","ppb","0","IS 52","24","100.0000","42401","Sulfur dioxide","35620","New York-Newark-Jersey City, NY-NJ-PA","36","New York","005","Bronx","40.816","-73.902"
"11/21/2022","AQS","360050110","1","2.3","ppb","3","IS 52","20","83.0000","42401","Sulfur dioxide","35620","New York-Newark-Jersey City, NY-NJ-PA","36","New York","005","Bronx","40.816","-73.902"
"11/22/2022","AQS","360050110","1","2.4","ppb","3","IS 52","24","100.0000","42401","Sulfur dioxide","35620","New York-Newark-Jersey City, NY-NJ-PA","36","New York","005","Bronx","40.816","-73.902"
"11/23/2022","AQS","360050110","1","3.7","ppb","4","IS 52","20","83.0000","42401","Sulfur dioxide","35620","New York-Newark-Jersey City, NY-NJ-PA","36","New York","005","Bronx","40.816","-73.902"
"11/24/2022","AQS","360050110","1","0.8","ppb","0","IS 52","24","100.0000","42401","Sulfur dioxide","35620","New York-Newark-Jersey City, NY-NJ-PA","36","New York","005","Bronx","40.816","-73.902"
"11/25/2022","AQS","360050110","1","0.6","ppb","0","IS 52","24","100.0000","42401","Sulfur dioxide","35620","New York-Newark-Jersey City, NY-NJ-PA","36","New York","005","Bronx","40.816","-73.902"
"11/26/2022","AQS","360050110","1","1.1","ppb","1","IS 52","24","100.0000","42401","Sulfur dioxide","35620","New York-Newark-Jersey City, NY-NJ-PA","36","New York","005","Bronx","40.816","-73.902"
"11/27/2022","AQS","360050110","1","1.2","ppb","1","IS 52","24","100.0000","42401","Sulfur dioxide","35620","New York-Newark-Jersey City, NY-NJ-PA","36","New York","005","Bronx","40.816","-73.902"
"11/28/2022","AQS","360050110","1","1","ppb","1","IS 52","24","100.0000","42401","Sulfur dioxide","35620","New York-Newark-Jersey City, NY-NJ-PA","36","New York","005","Bronx","40.816","-73.902"
"11/29/2022","AQS","360050110","1","0.9","ppb","0","IS 52","22","92.0000","42401","Sulfur dioxide","35620","New York-Newark-Jersey City, NY-NJ-PA","36","New York","005","Bronx","40.816","-73.902"
"11/30/2022","AQS","360050110","1","2.4","ppb","3","IS 52","24","100.0000","42401","Sulfur dioxide","35620","New York-Newark-Jersey City, NY-NJ-PA","36","New York","005","Bronx","40.816","-73.902"
"12/01/2022","AQS","360050110","1","0.8","ppb","0","IS 52","24","100.0000","42401","Sulfur dioxide","35620","New York-Newark-Jersey City, NY-NJ-PA","36","New York","005","Bronx","40.816","-73.902"
"12/02/2022","AQS","360050110","1","2.2","ppb","3","IS 52","24","100.0000","42401","Sulfur dioxide","35620","New York-Newark-Jersey City, NY-NJ-PA","36","New York","005","Bronx","40.816","-73.902"
"12/03/2022","AQS","360050110","1","0.6","ppb","0","IS 52","24","100.0000","42401","Sulfur dioxide","35620","New York-Newark-Jersey City, NY-NJ-PA","36","New York","005","Bronx","40.816","-73.902"
"12/04/2022","AQS","360050110","1","0.9","ppb","0","IS 52","24","100.0000","42401","Sulfur dioxide","35620","New York-Newark-Jersey City, NY-NJ-PA","36","New York","005","Bronx","40.816","-73.902"
"12/05/2022","AQS","360050110","1","3.2","ppb","4","IS 52","21","88.0000","42401","Sulfur dioxide","35620","New York-Newark-Jersey City, NY-NJ-PA","36","New York","005","Bronx","40.816","-73.902"
"12/06/2022","AQS","360050110","1","1.3","ppb","1","IS 52","24","100.0000","42401","Sulfur dioxide","35620","New York-Newark-Jersey City, NY-NJ-PA","36","New York","005","Bronx","40.816","-73.902"
"12/07/2022","AQS","360050110","1","1","ppb","1","IS 52","24","100.0000","42401","Sulfur dioxide","35620","New York-Newark-Jersey City, NY-NJ-PA","36","New York","005","Bronx","40.816","-73.902"
"12/08/2022","AQS","360050110","1","1","ppb","1","IS 52","23","96.0000","42401","Sulfur dioxide","35620","New York-Newark-Jersey City, NY-NJ-PA","36","New York","005","Bronx","40.816","-73.902"
"12/09/2022","AQS","360050110","1","0.4","ppb","0","IS 52","24","100.0000","42401","Sulfur dioxide","35620","New York-Newark-Jersey City, NY-NJ-PA","36","New York","005","Bronx","40.816","-73.902"
"12/10/2022","AQS","360050110","1","0.5","ppb","0","IS 52","24","100.0000","42401","Sulfur dioxide","35620","New York-Newark-Jersey City, NY-NJ-PA","36","New York","005","Bronx","40.816","-73.902"
"12/11/2022","AQS","360050110","1","0.2","ppb","0","IS 52","24","100.0000","42401","Sulfur dioxide","35620","New York-Newark-Jersey City, NY-NJ-PA","36","New York","005","Bronx","40.816","-73.902"
"12/12/2022","AQS","360050110","1","0.5","ppb","0","IS 52","21","88.0000","42401","Sulfur dioxide","35620","New York-Newark-Jersey City, NY-NJ-PA","36","New York","005","Bronx","40.816","-73.902"
"12/13/2022","AQS","360050110","1","0.9","ppb","0","IS 52","24","100.0000","42401","Sulfur dioxide","35620","New York-Newark-Jersey City, NY-NJ-PA","36","New York","005","Bronx","40.816","-73.902"
"12/14/2022","AQS","360050110","1","0.9","ppb","0","IS 52","24","100.0000","42401","Sulfur dioxide","35620","New York-Newark-Jersey City, NY-NJ-PA","36","New York","005","Bronx","40.816","-73.902"
"12/15/2022","AQS","360050110","1","0.7","ppb","0","IS 52","24","100.0000","42401","Sulfur dioxide","35620","New York-Newark-Jersey City, NY-NJ-PA","36","New York","005","Bronx","40.816","-73.902"
"12/16/2022","AQS","360050110","1","0.2","ppb","0","IS 52","24","100.0000","42401","Sulfur dioxide","35620","New York-Newark-Jersey City, NY-NJ-PA","36","New York","005","Bronx","40.816","-73.902"
"12/17/2022","AQS","360050110","1","0.5","ppb","0","IS 52","24","100.0000","42401","Sulfur dioxide","35620","New York-Newark-Jersey City, NY-NJ-PA","36","New York","005","Bronx","40.816","-73.902"
"12/18/2022","AQS","360050110","1","1","ppb","1","IS 52","24","100.0000","42401","Sulfur dioxide","35620","New York-Newark-Jersey City, NY-NJ-PA","36","New York","005","Bronx","40.816","-73.902"
"12/19/2022","AQS","360050110","1","0.7","ppb","0","IS 52","21","88.0000","42401","Sulfur dioxide","35620","New York-Newark-Jersey City, NY-NJ-PA","36","New York","005","Bronx","40.816","-73.902"
"12/20/2022","AQS","360050110","1","0.8","ppb","0","IS 52","24","100.0000","42401","Sulfur dioxide","35620","New York-Newark-Jersey City, NY-NJ-PA","36","New York","005","Bronx","40.816","-73.902"
"12/21/2022","AQS","360050110","1","2.5","ppb","3","IS 52","24","100.0000","42401","Sulfur dioxide","35620","New York-Newark-Jersey City, NY-NJ-PA","36","New York","005","Bronx","40.816","-73.902"
"12/22/2022","AQS","360050110","1","3","ppb","4","IS 52","24","100.0000","42401","Sulfur dioxide","35620","New York-Newark-Jersey City, NY-NJ-PA","36","New York","005","Bronx","40.816","-73.902"
"12/23/2022","AQS","360050110","1","0.6","ppb","0","IS 52","24","100.0000","42401","Sulfur dioxide","35620","New York-Newark-Jersey City, NY-NJ-PA","36","New York","005","Bronx","40.816","-73.902"
"12/24/2022","AQS","360050110","1","1.1","ppb","1","IS 52","24","100.0000","42401","Sulfur dioxide","35620","New York-Newark-Jersey City, NY-NJ-PA","36","New York","005","Bronx","40.816","-73.902"
"12/25/2022","AQS","360050110","1","2","ppb","3","IS 52","24","100.0000","42401","Sulfur dioxide","35620","New York-Newark-Jersey City, NY-NJ-PA","36","New York","005","Bronx","40.816","-73.902"
"12/26/2022","AQS","360050110","1","1.3","ppb","1","IS 52","24","100.0000","42401","Sulfur dioxide","35620","New York-Newark-Jersey City, NY-NJ-PA","36","New York","005","Bronx","40.816","-73.902"
"12/27/2022","AQS","360050110","1","2","ppb","3","IS 52","24","100.0000","42401","Sulfur dioxide","35620","New York-Newark-Jersey City, NY-NJ-PA","36","New York","005","Bronx","40.816","-73.902"
"12/28/2022","AQS","360050110","1","1.7","ppb","1","IS 52","21","88.0000","42401","Sulfur dioxide","35620","New York-Newark-Jersey City, NY-NJ-PA","36","New York","005","Bronx","40.816","-73.902"
"12/29/2022","AQS","360050110","1","3.3","ppb","4","IS 52","24","100.0000","42401","Sulfur dioxide","35620","New York-Newark-Jersey City, NY-NJ-PA","36","New York","005","Bronx","40.816","-73.902"
"12/30/2022","AQS","360050110","1","3.3","ppb","4","IS 52","24","100.0000","42401","Sulfur dioxide","35620","New York-Newark-Jersey City, NY-NJ-PA","36","New York","005","Bronx","40.816","-73.902"
"12/31/2022","AQS","360050110","1","1.5","ppb","1","IS 52","24","100.0000","42401","Sulfur dioxide","35620","New York-Newark-Jersey City, NY-NJ-PA","36","New York","005","Bronx","40.816","-73.902"
"01/01/2022","AQS","360050133","1","0.5","ppb","0","PFIZER LAB SITE","24","100.0000","42401","Sulfur dioxide","35620","New York-Newark-Jersey City, NY-NJ-PA","36","New York","005","Bronx","40.8679","-73.87809"
"01/02/2022","AQS","360050133","1","1.6","ppb","1","PFIZER LAB SITE","24","100.0000","42401","Sulfur dioxide","35620","New York-Newark-Jersey City, NY-NJ-PA","36","New York","005","Bronx","40.8679","-73.87809"
"01/03/2022","AQS","360050133","1","1.3","ppb","1","PFIZER LAB SITE","22","92.0000","42401","Sulfur dioxide","35620","New York-Newark-Jersey City, NY-NJ-PA","36","New York","005","Bronx","40.8679","-73.87809"
"01/04/2022","AQS","360050133","1","1.2","ppb","1","PFIZER LAB SITE","24","100.0000","42401","Sulfur dioxide","35620","New York-Newark-Jersey City, NY-NJ-PA","36","New York","005","Bronx","40.8679","-73.87809"
"01/05/2022","AQS","360050133","1","0.7","ppb","0","PFIZER LAB SITE","24","100.0000","42401","Sulfur dioxide","35620","New York-Newark-Jersey City, NY-NJ-PA","36","New York","005","Bronx","40.8679","-73.87809"
"01/06/2022","AQS","360050133","1","1.3","ppb","1","PFIZER LAB SITE","24","100.0000","42401","Sulfur dioxide","35620","New York-Newark-Jersey City, NY-NJ-PA","36","New York","005","Bronx","40.8679","-73.87809"
"01/07/2022","AQS","360050133","1","1.2","ppb","1","PFIZER LAB SITE","20","83.0000","42401","Sulfur dioxide","35620","New York-Newark-Jersey City, NY-NJ-PA","36","New York","005","Bronx","40.8679","-73.87809"
"01/08/2022","AQS","360050133","1","1","ppb","1","PFIZER LAB SITE","24","100.0000","42401","Sulfur dioxide","35620","New York-Newark-Jersey City, NY-NJ-PA","36","New York","005","Bronx","40.8679","-73.87809"
"01/09/2022","AQS","360050133","1","0.8","ppb","0","PFIZER LAB SITE","24","100.0000","42401","Sulfur dioxide","35620","New York-Newark-Jersey City, NY-NJ-PA","36","New York","005","Bronx","40.8679","-73.87809"
"01/10/2022","AQS","360050133","1","0.9","ppb","0","PFIZER LAB SITE","21","88.0000","42401","Sulfur dioxide","35620","New York-Newark-Jersey City, NY-NJ-PA","36","New York","005","Bronx","40.8679","-73.87809"
"01/11/2022","AQS","360050133","1","1.4","ppb","1","PFIZER LAB SITE","24","100.0000","42401","Sulfur dioxide","35620","New York-Newark-Jersey City, NY-NJ-PA","36","New York","005","Bronx","40.8679","-73.87809"
"01/12/2022","AQS","360050133","1","4.3","ppb","6","PFIZER LAB SITE","24","100.0000","42401","Sulfur dioxide","35620","New York-Newark-Jersey City, NY-NJ-PA","36","New York","005","Bronx","40.8679","-73.87809"
"01/13/2022","AQS","360050133","1","4.3","ppb","6","PFIZER LAB SITE","24","100.0000","42401","Sulfur dioxide","35620","New York-Newark-Jersey City, NY-NJ-PA","36","New York","005","Bronx","40.8679","-73.87809"
"01/14/2022","AQS","360050133","1","2.8","ppb","3","PFIZER LAB SITE","24","100.0000","42401","Sulfur dioxide","35620","New York-Newark-Jersey City, NY-NJ-PA","36","New York","005","Bronx","40.8679","-73.87809"
"01/15/2022","AQS","360050133","1","2","ppb","3","PFIZER LAB SITE","24","100.0000","42401","Sulfur dioxide","35620","New York-Newark-Jersey City, NY-NJ-PA","36","New York","005","Bronx","40.8679","-73.87809"
"01/16/2022","AQS","360050133","1","3.6","ppb","4","PFIZER LAB SITE","24","100.0000","42401","Sulfur dioxide","35620","New York-Newark-Jersey City, NY-NJ-PA","36","New York","005","Bronx","40.8679","-73.87809"
"01/17/2022","AQS","360050133","1","0.6","ppb","0","PFIZER LAB SITE","24","100.0000","42401","Sulfur dioxide","35620","New York-Newark-Jersey City, NY-NJ-PA","36","New York","005","Bronx","40.8679","-73.87809"
"01/18/2022","AQS","360050133","1","1.2","ppb","1","PFIZER LAB SITE","21","88.0000","42401","Sulfur dioxide","35620","New York-Newark-Jersey City, NY-NJ-PA","36","New York","005","Bronx","40.8679","-73.87809"
"01/19/2022","AQS","360050133","1","1","ppb","1","PFIZER LAB SITE","24","100.0000","42401","Sulfur dioxide","35620","New York-Newark-Jersey City, NY-NJ-PA","36","New York","005","Bronx","40.8679","-73.87809"
"01/20/2022","AQS","360050133","1","1.3","ppb","1","PFIZER LAB SITE","24","100.0000","42401","Sulfur dioxide","35620","New York-Newark-Jersey City, NY-NJ-PA","36","New York","005","Bronx","40.8679","-73.87809"
"01/21/2022","AQS","360050133","1","1.6","ppb","1","PFIZER LAB SITE","24","100.0000","42401","Sulfur dioxide","35620","New York-Newark-Jersey City, NY-NJ-PA","36","New York","005","Bronx","40.8679","-73.87809"
"01/22/2022","AQS","360050133","1","1.8","ppb","1","PFIZER LAB SITE","24","100.0000","42401","Sulfur dioxide","35620","New York-Newark-Jersey City, NY-NJ-PA","36","New York","005","Bronx","40.8679","-73.87809"
"01/23/2022","AQS","360050133","1","2.9","ppb","3","PFIZER LAB SITE","24","100.0000","42401","Sulfur dioxide","35620","New York-Newark-Jersey City, NY-NJ-PA","36","New York","005","Bronx","40.8679","-73.87809"
"01/24/2022","AQS","360050133","1","2","ppb","3","PFIZER LAB SITE","21","88.0000","42401","Sulfur dioxide","35620","New York-Newark-Jersey City, NY-NJ-PA","36","New York","005","Bronx","40.8679","-73.87809"
"01/25/2022","AQS","360050133","1","1.5","ppb","1","PFIZER LAB SITE","24","100.0000","42401","Sulfur dioxide","35620","New York-Newark-Jersey City, NY-NJ-PA","36","New York","005","Bronx","40.8679","-73.87809"
"01/26/2022","AQS","360050133","1","2.5","ppb","3","PFIZER LAB SITE","24","100.0000","42401","Sulfur dioxide","35620","New York-Newark-Jersey City, NY-NJ-PA","36","New York","005","Bronx","40.8679","-73.87809"
"01/27/2022","AQS","360050133","1","3","ppb","4","PFIZER LAB SITE","24","100.0000","42401","Sulfur dioxide","35620","New York-Newark-Jersey City, NY-NJ-PA","36","New York","005","Bronx","40.8679","-73.87809"
"01/28/2022","AQS","360050133","1","1.8","ppb","1","PFIZER LAB SITE","24","100.0000","42401","Sulfur dioxide","35620","New York-Newark-Jersey City, NY-NJ-PA","36","New York","005","Bronx","40.8679","-73.87809"
"01/29/2022","AQS","360050133","1","2.3","ppb","3","PFIZER LAB SITE","24","100.0000","42401","Sulfur dioxide","35620","New York-Newark-Jersey City, NY-NJ-PA","36","New York","005","Bronx","40.8679","-73.87809"
"01/30/2022","AQS","360050133","1","1.9","ppb","1","PFIZER LAB SITE","24","100.0000","42401","Sulfur dioxide","35620","New York-Newark-Jersey City, NY-NJ-PA","36","New York","005","Bronx","40.8679","-73.87809"
"01/31/2022","AQS","360050133","1","6.6","ppb","9","PFIZER LAB SITE","21","88.0000","42401","Sulfur dioxide","35620","New York-Newark-Jersey City, NY-NJ-PA","36","New York","005","Bronx","40.8679","-73.87809"
"02/01/2022","AQS","360050133","1","2.5","ppb","3","PFIZER LAB SITE","24","100.0000","42401","Sulfur dioxide","35620","New York-Newark-Jersey City, NY-NJ-PA","36","New York","005","Bronx","40.8679","-73.87809"
"02/02/2022","AQS","360050133","1","0.8","ppb","0","PFIZER LAB SITE","24","100.0000","42401","Sulfur dioxide","35620","New York-Newark-Jersey City, NY-NJ-PA","36","New York","005","Bronx","40.8679","-73.87809"
"02/03/2022","AQS","360050133","1","0.8","ppb","0","PFIZER LAB SITE","24","100.0000","42401","Sulfur dioxide","35620","New York-Newark-Jersey City, NY-NJ-PA","36","New York","005","Bronx","40.8679","-73.87809"
"02/04/2022","AQS","360050133","1","1","ppb","1","PFIZER LAB SITE","24","100.0000","42401","Sulfur dioxide","35620","New York-Newark-Jersey City, NY-NJ-PA","36","New York","005","Bronx","40.8679","-73.87809"
"02/05/2022","AQS","360050133","1","1.1","ppb","1","PFIZER LAB SITE","24","100.0000","42401","Sulfur dioxide","35620","New York-Newark-Jersey City, NY-NJ-PA","36","New York","005","Bronx","40.8679","-73.87809"
"02/06/2022","AQS","360050133","1","1.5","ppb","1","PFIZER LAB SITE","24","100.0000","42401","Sulfur dioxide","35620","New York-Newark-Jersey City, NY-NJ-PA","36","New York","005","Bronx","40.8679","-73.87809"
"02/07/2022","AQS","360050133","1","0.4","ppb","0","PFIZER LAB SITE","21","88.0000","42401","Sulfur dioxide","35620","New York-Newark-Jersey City, NY-NJ-PA","36","New York","005","Bronx","40.8679","-73.87809"
"02/08/2022","AQS","360050133","1","0.7","ppb","0","PFIZER LAB SITE","24","100.0000","42401","Sulfur dioxide","35620","New York-Newark-Jersey City, NY-NJ-PA","36","New York","005","Bronx","40.8679","-73.87809"
"02/09/2022","AQS","360050133","1","2.2","ppb","3","PFIZER LAB SITE","24","100.0000","42401","Sulfur dioxide","35620","New York-Newark-Jersey City, NY-NJ-PA","36","New York","005","Bronx","40.8679","-73.87809"
"02/10/2022","AQS","360050133","1","1.5","ppb","1","PFIZER LAB SITE","24","100.0000","42401","Sulfur dioxide","35620","New York-Newark-Jersey City, NY-NJ-PA","36","New York","005","Bronx","40.8679","-73.87809"
"02/11/2022","AQS","360050133","1","2.8","ppb","3","PFIZER LAB SITE","24","100.0000","42401","Sulfur dioxide","35620","New York-Newark-Jersey City, NY-NJ-PA","36","New York","005","Bronx","40.8679","-73.87809"
"02/12/2022","AQS","360050133","1","0.9","ppb","0","PFIZER LAB SITE","24","100.0000","42401","Sulfur dioxide","35620","New York-Newark-Jersey City, NY-NJ-PA","36","New York","005","Bronx","40.8679","-73.87809"
"02/13/2022","AQS","360050133","1","1.1","ppb","1","PFIZER LAB SITE","24","100.0000","42401","Sulfur dioxide","35620","New York-Newark-Jersey City, NY-NJ-PA","36","New York","005","Bronx","40.8679","-73.87809"
"02/14/2022","AQS","360050133","1","1.4","ppb","1","PFIZER LAB SITE","21","88.0000","42401","Sulfur dioxide","35620","New York-Newark-Jersey City, NY-NJ-PA","36","New York","005","Bronx","40.8679","-73.87809"
"02/15/2022","AQS","360050133","1","1.6","ppb","1","PFIZER LAB SITE","24","100.0000","42401","Sulfur dioxide","35620","New York-Newark-Jersey City, NY-NJ-PA","36","New York","005","Bronx","40.8679","-73.87809"
"02/16/2022","AQS","360050133","1","2","ppb","3","PFIZER LAB SITE","24","100.0000","42401","Sulfur dioxide","35620","New York-Newark-Jersey City, NY-NJ-PA","36","New York","005","Bronx","40.8679","-73.87809"
"02/17/2022","AQS","360050133","1","0.6","ppb","0","PFIZER LAB SITE","24","100.0000","42401","Sulfur dioxide","35620","New York-Newark-Jersey City, NY-NJ-PA","36","New York","005","Bronx","40.8679","-73.87809"
"02/18/2022","AQS","360050133","1","0.8","ppb","0","PFIZER LAB SITE","24","100.0000","42401","Sulfur dioxide","35620","New York-Newark-Jersey City, NY-NJ-PA","36","New York","005","Bronx","40.8679","-73.87809"
"02/19/2022","AQS","360050133","1","0.9","ppb","0","PFIZER LAB SITE","24","100.0000","42401","Sulfur dioxide","35620","New York-Newark-Jersey City, NY-NJ-PA","36","New York","005","Bronx","40.8679","-73.87809"
"02/20/2022","AQS","360050133","1","1.2","ppb","1","PFIZER LAB SITE","24","100.0000","42401","Sulfur dioxide","35620","New York-Newark-Jersey City, NY-NJ-PA","36","New York","005","Bronx","40.8679","-73.87809"
"02/21/2022","AQS","360050133","1","1.5","ppb","1","PFIZER LAB SITE","24","100.0000","42401","Sulfur dioxide","35620","New York-Newark-Jersey City, NY-NJ-PA","36","New York","005","Bronx","40.8679","-73.87809"
"02/22/2022","AQS","360050133","1","0.5","ppb","0","PFIZER LAB SITE","22","92.0000","42401","Sulfur dioxide","35620","New York-Newark-Jersey City, NY-NJ-PA","36","New York","005","Bronx","40.8679","-73.87809"
"02/23/2022","AQS","360050133","1","0.7","ppb","0","PFIZER LAB SITE","24","100.0000","42401","Sulfur dioxide","35620","New York-Newark-Jersey City, NY-NJ-PA","36","New York","005","Bronx","40.8679","-73.87809"
"02/24/2022","AQS","360050133","1","1.2","ppb","1","PFIZER LAB SITE","24","100.0000","42401","Sulfur dioxide","35620","New York-Newark-Jersey City, NY-NJ-PA","36","New York","005","Bronx","40.8679","-73.87809"
"02/25/2022","AQS","360050133","1","0.8","ppb","0","PFIZER LAB SITE","24","100.0000","42401","Sulfur dioxide","35620","New York-Newark-Jersey City, NY-NJ-PA","36","New York","005","Bronx","40.8679","-73.87809"
"02/26/2022","AQS","360050133","1","1.3","ppb","1","PFIZER LAB SITE","24","100.0000","42401","Sulfur dioxide","35620","New York-Newark-Jersey City, NY-NJ-PA","36","New York","005","Bronx","40.8679","-73.87809"
"02/27/2022","AQS","360050133","1","1.2","ppb","1","PFIZER LAB SITE","24","100.0000","42401","Sulfur dioxide","35620","New York-Newark-Jersey City, NY-NJ-PA","36","New York","005","Bronx","40.8679","-73.87809"
"02/28/2022","AQS","360050133","1","0.9","ppb","0","PFIZER LAB SITE","22","92.0000","42401","Sulfur dioxide","35620","New York-Newark-Jersey City, NY-NJ-PA","36","New York","005","Bronx","40.8679","-73.87809"
"03/01/2022","AQS","360050133","1","2.2","ppb","3","PFIZER LAB SITE","24","100.0000","42401","Sulfur dioxide","35620","New York-Newark-Jersey City, NY-NJ-PA","36","New York","005","Bronx","40.8679","-73.87809"
"03/02/2022","AQS","360050133","1","0.8","ppb","0","PFIZER LAB SITE","24","100.0000","42401","Sulfur dioxide","35620","New York-Newark-Jersey City, NY-NJ-PA","36","New York","005","Bronx","40.8679","-73.87809"
"03/03/2022","AQS","360050133","1","0.7","ppb","0","PFIZER LAB SITE","24","100.0000","42401","Sulfur dioxide","35620","New York-Newark-Jersey City, NY-NJ-PA","36","New York","005","Bronx","40.8679","-73.87809"
"03/04/2022","AQS","360050133","1","1.2","ppb","1","PFIZER LAB SITE","24","100.0000","42401","Sulfur dioxide","35620","New York-Newark-Jersey City, NY-NJ-PA","36","New York","005","Bronx","40.8679","-73.87809"
"03/05/2022","AQS","360050133","1","1.9","ppb","1","PFIZER LAB SITE","24","100.0000","42401","Sulfur dioxide","35620","New York-Newark-Jersey City, NY-NJ-PA","36","New York","005","Bronx","40.8679","-73.87809"
"03/06/2022","AQS","360050133","1","1.3","ppb","1","PFIZER LAB SITE","24","100.0000","42401","Sulfur dioxide","35620","New York-Newark-Jersey City, NY-NJ-PA","36","New York","005","Bronx","40.8679","-73.87809"
"03/07/2022","AQS","360050133","1","1.1","ppb","1","PFIZER LAB SITE","22","92.0000","42401","Sulfur dioxide","35620","New York-Newark-Jersey City, NY-NJ-PA","36","New York","005","Bronx","40.8679","-73.87809"
"03/08/2022","AQS","360050133","1","1","ppb","1","PFIZER LAB SITE","24","100.0000","42401","Sulfur dioxide","35620","New York-Newark-Jersey City, NY-NJ-PA","36","New York","005","Bronx","40.8679","-73.87809"
"03/09/2022","AQS","360050133","1","1.5","ppb","1","PFIZER LAB SITE","24","100.0000","42401","Sulfur dioxide","35620","New York-Newark-Jersey City, NY-NJ-PA","36","New York","005","Bronx","40.8679","-73.87809"
"03/10/2022","AQS","360050133","1","1.3","ppb","1","PFIZER LAB SITE","24","100.0000","42401","Sulfur dioxide","35620","New York-Newark-Jersey City, NY-NJ-PA","36","New York","005","Bronx","40.8679","-73.87809"
"03/11/2022","AQS","360050133","1","3.2","ppb","4","PFIZER LAB SITE","24","100.0000","42401","Sulfur dioxide","35620","New York-Newark-Jersey City, NY-NJ-PA","36","New York","005","Bronx","40.8679","-73.87809"
"03/12/2022","AQS","360050133","1","0.7","ppb","0","PFIZER LAB SITE","24","100.0000","42401","Sulfur dioxide","35620","New York-Newark-Jersey City, NY-NJ-PA","36","New York","005","Bronx","40.8679","-73.87809"
"03/13/2022","AQS","360050133","1","1","ppb","1","PFIZER LAB SITE","24","100.0000","42401","Sulfur dioxide","35620","New York-Newark-Jersey City, NY-NJ-PA","36","New York","005","Bronx","40.8679","-73.87809"
"03/14/2022","AQS","360050133","1","1.8","ppb","1","PFIZER LAB SITE","22","92.0000","42401","Sulfur dioxide","35620","New York-Newark-Jersey City, NY-NJ-PA","36","New York","005","Bronx","40.8679","-73.87809"
"03/15/2022","AQS","360050133","1","1.3","ppb","1","PFIZER LAB SITE","24","100.0000","42401","Sulfur dioxide","35620","New York-Newark-Jersey City, NY-NJ-PA","36","New York","005","Bronx","40.8679","-73.87809"
"03/16/2022","AQS","360050133","1","2.1","ppb","3","PFIZER LAB SITE","24","100.0000","42401","Sulfur dioxide","35620","New York-Newark-Jersey City, NY-NJ-PA","36","New York","005","Bronx","40.8679","-73.87809"
"03/17/2022","AQS","360050133","1","0.4","ppb","0","PFIZER LAB SITE","24","100.0000","42401","Sulfur dioxide","35620","New York-Newark-Jersey City, NY-NJ-PA","36","New York","005","Bronx","40.8679","-73.87809"
"03/18/2022","AQS","360050133","1","0.8","ppb","0","PFIZER LAB SITE","24","100.0000","42401","Sulfur dioxide","35620","New York-Newark-Jersey City, NY-NJ-PA","36","New York","005","Bronx","40.8679","-73.87809"
"03/19/2022","AQS","360050133","1","0.6","ppb","0","PFIZER LAB SITE","24","100.0000","42401","Sulfur dioxide","35620","New York-Newark-Jersey City, NY-NJ-PA","36","New York","005","Bronx","40.8679","-73.87809"
"03/20/2022","AQS","360050133","1","0.6","ppb","0","PFIZER LAB SITE","24","100.0000","42401","Sulfur dioxide","35620","New York-Newark-Jersey City, NY-NJ-PA","36","New York","005","Bronx","40.8679","-73.87809"
"03/21/2022","AQS","360050133","1","1.4","ppb","1","PFIZER LAB SITE","21","88.0000","42401","Sulfur dioxide","35620","New York-Newark-Jersey City, NY-NJ-PA","36","New York","005","Bronx","40.8679","-73.87809"
"03/22/2022","AQS","360050133","1","1.7","ppb","1","PFIZER LAB SITE","24","100.0000","42401","Sulfur dioxide","35620","New York-Newark-Jersey City, NY-NJ-PA","36","New York","005","Bronx","40.8679","-73.87809"
"03/23/2022","AQS","360050133","1","2.4","ppb","3","PFIZER LAB SITE","24","100.0000","42401","Sulfur dioxide","35620","New York-Newark-Jersey City, NY-NJ-PA","36","New York","005","Bronx","40.8679","-73.87809"
"03/24/2022","AQS","360050133","1","0.3","ppb","0","PFIZER LAB SITE","24","100.0000","42401","Sulfur dioxide","35620","New York-Newark-Jersey City, NY-NJ-PA","36","New York","005","Bronx","40.8679","-73.87809"
"03/25/2022","AQS","360050133","1","1.2","ppb","1","PFIZER LAB SITE","24","100.0000","42401","Sulfur dioxide","35620","New York-Newark-Jersey City, NY-NJ-PA","36","New York","005","Bronx","40.8679","-73.87809"
"03/26/2022","AQS","360050133","1","1.1","ppb","1","PFIZER LAB SITE","24","100.0000","42401","Sulfur dioxide","35620","New York-Newark-Jersey City, NY-NJ-PA","36","New York","005","Bronx","40.8679","-73.87809"
"03/27/2022","AQS","360050133","1","1","ppb","1","PFIZER LAB SITE","24","100.0000","42401","Sulfur dioxide","35620","New York-Newark-Jersey City, NY-NJ-PA","36","New York","005","Bronx","40.8679","-73.87809"
"03/28/2022","AQS","360050133","1","0.9","ppb","0","PFIZER LAB SITE","22","92.0000","42401","Sulfur dioxide","35620","New York-Newark-Jersey City, NY-NJ-PA","36","New York","005","Bronx","40.8679","-73.87809"
"03/29/2022","AQS","360050133","1","1.3","ppb","1","PFIZER LAB SITE","24","100.0000","42401","Sulfur dioxide","35620","New York-Newark-Jersey City, NY-NJ-PA","36","New York","005","Bronx","40.8679","-73.87809"
"03/30/2022","AQS","360050133","1","2.4","ppb","3","PFIZER LAB SITE","24","100.0000","42401","Sulfur dioxide","35620","New York-Newark-Jersey City, NY-NJ-PA","36","New York","005","Bronx","40.8679","-73.87809"
"03/31/2022","AQS","360050133","1","0.8","ppb","0","PFIZER LAB SITE","24","100.0000","42401","Sulfur dioxide","35620","New York-Newark-Jersey City, NY-NJ-PA","36","New York","005","Bronx","40.8679","-73.87809"
"04/01/2022","AQS","360050133","1","0.6","ppb","0","PFIZER LAB SITE","24","100.0000","42401","Sulfur dioxide","35620","New York-Newark-Jersey City, NY-NJ-PA","36","New York","005","Bronx","40.8679","-73.87809"
"04/02/2022","AQS","360050133","1","0.8","ppb","0","PFIZER LAB SITE","24","100.0000","42401","Sulfur dioxide","35620","New York-Newark-Jersey City, NY-NJ-PA","36","New York","005","Bronx","40.8679","-73.87809"
"04/03/2022","AQS","360050133","1","0.8","ppb","0","PFIZER LAB SITE","24","100.0000","42401","Sulfur dioxide","35620","New York-Newark-Jersey City, NY-NJ-PA","36","New York","005","Bronx","40.8679","-73.87809"
"04/04/2022","AQS","360050133","1","1.3","ppb","1","PFIZER LAB SITE","21","88.0000","42401","Sulfur dioxide","35620","New York-Newark-Jersey City, NY-NJ-PA","36","New York","005","Bronx","40.8679","-73.87809"
"04/05/2022","AQS","360050133","1","1.6","ppb","1","PFIZER LAB SITE","24","100.0000","42401","Sulfur dioxide","35620","New York-Newark-Jersey City, NY-NJ-PA","36","New York","005","Bronx","40.8679","-73.87809"
"04/06/2022","AQS","360050133","1","0.4","ppb","0","PFIZER LAB SITE","24","100.0000","42401","Sulfur dioxide","35620","New York-Newark-Jersey City, NY-NJ-PA","36","New York","005","Bronx","40.8679","-73.87809"
"04/07/2022","AQS","360050133","1","0.3","ppb","0","PFIZER LAB SITE","24","100.0000","42401","Sulfur dioxide","35620","New York-Newark-Jersey City, NY-NJ-PA","36","New York","005","Bronx","40.8679","-73.87809"
"04/08/2022","AQS","360050133","1","1.1","ppb","1","PFIZER LAB SITE","24","100.0000","42401","Sulfur dioxide","35620","New York-Newark-Jersey City, NY-NJ-PA","36","New York","005","Bronx","40.8679","-73.87809"
"04/09/2022","AQS","360050133","1","0.9","ppb","0","PFIZER LAB SITE","24","100.0000","42401","Sulfur dioxide","35620","New York-Newark-Jersey City, NY-NJ-PA","36","New York","005","Bronx","40.8679","-73.87809"
"04/10/2022","AQS","360050133","1","1.1","ppb","1","PFIZER LAB SITE","24","100.0000","42401","Sulfur dioxide","35620","New York-Newark-Jersey City, NY-NJ-PA","36","New York","005","Bronx","40.8679","-73.87809"
"04/11/2022","AQS","360050133","1","1.1","ppb","1","PFIZER LAB SITE","22","92.0000","42401","Sulfur dioxide","35620","New York-Newark-Jersey City, NY-NJ-PA","36","New York","005","Bronx","40.8679","-73.87809"
"04/12/2022","AQS","360050133","1","1.6","ppb","1","PFIZER LAB SITE","24","100.0000","42401","Sulfur dioxide","35620","New York-Newark-Jersey City, NY-NJ-PA","36","New York","005","Bronx","40.8679","-73.87809"
"04/13/2022","AQS","360050133","1","3.2","ppb","4","PFIZER LAB SITE","24","100.0000","42401","Sulfur dioxide","35620","New York-Newark-Jersey City, NY-NJ-PA","36","New York","005","Bronx","40.8679","-73.87809"
"04/14/2022","AQS","360050133","1","1.6","ppb","1","PFIZER LAB SITE","24","100.0000","42401","Sulfur dioxide","35620","New York-Newark-Jersey City, NY-NJ-PA","36","New York","005","Bronx","40.8679","-73.87809"
"04/15/2022","AQS","360050133","1","1","ppb","1","PFIZER LAB SITE","24","100.0000","42401","Sulfur dioxide","35620","New York-Newark-Jersey City, NY-NJ-PA","36","New York","005","Bronx","40.8679","-73.87809"
"04/16/2022","AQS","360050133","1","0.7","ppb","0","PFIZER LAB SITE","24","100.0000","42401","Sulfur dioxide","35620","New York-Newark-Jersey City, NY-NJ-PA","36","New York","005","Bronx","40.8679","-73.87809"
"04/17/2022","AQS","360050133","1","0.9","ppb","0","PFIZER LAB SITE","24","100.0000","42401","Sulfur dioxide","35620","New York-Newark-Jersey City, NY-NJ-PA","36","New York","005","Bronx","40.8679","-73.87809"
"04/18/2022","AQS","360050133","1","1.7","ppb","1","PFIZER LAB SITE","21","88.0000","42401","Sulfur dioxide","35620","New York-Newark-Jersey City, NY-NJ-PA","36","New York","005","Bronx","40.8679","-73.87809"
"04/19/2022","AQS","360050133","1","0.7","ppb","0","PFIZER LAB SITE","24","100.0000","42401","Sulfur dioxide","35620","New York-Newark-Jersey City, NY-NJ-PA","36","New York","005","Bronx","40.8679","-73.87809"
"04/20/2022","AQS","360050133","1","1.1","ppb","1","PFIZER LAB SITE","24","100.0000","42401","Sulfur dioxide","35620","New York-Newark-Jersey City, NY-NJ-PA","36","New York","005","Bronx","40.8679","-73.87809"
"04/21/2022","AQS","360050133","1","1.3","ppb","1","PFIZER LAB SITE","19","79.0000","42401","Sulfur dioxide","35620","New York-Newark-Jersey City, NY-NJ-PA","36","New York","005","Bronx","40.8679","-73.87809"
"04/22/2022","AQS","360050133","1","1.2","ppb","1","PFIZER LAB SITE","24","100.0000","42401","Sulfur dioxide","35620","New York-Newark-Jersey City, NY-NJ-PA","36","New York","005","Bronx","40.8679","-73.87809"
"04/23/2022","AQS","360050133","1","0.5","ppb","0","PFIZER LAB SITE","24","100.0000","42401","Sulfur dioxide","35620","New York-Newark-Jersey City, NY-NJ-PA","36","New York","005","Bronx","40.8679","-73.87809"
"04/24/2022","AQS","360050133","1","0.5","ppb","0","PFIZER LAB SITE","24","100.0000","42401","Sulfur dioxide","35620","New York-Newark-Jersey City, NY-NJ-PA","36","New York","005","Bronx","40.8679","-73.87809"
"04/25/2022","AQS","360050133","1","0.2","ppb","0","PFIZER LAB SITE","22","92.0000","42401","Sulfur dioxide","35620","New York-Newark-Jersey City, NY-NJ-PA","36","New York","005","Bronx","40.8679","-73.87809"
"04/26/2022","AQS","360050133","1","0.7","ppb","0","PFIZER LAB SITE","24","100.0000","42401","Sulfur dioxide","35620","New York-Newark-Jersey City, NY-NJ-PA","36","New York","005","Bronx","40.8679","-73.87809"
"04/27/2022","AQS","360050133","1","0.5","ppb","0","PFIZER LAB SITE","24","100.0000","42401","Sulfur dioxide","35620","New York-Newark-Jersey City, NY-NJ-PA","36","New York","005","Bronx","40.8679","-73.87809"
"04/28/2022","AQS","360050133","1","0.8","ppb","0","PFIZER LAB SITE","24","100.0000","42401","Sulfur dioxide","35620","New York-Newark-Jersey City, NY-NJ-PA","36","New York","005","Bronx","40.8679","-73.87809"
"04/29/2022","AQS","360050133","1","1","ppb","1","PFIZER LAB SITE","24","100.0000","42401","Sulfur dioxide","35620","New York-Newark-Jersey City, NY-NJ-PA","36","New York","005","Bronx","40.8679","-73.87809"
"04/30/2022","AQS","360050133","1","1.2","ppb","1","PFIZER LAB SITE","24","100.0000","42401","Sulfur dioxide","35620","New York-Newark-Jersey City, NY-NJ-PA","36","New York","005","Bronx","40.8679","-73.87809"
"05/01/2022","AQS","360050133","1","0.8","ppb","0","PFIZER LAB SITE","24","100.0000","42401","Sulfur dioxide","35620","New York-Newark-Jersey City, NY-NJ-PA","36","New York","005","Bronx","40.8679","-73.87809"
"05/02/2022","AQS","360050133","1","0.8","ppb","0","PFIZER LAB SITE","21","88.0000","42401","Sulfur dioxide","35620","New York-Newark-Jersey City, NY-NJ-PA","36","New York","005","Bronx","40.8679","-73.87809"
"05/03/2022","AQS","360050133","1","0.4","ppb","0","PFIZER LAB SITE","24","100.0000","42401","Sulfur dioxide","35620","New York-Newark-Jersey City, NY-NJ-PA","36","New York","005","Bronx","40.8679","-73.87809"
"05/04/2022","AQS","360050133","1","0.5","ppb","0","PFIZER LAB SITE","24","100.0000","42401","Sulfur dioxide","35620","New York-Newark-Jersey City, NY-NJ-PA","36","New York","005","Bronx","40.8679","-73.87809"
"05/05/2022","AQS","360050133","1","0.7","ppb","0","PFIZER LAB SITE","24","100.0000","42401","Sulfur dioxide","35620","New York-Newark-Jersey City, NY-NJ-PA","36","New York","005","Bronx","40.8679","-73.87809"
"05/06/2022","AQS","360050133","1","0.3","ppb","0","PFIZER LAB SITE","24","100.0000","42401","Sulfur dioxide","35620","New York-Newark-Jersey City, NY-NJ-PA","36","New York","005","Bronx","40.8679","-73.87809"
"05/07/2022","AQS","360050133","1","0.1","ppb","0","PFIZER LAB SITE","24","100.0000","42401","Sulfur dioxide","35620","New York-Newark-Jersey City, NY-NJ-PA","36","New York","005","Bronx","40.8679","-73.87809"
"05/08/2022","AQS","360050133","1","0.4","ppb","0","PFIZER LAB SITE","24","100.0000","42401","Sulfur dioxide","35620","New York-Newark-Jersey City, NY-NJ-PA","36","New York","005","Bronx","40.8679","-73.87809"
"05/09/2022","AQS","360050133","1","0.7","ppb","0","PFIZER LAB SITE","21","88.0000","42401","Sulfur dioxide","35620","New York-Newark-Jersey City, NY-NJ-PA","36","New York","005","Bronx","40.8679","-73.87809"
"05/10/2022","AQS","360050133","1","0.2","ppb","0","PFIZER LAB SITE","24","100.0000","42401","Sulfur dioxide","35620","New York-Newark-Jersey City, NY-NJ-PA","36","New York","005","Bronx","40.8679","-73.87809"
"05/11/2022","AQS","360050133","1","1.3","ppb","1","PFIZER LAB SITE","24","100.0000","42401","Sulfur dioxide","35620","New York-Newark-Jersey City, NY-NJ-PA","36","New York","005","Bronx","40.8679","-73.87809"
"05/12/2022","AQS","360050133","1","0.4","ppb","0","PFIZER LAB SITE","24","100.0000","42401","Sulfur dioxide","35620","New York-Newark-Jersey City, NY-NJ-PA","36","New York","005","Bronx","40.8679","-73.87809"
"05/13/2022","AQS","360050133","1","0.5","ppb","0","PFIZER LAB SITE","21","88.0000","42401","Sulfur dioxide","35620","New York-Newark-Jersey City, NY-NJ-PA","36","New York","005","Bronx","40.8679","-73.87809"
"05/14/2022","AQS","360050133","1","0.3","ppb","0","PFIZER LAB SITE","24","100.0000","42401","Sulfur dioxide","35620","New York-Newark-Jersey City, NY-NJ-PA","36","New York","005","Bronx","40.8679","-73.87809"
"05/15/2022","AQS","360050133","1","0.9","ppb","0","PFIZER LAB SITE","24","100.0000","42401","Sulfur dioxide","35620","New York-Newark-Jersey City, NY-NJ-PA","36","New York","005","Bronx","40.8679","-73.87809"
"05/16/2022","AQS","360050133","1","1.2","ppb","1","PFIZER LAB SITE","22","92.0000","42401","Sulfur dioxide","35620","New York-Newark-Jersey City, NY-NJ-PA","36","New York","005","Bronx","40.8679","-73.87809"
"05/17/2022","AQS","360050133","1","0.8","ppb","0","PFIZER LAB SITE","24","100.0000","42401","Sulfur dioxide","35620","New York-Newark-Jersey City, NY-NJ-PA","36","New York","005","Bronx","40.8679","-73.87809"
"05/18/2022","AQS","360050133","1","0.9","ppb","0","PFIZER LAB SITE","24","100.0000","42401","Sulfur dioxide","35620","New York-Newark-Jersey City, NY-NJ-PA","36","New York","005","Bronx","40.8679","-73.87809"
"05/19/2022","AQS","360050133","1","0.4","ppb","0","PFIZER LAB SITE","24","100.0000","42401","Sulfur dioxide","35620","New York-Newark-Jersey City, NY-NJ-PA","36","New York","005","Bronx","40.8679","-73.87809"
"05/20/2022","AQS","360050133","1","0.5","ppb","0","PFIZER LAB SITE","24","100.0000","42401","Sulfur dioxide","35620","New York-Newark-Jersey City, NY-NJ-PA","36","New York","005","Bronx","40.8679","-73.87809"
"05/21/2022","AQS","360050133","1","0.9","ppb","0","PFIZER LAB SITE","24","100.0000","42401","Sulfur dioxide","35620","New York-Newark-Jersey City, NY-NJ-PA","36","New York","005","Bronx","40.8679","-73.87809"
"05/22/2022","AQS","360050133","1","1.3","ppb","1","PFIZER LAB SITE","24","100.0000","42401","Sulfur dioxide","35620","New York-Newark-Jersey City, NY-NJ-PA","36","New York","005","Bronx","40.8679","-73.87809"
"05/23/2022","AQS","360050133","1","0.4","ppb","0","PFIZER LAB SITE","22","92.0000","42401","Sulfur dioxide","35620","New York-Newark-Jersey City, NY-NJ-PA","36","New York","005","Bronx","40.8679","-73.87809"
"05/24/2022","AQS","360050133","1","1.2","ppb","1","PFIZER LAB SITE","24","100.0000","42401","Sulfur dioxide","35620","New York-Newark-Jersey City, NY-NJ-PA","36","New York","005","Bronx","40.8679","-73.87809"
"05/25/2022","AQS","360050133","1","1.1","ppb","1","PFIZER LAB SITE","24","100.0000","42401","Sulfur dioxide","35620","New York-Newark-Jersey City, NY-NJ-PA","36","New York","005","Bronx","40.8679","-73.87809"
"05/26/2022","AQS","360050133","1","1.4","ppb","1","PFIZER LAB SITE","24","100.0000","42401","Sulfur dioxide","35620","New York-Newark-Jersey City, NY-NJ-PA","36","New York","005","Bronx","40.8679","-73.87809"
"05/27/2022","AQS","360050133","1","0.8","ppb","0","PFIZER LAB SITE","24","100.0000","42401","Sulfur dioxide","35620","New York-Newark-Jersey City, NY-NJ-PA","36","New York","005","Bronx","40.8679","-73.87809"
"05/28/2022","AQS","360050133","1","0.6","ppb","0","PFIZER LAB SITE","24","100.0000","42401","Sulfur dioxide","35620","New York-Newark-Jersey City, NY-NJ-PA","36","New York","005","Bronx","40.8679","-73.87809"
"05/29/2022","AQS","360050133","1","0.6","ppb","0","PFIZER LAB SITE","24","100.0000","42401","Sulfur dioxide","35620","New York-Newark-Jersey City, NY-NJ-PA","36","New York","005","Bronx","40.8679","-73.87809"
"05/30/2022","AQS","360050133","1","1","ppb","1","PFIZER LAB SITE","24","100.0000","42401","Sulfur dioxide","35620","New York-Newark-Jersey City, NY-NJ-PA","36","New York","005","Bronx","40.8679","-73.87809"
"05/31/2022","AQS","360050133","1","0.8","ppb","0","PFIZER LAB SITE","22","92.0000","42401","Sulfur dioxide","35620","New York-Newark-Jersey City, NY-NJ-PA","36","New York","005","Bronx","40.8679","-73.87809"
"06/01/2022","AQS","360050133","1","0.7","ppb","0","PFIZER LAB SITE","24","100.0000","42401","Sulfur dioxide","35620","New York-Newark-Jersey City, NY-NJ-PA","36","New York","005","Bronx","40.8679","-73.87809"
"06/02/2022","AQS","360050133","1","0.6","ppb","0","PFIZER LAB SITE","24","100.0000","42401","Sulfur dioxide","35620","New York-Newark-Jersey City, NY-NJ-PA","36","New York","005","Bronx","40.8679","-73.87809"
"06/03/2022","AQS","360050133","1","1.2","ppb","1","PFIZER LAB SITE","24","100.0000","42401","Sulfur dioxide","35620","New York-Newark-Jersey City, NY-NJ-PA","36","New York","005","Bronx","40.8679","-73.87809"
"06/04/2022","AQS","360050133","1","1.1","ppb","1","PFIZER LAB SITE","24","100.0000","42401","Sulfur dioxide","35620","New York-Newark-Jersey City, NY-NJ-PA","36","New York","005","Bronx","40.8679","-73.87809"
"06/05/2022","AQS","360050133","1","0.8","ppb","0","PFIZER LAB SITE","24","100.0000","42401","Sulfur dioxide","35620","New York-Newark-Jersey City, NY-NJ-PA","36","New York","005","Bronx","40.8679","-73.87809"
"06/06/2022","AQS","360050133","1","1.3","ppb","1","PFIZER LAB SITE","21","88.0000","42401","Sulfur dioxide","35620","New York-Newark-Jersey City, NY-NJ-PA","36","New York","005","Bronx","40.8679","-73.87809"
"06/07/2022","AQS","360050133","1","0.5","ppb","0","PFIZER LAB SITE","24","100.0000","42401","Sulfur dioxide","35620","New York-Newark-Jersey City, NY-NJ-PA","36","New York","005","Bronx","40.8679","-73.87809"
"06/08/2022","AQS","360050133","1","0.4","ppb","0","PFIZER LAB SITE","24","100.0000","42401","Sulfur dioxide","35620","New York-Newark-Jersey City, NY-NJ-PA","36","New York","005","Bronx","40.8679","-73.87809"
"06/09/2022","AQS","360050133","1","0.3","ppb","0","PFIZER LAB SITE","24","100.0000","42401","Sulfur dioxide","35620","New York-Newark-Jersey City, NY-NJ-PA","36","New York","005","Bronx","40.8679","-73.87809"
"06/10/2022","AQS","360050133","1","0.4","ppb","0","PFIZER LAB SITE","24","100.0000","42401","Sulfur dioxide","35620","New York-Newark-Jersey City, NY-NJ-PA","36","New York","005","Bronx","40.8679","-73.87809"
"06/11/2022","AQS","360050133","1","0.7","ppb","0","PFIZER LAB SITE","24","100.0000","42401","Sulfur dioxide","35620","New York-Newark-Jersey City, NY-NJ-PA","36","New York","005","Bronx","40.8679","-73.87809"
"06/12/2022","AQS","360050133","1","0.8","ppb","0","PFIZER LAB SITE","24","100.0000","42401","Sulfur dioxide","35620","New York-Newark-Jersey City, NY-NJ-PA","36","New York","005","Bronx","40.8679","-73.87809"
"06/13/2022","AQS","360050133","1","0.9","ppb","0","PFIZER LAB SITE","21","88.0000","42401","Sulfur dioxide","35620","New York-Newark-Jersey City, NY-NJ-PA","36","New York","005","Bronx","40.8679","-73.87809"
"06/14/2022","AQS","360050133","1","1.2","ppb","1","PFIZER LAB SITE","24","100.0000","42401","Sulfur dioxide","35620","New York-Newark-Jersey City, NY-NJ-PA","36","New York","005","Bronx","40.8679","-73.87809"
"06/15/2022","AQS","360050133","1","0.8","ppb","0","PFIZER LAB SITE","24","100.0000","42401","Sulfur dioxide","35620","New York-Newark-Jersey City, NY-NJ-PA","36","New York","005","Bronx","40.8679","-73.87809"
"06/16/2022","AQS","360050133","1","0.8","ppb","0","PFIZER LAB SITE","23","96.0000","42401","Sulfur dioxide","35620","New York-Newark-Jersey City, NY-NJ-PA","36","New York","005","Bronx","40.8679","-73.87809"
"06/17/2022","AQS","360050133","1","0.8","ppb","0","PFIZER LAB SITE","24","100.0000","42401","Sulfur dioxide","35620","New York-Newark-Jersey City, NY-NJ-PA","36","New York","005","Bronx","40.8679","-73.87809"
"06/18/2022","AQS","360050133","1","0.6","ppb","0","PFIZER LAB SITE","24","100.0000","42401","Sulfur dioxide","35620","New York-Newark-Jersey City, NY-NJ-PA","36","New York","005","Bronx","40.8679","-73.87809"
"06/19/2022","AQS","360050133","1","0.6","ppb","0","PFIZER LAB SITE","24","100.0000","42401","Sulfur dioxide","35620","New York-Newark-Jersey City, NY-NJ-PA","36","New York","005","Bronx","40.8679","-73.87809"
"06/20/2022","AQS","360050133","1","0.9","ppb","0","PFIZER LAB SITE","24","100.0000","42401","Sulfur dioxide","35620","New York-Newark-Jersey City, NY-NJ-PA","36","New York","005","Bronx","40.8679","-73.87809"
"06/21/2022","AQS","360050133","1","0.9","ppb","0","PFIZER LAB SITE","22","92.0000","42401","Sulfur dioxide","35620","New York-Newark-Jersey City, NY-NJ-PA","36","New York","005","Bronx","40.8679","-73.87809"
"06/22/2022","AQS","360050133","1","0.1","ppb","0","PFIZER LAB SITE","24","100.0000","42401","Sulfur dioxide","35620","New York-Newark-Jersey City, NY-NJ-PA","36","New York","005","Bronx","40.8679","-73.87809"
"06/23/2022","AQS","360050133","1","0.5","ppb","0","PFIZER LAB SITE","24","100.0000","42401","Sulfur dioxide","35620","New York-Newark-Jersey City, NY-NJ-PA","36","New York","005","Bronx","40.8679","-73.87809"
"06/24/2022","AQS","360050133","1","0.5","ppb","0","PFIZER LAB SITE","24","100.0000","42401","Sulfur dioxide","35620","New York-Newark-Jersey City, NY-NJ-PA","36","New York","005","Bronx","40.8679","-73.87809"
"06/25/2022","AQS","360050133","1","0.4","ppb","0","PFIZER LAB SITE","24","100.0000","42401","Sulfur dioxide","35620","New York-Newark-Jersey City, NY-NJ-PA","36","New York","005","Bronx","40.8679","-73.87809"
"06/26/2022","AQS","360050133","1","0.4","ppb","0","PFIZER LAB SITE","24","100.0000","42401","Sulfur dioxide","35620","New York-Newark-Jersey City, NY-NJ-PA","36","New York","005","Bronx","40.8679","-73.87809"
"06/27/2022","AQS","360050133","1","0.6","ppb","0","PFIZER LAB SITE","22","92.0000","42401","Sulfur dioxide","35620","New York-Newark-Jersey City, NY-NJ-PA","36","New York","005","Bronx","40.8679","-73.87809"
"06/28/2022","AQS","360050133","1","0.6","ppb","0","PFIZER LAB SITE","24","100.0000","42401","Sulfur dioxide","35620","New York-Newark-Jersey City, NY-NJ-PA","36","New York","005","Bronx","40.8679","-73.87809"
"06/29/2022","AQS","360050133","1","1.2","ppb","1","PFIZER LAB SITE","24","100.0000","42401","Sulfur dioxide","35620","New York-Newark-Jersey City, NY-NJ-PA","36","New York","005","Bronx","40.8679","-73.87809"
"06/30/2022","AQS","360050133","1","0.7","ppb","0","PFIZER LAB SITE","24","100.0000","42401","Sulfur dioxide","35620","New York-Newark-Jersey City, NY-NJ-PA","36","New York","005","Bronx","40.8679","-73.87809"
"07/01/2022","AQS","360050133","1","0.6","ppb","0","PFIZER LAB SITE","24","100.0000","42401","Sulfur dioxide","35620","New York-Newark-Jersey City, NY-NJ-PA","36","New York","005","Bronx","40.8679","-73.87809"
"07/02/2022","AQS","360050133","1","0.5","ppb","0","PFIZER LAB SITE","24","100.0000","42401","Sulfur dioxide","35620","New York-Newark-Jersey City, NY-NJ-PA","36","New York","005","Bronx","40.8679","-73.87809"
"07/03/2022","AQS","360050133","1","0.7","ppb","0","PFIZER LAB SITE","24","100.0000","42401","Sulfur dioxide","35620","New York-Newark-Jersey City, NY-NJ-PA","36","New York","005","Bronx","40.8679","-73.87809"
"07/04/2022","AQS","360050133","1","4","ppb","6","PFIZER LAB SITE","24","100.0000","42401","Sulfur dioxide","35620","New York-Newark-Jersey City, NY-NJ-PA","36","New York","005","Bronx","40.8679","-73.87809"
"07/05/2022","AQS","360050133","1","1.7","ppb","1","PFIZER LAB SITE","22","92.0000","42401","Sulfur dioxide","35620","New York-Newark-Jersey City, NY-NJ-PA","36","New York","005","Bronx","40.8679","-73.87809"
"07/06/2022","AQS","360050133","1","0.7","ppb","0","PFIZER LAB SITE","24","100.0000","42401","Sulfur dioxide","35620","New York-Newark-Jersey City, NY-NJ-PA","36","New York","005","Bronx","40.8679","-73.87809"
"07/07/2022","AQS","360050133","1","0.5","ppb","0","PFIZER LAB SITE","24","100.0000","42401","Sulfur dioxide","35620","New York-Newark-Jersey City, NY-NJ-PA","36","New York","005","Bronx","40.8679","-73.87809"
"07/08/2022","AQS","360050133","1","0.7","ppb","0","PFIZER LAB SITE","24","100.0000","42401","Sulfur dioxide","35620","New York-Newark-Jersey City, NY-NJ-PA","36","New York","005","Bronx","40.8679","-73.87809"
"07/09/2022","AQS","360050133","1","0.5","ppb","0","PFIZER LAB SITE","24","100.0000","42401","Sulfur dioxide","35620","New York-Newark-Jersey City, NY-NJ-PA","36","New York","005","Bronx","40.8679","-73.87809"
"07/10/2022","AQS","360050133","1","0.4","ppb","0","PFIZER LAB SITE","24","100.0000","42401","Sulfur dioxide","35620","New York-Newark-Jersey City, NY-NJ-PA","36","New York","005","Bronx","40.8679","-73.87809"
"07/11/2022","AQS","360050133","1","0.7","ppb","0","PFIZER LAB SITE","22","92.0000","42401","Sulfur dioxide","35620","New York-Newark-Jersey City, NY-NJ-PA","36","New York","005","Bronx","40.8679","-73.87809"
"07/12/2022","AQS","360050133","1","0.6","ppb","0","PFIZER LAB SITE","24","100.0000","42401","Sulfur dioxide","35620","New York-Newark-Jersey City, NY-NJ-PA","36","New York","005","Bronx","40.8679","-73.87809"
"07/13/2022","AQS","360050133","1","0.5","ppb","0","PFIZER LAB SITE","24","100.0000","42401","Sulfur dioxide","35620","New York-Newark-Jersey City, NY-NJ-PA","36","New York","005","Bronx","40.8679","-73.87809"
"07/14/2022","AQS","360050133","1","1.1","ppb","1","PFIZER LAB SITE","24","100.0000","42401","Sulfur dioxide","35620","New York-Newark-Jersey City, NY-NJ-PA","36","New York","005","Bronx","40.8679","-73.87809"
"07/15/2022","AQS","360050133","1","1","ppb","1","PFIZER LAB SITE","24","100.0000","42401","Sulfur dioxide","35620","New York-Newark-Jersey City, NY-NJ-PA","36","New York","005","Bronx","40.8679","-73.87809"
"07/16/2022","AQS","360050133","1","0.4","ppb","0","PFIZER LAB SITE","24","100.0000","42401","Sulfur dioxide","35620","New York-Newark-Jersey City, NY-NJ-PA","36","New York","005","Bronx","40.8679","-73.87809"
"07/17/2022","AQS","360050133","1","0.8","ppb","0","PFIZER LAB SITE","24","100.0000","42401","Sulfur dioxide","35620","New York-Newark-Jersey City, NY-NJ-PA","36","New York","005","Bronx","40.8679","-73.87809"
"07/18/2022","AQS","360050133","1","0.7","ppb","0","PFIZER LAB SITE","21","88.0000","42401","Sulfur dioxide","35620","New York-Newark-Jersey City, NY-NJ-PA","36","New York","005","Bronx","40.8679","-73.87809"
"07/19/2022","AQS","360050133","1","0.6","ppb","0","PFIZER LAB SITE","24","100.0000","42401","Sulfur dioxide","35620","New York-Newark-Jersey City, NY-NJ-PA","36","New York","005","Bronx","40.8679","-73.87809"
"07/20/2022","AQS","360050133","1","0.9","ppb","0","PFIZER LAB SITE","24","100.0000","42401","Sulfur dioxide","35620","New York-Newark-Jersey City, NY-NJ-PA","36","New York","005","Bronx","40.8679","-73.87809"
"07/21/2022","AQS","360050133","1","0.8","ppb","0","PFIZER LAB SITE","24","100.0000","42401","Sulfur dioxide","35620","New York-Newark-Jersey City, NY-NJ-PA","36","New York","005","Bronx","40.8679","-73.87809"
"07/22/2022","AQS","360050133","1","0.6","ppb","0","PFIZER LAB SITE","24","100.0000","42401","Sulfur dioxide","35620","New York-Newark-Jersey City, NY-NJ-PA","36","New York","005","Bronx","40.8679","-73.87809"
"07/23/2022","AQS","360050133","1","1","ppb","1","PFIZER LAB SITE","24","100.0000","42401","Sulfur dioxide","35620","New York-Newark-Jersey City, NY-NJ-PA","36","New York","005","Bronx","40.8679","-73.87809"
"07/24/2022","AQS","360050133","1","0.8","ppb","0","PFIZER LAB SITE","24","100.0000","42401","Sulfur dioxide","35620","New York-Newark-Jersey City, NY-NJ-PA","36","New York","005","Bronx","40.8679","-73.87809"
"07/25/2022","AQS","360050133","1","0.5","ppb","0","PFIZER LAB SITE","22","92.0000","42401","Sulfur dioxide","35620","New York-Newark-Jersey City, NY-NJ-PA","36","New York","005","Bronx","40.8679","-73.87809"
"07/26/2022","AQS","360050133","1","0.3","ppb","0","PFIZER LAB SITE","24","100.0000","42401","Sulfur dioxide","35620","New York-Newark-Jersey City, NY-NJ-PA","36","New York","005","Bronx","40.8679","-73.87809"
"07/27/2022","AQS","360050133","1","1.4","ppb","1","PFIZER LAB SITE","24","100.0000","42401","Sulfur dioxide","35620","New York-Newark-Jersey City, NY-NJ-PA","36","New York","005","Bronx","40.8679","-73.87809"
"07/28/2022","AQS","360050133","1","0.7","ppb","0","PFIZER LAB SITE","24","100.0000","42401","Sulfur dioxide","35620","New York-Newark-Jersey City, NY-NJ-PA","36","New York","005","Bronx","40.8679","-73.87809"
"07/29/2022","AQS","360050133","1","0.5","ppb","0","PFIZER LAB SITE","24","100.0000","42401","Sulfur dioxide","35620","New York-Newark-Jersey City, NY-NJ-PA","36","New York","005","Bronx","40.8679","-73.87809"
"07/30/2022","AQS","360050133","1","0.8","ppb","0","PFIZER LAB SITE","24","100.0000","42401","Sulfur dioxide","35620","New York-Newark-Jersey City, NY-NJ-PA","36","New York","005","Bronx","40.8679","-73.87809"
"07/31/2022","AQS","360050133","1","0.6","ppb","0","PFIZER LAB SITE","24","100.0000","42401","Sulfur dioxide","35620","New York-Newark-Jersey City, NY-NJ-PA","36","New York","005","Bronx","40.8679","-73.87809"
"08/01/2022","AQS","360050133","1","0.3","ppb","0","PFIZER LAB SITE","22","92.0000","42401","Sulfur dioxide","35620","New York-Newark-Jersey City, NY-NJ-PA","36","New York","005","Bronx","40.8679","-73.87809"
"08/02/2022","AQS","360050133","1","0.5","ppb","0","PFIZER LAB SITE","24","100.0000","42401","Sulfur dioxide","35620","New York-Newark-Jersey City, NY-NJ-PA","36","New York","005","Bronx","40.8679","-73.87809"
"08/03/2022","AQS","360050133","1","0.4","ppb","0","PFIZER LAB SITE","24","100.0000","42401","Sulfur dioxide","35620","New York-Newark-Jersey City, NY-NJ-PA","36","New York","005","Bronx","40.8679","-73.87809"
"08/04/2022","AQS","360050133","1","1","ppb","1","PFIZER LAB SITE","24","100.0000","42401","Sulfur dioxide","35620","New York-Newark-Jersey City, NY-NJ-PA","36","New York","005","Bronx","40.8679","-73.87809"
"08/05/2022","AQS","360050133","1","1","ppb","1","PFIZER LAB SITE","24","100.0000","42401","Sulfur dioxide","35620","New York-Newark-Jersey City, NY-NJ-PA","36","New York","005","Bronx","40.8679","-73.87809"
"08/06/2022","AQS","360050133","1","0.4","ppb","0","PFIZER LAB SITE","24","100.0000","42401","Sulfur dioxide","35620","New York-Newark-Jersey City, NY-NJ-PA","36","New York","005","Bronx","40.8679","-73.87809"
"08/07/2022","AQS","360050133","1","0.4","ppb","0","PFIZER LAB SITE","24","100.0000","42401","Sulfur dioxide","35620","New York-Newark-Jersey City, NY-NJ-PA","36","New York","005","Bronx","40.8679","-73.87809"
"08/08/2022","AQS","360050133","1","0.5","ppb","0","PFIZER LAB SITE","21","88.0000","42401","Sulfur dioxide","35620","New York-Newark-Jersey City, NY-NJ-PA","36","New York","005","Bronx","40.8679","-73.87809"
"08/09/2022","AQS","360050133","1","0.5","ppb","0","PFIZER LAB SITE","24","100.0000","42401","Sulfur dioxide","35620","New York-Newark-Jersey City, NY-NJ-PA","36","New York","005","Bronx","40.8679","-73.87809"
"08/10/2022","AQS","360050133","1","0.8","ppb","0","PFIZER LAB SITE","24","100.0000","42401","Sulfur dioxide","35620","New York-Newark-Jersey City, NY-NJ-PA","36","New York","005","Bronx","40.8679","-73.87809"
"08/11/2022","AQS","360050133","1","0.7","ppb","0","PFIZER LAB SITE","21","88.0000","42401","Sulfur dioxide","35620","New York-Newark-Jersey City, NY-NJ-PA","36","New York","005","Bronx","40.8679","-73.87809"
"08/12/2022","AQS","360050133","1","0.3","ppb","0","PFIZER LAB SITE","24","100.0000","42401","Sulfur dioxide","35620","New York-Newark-Jersey City, NY-NJ-PA","36","New York","005","Bronx","40.8679","-73.87809"
"08/13/2022","AQS","360050133","1","0.4","ppb","0","PFIZER LAB SITE","24","100.0000","42401","Sulfur dioxide","35620","New York-Newark-Jersey City, NY-NJ-PA","36","New York","005","Bronx","40.8679","-73.87809"
"08/14/2022","AQS","360050133","1","1.2","ppb","1","PFIZER LAB SITE","24","100.0000","42401","Sulfur dioxide","35620","New York-Newark-Jersey City, NY-NJ-PA","36","New York","005","Bronx","40.8679","-73.87809"
"08/15/2022","AQS","360050133","1","0.7","ppb","0","PFIZER LAB SITE","21","88.0000","42401","Sulfur dioxide","35620","New York-Newark-Jersey City, NY-NJ-PA","36","New York","005","Bronx","40.8679","-73.87809"
"08/16/2022","AQS","360050133","1","0.7","ppb","0","PFIZER LAB SITE","24","100.0000","42401","Sulfur dioxide","35620","New York-Newark-Jersey City, NY-NJ-PA","36","New York","005","Bronx","40.8679","-73.87809"
"08/17/2022","AQS","360050133","1","0.4","ppb","0","PFIZER LAB SITE","24","100.0000","42401","Sulfur dioxide","35620","New York-Newark-Jersey City, NY-NJ-PA","36","New York","005","Bronx","40.8679","-73.87809"
"08/18/2022","AQS","360050133","1","0.6","ppb","0","PFIZER LAB SITE","24","100.0000","42401","Sulfur dioxide","35620","New York-Newark-Jersey City, NY-NJ-PA","36","New York","005","Bronx","40.8679","-73.87809"
"08/19/2022","AQS","360050133","1","0.5","ppb","0","PFIZER LAB SITE","24","100.0000","42401","Sulfur dioxide","35620","New York-Newark-Jersey City, NY-NJ-PA","36","New York","005","Bronx","40.8679","-73.87809"
"08/20/2022","AQS","360050133","1","0.9","ppb","0","PFIZER LAB SITE","24","100.0000","42401","Sulfur dioxide","35620","New York-Newark-Jersey City, NY-NJ-PA","36","New York","005","Bronx","40.8679","-73.87809"
"08/21/2022","AQS","360050133","1","0.3","ppb","0","PFIZER LAB SITE","24","100.0000","42401","Sulfur dioxide","35620","New York-Newark-Jersey City, NY-NJ-PA","36","New York","005","Bronx","40.8679","-73.87809"
"08/22/2022","AQS","360050133","1","0.2","ppb","0","PFIZER LAB SITE","21","88.0000","42401","Sulfur dioxide","35620","New York-Newark-Jersey City, NY-NJ-PA","36","New York","005","Bronx","40.8679","-73.87809"
"08/23/2022","AQS","360050133","1","0.3","ppb","0","PFIZER LAB SITE","24","100.0000","42401","Sulfur dioxide","35620","New York-Newark-Jersey City, NY-NJ-PA","36","New York","005","Bronx","40.8679","-73.87809"
"08/24/2022","AQS","360050133","1","0.4","ppb","0","PFIZER LAB SITE","24","100.0000","42401","Sulfur dioxide","35620","New York-Newark-Jersey City, NY-NJ-PA","36","New York","005","Bronx","40.8679","-73.87809"
"08/25/2022","AQS","360050133","1","0.4","ppb","0","PFIZER LAB SITE","24","100.0000","42401","Sulfur dioxide","35620","New York-Newark-Jersey City, NY-NJ-PA","36","New York","005","Bronx","40.8679","-73.87809"
"08/26/2022","AQS","360050133","1","1","ppb","1","PFIZER LAB SITE","24","100.0000","42401","Sulfur dioxide","35620","New York-Newark-Jersey City, NY-NJ-PA","36","New York","005","Bronx","40.8679","-73.87809"
"08/27/2022","AQS","360050133","1","0.8","ppb","0","PFIZER LAB SITE","24","100.0000","42401","Sulfur dioxide","35620","New York-Newark-Jersey City, NY-NJ-PA","36","New York","005","Bronx","40.8679","-73.87809"
"08/28/2022","AQS","360050133","1","0.6","ppb","0","PFIZER LAB SITE","24","100.0000","42401","Sulfur dioxide","35620","New York-Newark-Jersey City, NY-NJ-PA","36","New York","005","Bronx","40.8679","-73.87809"
"08/29/2022","AQS","360050133","1","0.8","ppb","0","PFIZER LAB SITE","21","88.0000","42401","Sulfur dioxide","35620","New York-Newark-Jersey City, NY-NJ-PA","36","New York","005","Bronx","40.8679","-73.87809"
"08/30/2022","AQS","360050133","1","0.5","ppb","0","PFIZER LAB SITE","24","100.0000","42401","Sulfur dioxide","35620","New York-Newark-Jersey City, NY-NJ-PA","36","New York","005","Bronx","40.8679","-73.87809"
"08/31/2022","AQS","360050133","1","0.4","ppb","0","PFIZER LAB SITE","24","100.0000","42401","Sulfur dioxide","35620","New York-Newark-Jersey City, NY-NJ-PA","36","New York","005","Bronx","40.8679","-73.87809"
"09/01/2022","AQS","360050133","1","0.9","ppb","0","PFIZER LAB SITE","24","100.0000","42401","Sulfur dioxide","35620","New York-Newark-Jersey City, NY-NJ-PA","36","New York","005","Bronx","40.8679","-73.87809"
"09/02/2022","AQS","360050133","1","0.5","ppb","0","PFIZER LAB SITE","24","100.0000","42401","Sulfur dioxide","35620","New York-Newark-Jersey City, NY-NJ-PA","36","New York","005","Bronx","40.8679","-73.87809"
"09/03/2022","AQS","360050133","1","1","ppb","1","PFIZER LAB SITE","24","100.0000","42401","Sulfur dioxide","35620","New York-Newark-Jersey City, NY-NJ-PA","36","New York","005","Bronx","40.8679","-73.87809"
"09/04/2022","AQS","360050133","1","0.6","ppb","0","PFIZER LAB SITE","24","100.0000","42401","Sulfur dioxide","35620","New York-Newark-Jersey City, NY-NJ-PA","36","New York","005","Bronx","40.8679","-73.87809"
"09/05/2022","AQS","360050133","1","0.5","ppb","0","PFIZER LAB SITE","24","100.0000","42401","Sulfur dioxide","35620","New York-Newark-Jersey City, NY-NJ-PA","36","New York","005","Bronx","40.8679","-73.87809"
"09/06/2022","AQS","360050133","1","0.2","ppb","0","PFIZER LAB SITE","22","92.0000","42401","Sulfur dioxide","35620","New York-Newark-Jersey City, NY-NJ-PA","36","New York","005","Bronx","40.8679","-73.87809"
"09/07/2022","AQS","360050133","1","0.4","ppb","0","PFIZER LAB SITE","24","100.0000","42401","Sulfur dioxide","35620","New York-Newark-Jersey City, NY-NJ-PA","36","New York","005","Bronx","40.8679","-73.87809"
"09/08/2022","AQS","360050133","1","0.5","ppb","0","PFIZER LAB SITE","24","100.0000","42401","Sulfur dioxide","35620","New York-Newark-Jersey City, NY-NJ-PA","36","New York","005","Bronx","40.8679","-73.87809"
"09/09/2022","AQS","360050133","1","0.9","ppb","0","PFIZER LAB SITE","24","100.0000","42401","Sulfur dioxide","35620","New York-Newark-Jersey City, NY-NJ-PA","36","New York","005","Bronx","40.8679","-73.87809"
"09/10/2022","AQS","360050133","1","0.7","ppb","0","PFIZER LAB SITE","24","100.0000","42401","Sulfur dioxide","35620","New York-Newark-Jersey City, NY-NJ-PA","36","New York","005","Bronx","40.8679","-73.87809"
"09/11/2022","AQS","360050133","1","0.6","ppb","0","PFIZER LAB SITE","24","100.0000","42401","Sulfur dioxide","35620","New York-Newark-Jersey City, NY-NJ-PA","36","New York","005","Bronx","40.8679","-73.87809"
"09/12/2022","AQS","360050133","1","0.6","ppb","0","PFIZER LAB SITE","21","88.0000","42401","Sulfur dioxide","35620","New York-Newark-Jersey City, NY-NJ-PA","36","New York","005","Bronx","40.8679","-73.87809"
"09/13/2022","AQS","360050133","1","0.4","ppb","0","PFIZER LAB SITE","24","100.0000","42401","Sulfur dioxide","35620","New York-Newark-Jersey City, NY-NJ-PA","36","New York","005","Bronx","40.8679","-73.87809"
"09/14/2022","AQS","360050133","1","0.5","ppb","0","PFIZER LAB SITE","24","100.0000","42401","Sulfur dioxide","35620","New York-Newark-Jersey City, NY-NJ-PA","36","New York","005","Bronx","40.8679","-73.87809"
"09/15/2022","AQS","360050133","1","0.6","ppb","0","PFIZER LAB SITE","24","100.0000","42401","Sulfur dioxide","35620","New York-Newark-Jersey City, NY-NJ-PA","36","New York","005","Bronx","40.8679","-73.87809"
"09/16/2022","AQS","360050133","1","1.1","ppb","1","PFIZER LAB SITE","24","100.0000","42401","Sulfur dioxide","35620","New York-Newark-Jersey City, NY-NJ-PA","36","New York","005","Bronx","40.8679","-73.87809"
"09/17/2022","AQS","360050133","1","0.7","ppb","0","PFIZER LAB SITE","24","100.0000","42401","Sulfur dioxide","35620","New York-Newark-Jersey City, NY-NJ-PA","36","New York","005","Bronx","40.8679","-73.87809"
"09/18/2022","AQS","360050133","1","0.7","ppb","0","PFIZER LAB SITE","24","100.0000","42401","Sulfur dioxide","35620","New York-Newark-Jersey City, NY-NJ-PA","36","New York","005","Bronx","40.8679","-73.87809"
"09/19/2022","AQS","360050133","1","0.8","ppb","0","PFIZER LAB SITE","21","88.0000","42401","Sulfur dioxide","35620","New York-Newark-Jersey City, NY-NJ-PA","36","New York","005","Bronx","40.8679","-73.87809"
"09/20/2022","AQS","360050133","1","0.6","ppb","0","PFIZER LAB SITE","24","100.0000","42401","Sulfur dioxide","35620","New York-Newark-Jersey City, NY-NJ-PA","36","New York","005","Bronx","40.8679","-73.87809"
"09/21/2022","AQS","360050133","1","1","ppb","1","PFIZER LAB SITE","24","100.0000","42401","Sulfur dioxide","35620","New York-Newark-Jersey City, NY-NJ-PA","36","New York","005","Bronx","40.8679","-73.87809"
"09/22/2022","AQS","360050133","1","0.6","ppb","0","PFIZER LAB SITE","21","88.0000","42401","Sulfur dioxide","35620","New York-Newark-Jersey City, NY-NJ-PA","36","New York","005","Bronx","40.8679","-73.87809"
"09/23/2022","AQS","360050133","1","0.3","ppb","0","PFIZER LAB SITE","21","88.0000","42401","Sulfur dioxide","35620","New York-Newark-Jersey City, NY-NJ-PA","36","New York","005","Bronx","40.8679","-73.87809"
"09/24/2022","AQS","360050133","1","0.7","ppb","0","PFIZER LAB SITE","24","100.0000","42401","Sulfur dioxide","35620","New York-Newark-Jersey City, NY-NJ-PA","36","New York","005","Bronx","40.8679","-73.87809"
"09/25/2022","AQS","360050133","1","0.7","ppb","0","PFIZER LAB SITE","24","100.0000","42401","Sulfur dioxide","35620","New York-Newark-Jersey City, NY-NJ-PA","36","New York","005","Bronx","40.8679","-73.87809"
"09/27/2022","AQS","360050133","1","1.1","ppb","1","PFIZER LAB SITE","24","100.0000","42401","Sulfur dioxide","35620","New York-Newark-Jersey City, NY-NJ-PA","36","New York","005","Bronx","40.8679","-73.87809"
"09/28/2022","AQS","360050133","1","0.5","ppb","0","PFIZER LAB SITE","24","100.0000","42401","Sulfur dioxide","35620","New York-Newark-Jersey City, NY-NJ-PA","36","New York","005","Bronx","40.8679","-73.87809"
"09/29/2022","AQS","360050133","1","0.5","ppb","0","PFIZER LAB SITE","23","96.0000","42401","Sulfur dioxide","35620","New York-Newark-Jersey City, NY-NJ-PA","36","New York","005","Bronx","40.8679","-73.87809"
"09/30/2022","AQS","360050133","1","0.3","ppb","0","PFIZER LAB SITE","24","100.0000","42401","Sulfur dioxide","35620","New York-Newark-Jersey City, NY-NJ-PA","36","New York","005","Bronx","40.8679","-73.87809"
"10/01/2022","AQS","360050133","1","0.2","ppb","0","PFIZER LAB SITE","24","100.0000","42401","Sulfur dioxide","35620","New York-Newark-Jersey City, NY-NJ-PA","36","New York","005","Bronx","40.8679","-73.87809"
"10/02/2022","AQS","360050133","1","0.2","ppb","0","PFIZER LAB SITE","24","100.0000","42401","Sulfur dioxide","35620","New York-Newark-Jersey City, NY-NJ-PA","36","New York","005","Bronx","40.8679","-73.87809"
"10/03/2022","AQS","360050133","1","0.4","ppb","0","PFIZER LAB SITE","24","100.0000","42401","Sulfur dioxide","35620","New York-Newark-Jersey City, NY-NJ-PA","36","New York","005","Bronx","40.8679","-73.87809"
"10/04/2022","AQS","360050133","1","0.4","ppb","0","PFIZER LAB SITE","21","88.0000","42401","Sulfur dioxide","35620","New York-Newark-Jersey City, NY-NJ-PA","36","New York","005","Bronx","40.8679","-73.87809"
"10/05/2022","AQS","360050133","1","0.5","ppb","0","PFIZER LAB SITE","24","100.0000","42401","Sulfur dioxide","35620","New York-Newark-Jersey City, NY-NJ-PA","36","New York","005","Bronx","40.8679","-73.87809"
"10/06/2022","AQS","360050133","1","3.3","ppb","4","PFIZER LAB SITE","24","100.0000","42401","Sulfur dioxide","35620","New York-Newark-Jersey City, NY-NJ-PA","36","New York","005","Bronx","40.8679","-73.87809"
"10/07/2022","AQS","360050133","1","0.9","ppb","0","PFIZER LAB SITE","24","100.0000","42401","Sulfur dioxide","35620","New York-Newark-Jersey City, NY-NJ-PA","36","New York","005","Bronx","40.8679","-73.87809"
"10/08/2022","AQS","360050133","1","1.3","ppb","1","PFIZER LAB SITE","24","100.0000","42401","Sulfur dioxide","35620","New York-Newark-Jersey City, NY-NJ-PA","36","New York","005","Bronx","40.8679","-73.87809"
"10/09/2022","AQS","360050133","1","1.2","ppb","1","PFIZER LAB SITE","24","100.0000","42401","Sulfur dioxide","35620","New York-Newark-Jersey City, NY-NJ-PA","36","New York","005","Bronx","40.8679","-73.87809"
"10/10/2022","AQS","360050133","1","1.6","ppb","1","PFIZER LAB SITE","24","100.0000","42401","Sulfur dioxide","35620","New York-Newark-Jersey City, NY-NJ-PA","36","New York","005","Bronx","40.8679","-73.87809"
"10/11/2022","AQS","360050133","1","0.9","ppb","0","PFIZER LAB SITE","21","88.0000","42401","Sulfur dioxide","35620","New York-Newark-Jersey City, NY-NJ-PA","36","New York","005","Bronx","40.8679","-73.87809"
"10/12/2022","AQS","360050133","1","1","ppb","1","PFIZER LAB SITE","24","100.0000","42401","Sulfur dioxide","35620","New York-Newark-Jersey City, NY-NJ-PA","36","New York","005","Bronx","40.8679","-73.87809"
"10/13/2022","AQS","360050133","1","0.4","ppb","0","PFIZER LAB SITE","24","100.0000","42401","Sulfur dioxide","35620","New York-Newark-Jersey City, NY-NJ-PA","36","New York","005","Bronx","40.8679","-73.87809"
"10/14/2022","AQS","360050133","1","1.4","ppb","1","PFIZER LAB SITE","24","100.0000","42401","Sulfur dioxide","35620","New York-Newark-Jersey City, NY-NJ-PA","36","New York","005","Bronx","40.8679","-73.87809"
"10/15/2022","AQS","360050133","1","0.9","ppb","0","PFIZER LAB SITE","24","100.0000","42401","Sulfur dioxide","35620","New York-Newark-Jersey City, NY-NJ-PA","36","New York","005","Bronx","40.8679","-73.87809"
"10/16/2022","AQS","360050133","1","0.7","ppb","0","PFIZER LAB SITE","24","100.0000","42401","Sulfur dioxide","35620","New York-Newark-Jersey City, NY-NJ-PA","36","New York","005","Bronx","40.8679","-73.87809"
"10/17/2022","AQS","360050133","1","0.7","ppb","0","PFIZER LAB SITE","21","88.0000","42401","Sulfur dioxide","35620","New York-Newark-Jersey City, NY-NJ-PA","36","New York","005","Bronx","40.8679","-73.87809"
"10/18/2022","AQS","360050133","1","0.8","ppb","0","PFIZER LAB SITE","24","100.0000","42401","Sulfur dioxide","35620","New York-Newark-Jersey City, NY-NJ-PA","36","New York","005","Bronx","40.8679","-73.87809"
"10/19/2022","AQS","360050133","1","1.3","ppb","1","PFIZER LAB SITE","24","100.0000","42401","Sulfur dioxide","35620","New York-Newark-Jersey City, NY-NJ-PA","36","New York","005","Bronx","40.8679","-73.87809"
"10/20/2022","AQS","360050133","1","0.8","ppb","0","PFIZER LAB SITE","24","100.0000","42401","Sulfur dioxide","35620","New York-Newark-Jersey City, NY-NJ-PA","36","New York","005","Bronx","40.8679","-73.87809"
"10/21/2022","AQS","360050133","1","2.1","ppb","3","PFIZER LAB SITE","24","100.0000","42401","Sulfur dioxide","35620","New York-Newark-Jersey City, NY-NJ-PA","36","New York","005","Bronx","40.8679","-73.87809"
"10/22/2022","AQS","360050133","1","2.5","ppb","3","PFIZER LAB SITE","24","100.0000","42401","Sulfur dioxide","35620","New York-Newark-Jersey City, NY-NJ-PA","36","New York","005","Bronx","40.8679","-73.87809"
"10/23/2022","AQS","360050133","1","0.6","ppb","0","PFIZER LAB SITE","24","100.0000","42401","Sulfur dioxide","35620","New York-Newark-Jersey City, NY-NJ-PA","36","New York","005","Bronx","40.8679","-73.87809"
"10/24/2022","AQS","360050133","1","0.6","ppb","0","PFIZER LAB SITE","21","88.0000","42401","Sulfur dioxide","35620","New York-Newark-Jersey City, NY-NJ-PA","36","New York","005","Bronx","40.8679","-73.87809"
"10/25/2022","AQS","360050133","1","0.4","ppb","0","PFIZER LAB SITE","24","100.0000","42401","Sulfur dioxide","35620","New York-Newark-Jersey City, NY-NJ-PA","36","New York","005","Bronx","40.8679","-73.87809"
"10/26/2022","AQS","360050133","1","0.4","ppb","0","PFIZER LAB SITE","24","100.0000","42401","Sulfur dioxide","35620","New York-Newark-Jersey City, NY-NJ-PA","36","New York","005","Bronx","40.8679","-73.87809"
"10/27/2022","AQS","360050133","1","0.5","ppb","0","PFIZER LAB SITE","24","100.0000","42401","Sulfur dioxide","35620","New York-Newark-Jersey City, NY-NJ-PA","36","New York","005","Bronx","40.8679","-73.87809"
"10/28/2022","AQS","360050133","1","0.7","ppb","0","PFIZER LAB SITE","24","100.0000","42401","Sulfur dioxide","35620","New York-Newark-Jersey City, NY-NJ-PA","36","New York","005","Bronx","40.8679","-73.87809"
"10/29/2022","AQS","360050133","1","1.3","ppb","1","PFIZER LAB SITE","24","100.0000","42401","Sulfur dioxide","35620","New York-Newark-Jersey City, NY-NJ-PA","36","New York","005","Bronx","40.8679","-73.87809"
"10/30/2022","AQS","360050133","1","3.8","ppb","4","PFIZER LAB SITE","24","100.0000","42401","Sulfur dioxide","35620","New York-Newark-Jersey City, NY-NJ-PA","36","New York","005","Bronx","40.8679","-73.87809"
"10/31/2022","AQS","360050133","1","2.6","ppb","3","PFIZER LAB SITE","21","88.0000","42401","Sulfur dioxide","35620","New York-Newark-Jersey City, NY-NJ-PA","36","New York","005","Bronx","40.8679","-73.87809"
"11/01/2022","AQS","360050133","1","0.6","ppb","0","PFIZER LAB SITE","24","100.0000","42401","Sulfur dioxide","35620","New York-Newark-Jersey City, NY-NJ-PA","36","New York","005","Bronx","40.8679","-73.87809"
"11/02/2022","AQS","360050133","1","1.3","ppb","1","PFIZER LAB SITE","24","100.0000","42401","Sulfur dioxide","35620","New York-Newark-Jersey City, NY-NJ-PA","36","New York","005","Bronx","40.8679","-73.87809"
"11/03/2022","AQS","360050133","1","2.8","ppb","3","PFIZER LAB SITE","24","100.0000","42401","Sulfur dioxide","35620","New York-Newark-Jersey City, NY-NJ-PA","36","New York","005","Bronx","40.8679","-73.87809"
"11/04/2022","AQS","360050133","1","1.1","ppb","1","PFIZER LAB SITE","24","100.0000","42401","Sulfur dioxide","35620","New York-Newark-Jersey City, NY-NJ-PA","36","New York","005","Bronx","40.8679","-73.87809"
"11/05/2022","AQS","360050133","1","0.3","ppb","0","PFIZER LAB SITE","24","100.0000","42401","Sulfur dioxide","35620","New York-Newark-Jersey City, NY-NJ-PA","36","New York","005","Bronx","40.8679","-73.87809"
"11/06/2022","AQS","360050133","1","0.4","ppb","0","PFIZER LAB SITE","24","100.0000","42401","Sulfur dioxide","35620","New York-Newark-Jersey City, NY-NJ-PA","36","New York","005","Bronx","40.8679","-73.87809"
"11/07/2022","AQS","360050133","1","0.5","ppb","0","PFIZER LAB SITE","21","88.0000","42401","Sulfur dioxide","35620","New York-Newark-Jersey City, NY-NJ-PA","36","New York","005","Bronx","40.8679","-73.87809"
"11/08/2022","AQS","360050133","1","1.2","ppb","1","PFIZER LAB SITE","24","100.0000","42401","Sulfur dioxide","35620","New York-Newark-Jersey City, NY-NJ-PA","36","New York","005","Bronx","40.8679","-73.87809"
"11/09/2022","AQS","360050133","1","1.5","ppb","1","PFIZER LAB SITE","24","100.0000","42401","Sulfur dioxide","35620","New York-Newark-Jersey City, NY-NJ-PA","36","New York","005","Bronx","40.8679","-73.87809"
"11/10/2022","AQS","360050133","1","1.8","ppb","1","PFIZER LAB SITE","24","100.0000","42401","Sulfur dioxide","35620","New York-Newark-Jersey City, NY-NJ-PA","36","New York","005","Bronx","40.8679","-73.87809"
"11/11/2022","AQS","360050133","1","2","ppb","3","PFIZER LAB SITE","24","100.0000","42401","Sulfur dioxide","35620","New York-Newark-Jersey City, NY-NJ-PA","36","New York","005","Bronx","40.8679","-73.87809"
"11/12/2022","AQS","360050133","1","0.8","ppb","0","PFIZER LAB SITE","24","100.0000","42401","Sulfur dioxide","35620","New York-Newark-Jersey City, NY-NJ-PA","36","New York","005","Bronx","40.8679","-73.87809"
"11/13/2022","AQS","360050133","1","0.4","ppb","0","PFIZER LAB SITE","24","100.0000","42401","Sulfur dioxide","35620","New York-Newark-Jersey City, NY-NJ-PA","36","New York","005","Bronx","40.8679","-73.87809"
"11/14/2022","AQS","360050133","1","1.4","ppb","1","PFIZER LAB SITE","21","88.0000","42401","Sulfur dioxide","35620","New York-Newark-Jersey City, NY-NJ-PA","36","New York","005","Bronx","40.8679","-73.87809"
"11/15/2022","AQS","360050133","1","1.7","ppb","1","PFIZER LAB SITE","24","100.0000","42401","Sulfur dioxide","35620","New York-Newark-Jersey City, NY-NJ-PA","36","New York","005","Bronx","40.8679","-73.87809"
"11/16/2022","AQS","360050133","1","1.1","ppb","1","PFIZER LAB SITE","24","100.0000","42401","Sulfur dioxide","35620","New York-Newark-Jersey City, NY-NJ-PA","36","New York","005","Bronx","40.8679","-73.87809"
"11/17/2022","AQS","360050133","1","1","ppb","1","PFIZER LAB SITE","24","100.0000","42401","Sulfur dioxide","35620","New York-Newark-Jersey City, NY-NJ-PA","36","New York","005","Bronx","40.8679","-73.87809"
"11/18/2022","AQS","360050133","1","1.1","ppb","1","PFIZER LAB SITE","24","100.0000","42401","Sulfur dioxide","35620","New York-Newark-Jersey City, NY-NJ-PA","36","New York","005","Bronx","40.8679","-73.87809"
"11/19/2022","AQS","360050133","1","1","ppb","1","PFIZER LAB SITE","24","100.0000","42401","Sulfur dioxide","35620","New York-Newark-Jersey City, NY-NJ-PA","36","New York","005","Bronx","40.8679","-73.87809"
"11/20/2022","AQS","360050133","1","1","ppb","1","PFIZER LAB SITE","24","100.0000","42401","Sulfur dioxide","35620","New York-Newark-Jersey City, NY-NJ-PA","36","New York","005","Bronx","40.8679","-73.87809"
"11/21/2022","AQS","360050133","1","1.4","ppb","1","PFIZER LAB SITE","22","92.0000","42401","Sulfur dioxide","35620","New York-Newark-Jersey City, NY-NJ-PA","36","New York","005","Bronx","40.8679","-73.87809"
"11/22/2022","AQS","360050133","1","2.5","ppb","3","PFIZER LAB SITE","24","100.0000","42401","Sulfur dioxide","35620","New York-Newark-Jersey City, NY-NJ-PA","36","New York","005","Bronx","40.8679","-73.87809"
"11/23/2022","AQS","360050133","1","2.8","ppb","3","PFIZER LAB SITE","24","100.0000","42401","Sulfur dioxide","35620","New York-Newark-Jersey City, NY-NJ-PA","36","New York","005","Bronx","40.8679","-73.87809"
"11/24/2022","AQS","360050133","1","2","ppb","3","PFIZER LAB SITE","24","100.0000","42401","Sulfur dioxide","35620","New York-Newark-Jersey City, NY-NJ-PA","36","New York","005","Bronx","40.8679","-73.87809"
"11/25/2022","AQS","360050133","1","0.5","ppb","0","PFIZER LAB SITE","24","100.0000","42401","Sulfur dioxide","35620","New York-Newark-Jersey City, NY-NJ-PA","36","New York","005","Bronx","40.8679","-73.87809"
"11/26/2022","AQS","360050133","1","1.4","ppb","1","PFIZER LAB SITE","24","100.0000","42401","Sulfur dioxide","35620","New York-Newark-Jersey City, NY-NJ-PA","36","New York","005","Bronx","40.8679","-73.87809"
"11/27/2022","AQS","360050133","1","1.5","ppb","1","PFIZER LAB SITE","24","100.0000","42401","Sulfur dioxide","35620","New York-Newark-Jersey City, NY-NJ-PA","36","New York","005","Bronx","40.8679","-73.87809"
"11/28/2022","AQS","360050133","1","0.6","ppb","0","PFIZER LAB SITE","21","88.0000","42401","Sulfur dioxide","35620","New York-Newark-Jersey City, NY-NJ-PA","36","New York","005","Bronx","40.8679","-73.87809"
"11/29/2022","AQS","360050133","1","1.1","ppb","1","PFIZER LAB SITE","24","100.0000","42401","Sulfur dioxide","35620","New York-Newark-Jersey City, NY-NJ-PA","36","New York","005","Bronx","40.8679","-73.87809"
"11/30/2022","AQS","360050133","1","1","ppb","1","PFIZER LAB SITE","24","100.0000","42401","Sulfur dioxide","35620","New York-Newark-Jersey City, NY-NJ-PA","36","New York","005","Bronx","40.8679","-73.87809"
"12/01/2022","AQS","360050133","1","1","ppb","1","PFIZER LAB SITE","24","100.0000","42401","Sulfur dioxide","35620","New York-Newark-Jersey City, NY-NJ-PA","36","New York","005","Bronx","40.8679","-73.87809"
"12/02/2022","AQS","360050133","1","1.5","ppb","1","PFIZER LAB SITE","24","100.0000","42401","Sulfur dioxide","35620","New York-Newark-Jersey City, NY-NJ-PA","36","New York","005","Bronx","40.8679","-73.87809"
"12/03/2022","AQS","360050133","1","0.5","ppb","0","PFIZER LAB SITE","24","100.0000","42401","Sulfur dioxide","35620","New York-Newark-Jersey City, NY-NJ-PA","36","New York","005","Bronx","40.8679","-73.87809"
"12/04/2022","AQS","360050133","1","2.1","ppb","3","PFIZER LAB SITE","24","100.0000","42401","Sulfur dioxide","35620","New York-Newark-Jersey City, NY-NJ-PA","36","New York","005","Bronx","40.8679","-73.87809"
"12/05/2022","AQS","360050133","1","3.2","ppb","4","PFIZER LAB SITE","21","88.0000","42401","Sulfur dioxide","35620","New York-Newark-Jersey City, NY-NJ-PA","36","New York","005","Bronx","40.8679","-73.87809"
"12/06/2022","AQS","360050133","1","5.2","ppb","7","PFIZER LAB SITE","24","100.0000","42401","Sulfur dioxide","35620","New York-Newark-Jersey City, NY-NJ-PA","36","New York","005","Bronx","40.8679","-73.87809"
"12/07/2022","AQS","360050133","1","0.7","ppb","0","PFIZER LAB SITE","24","100.0000","42401","Sulfur dioxide","35620","New York-Newark-Jersey City, NY-NJ-PA","36","New York","005","Bronx","40.8679","-73.87809"
"12/08/2022","AQS","360050133","1","1.2","ppb","1","PFIZER LAB SITE","24","100.0000","42401","Sulfur dioxide","35620","New York-Newark-Jersey City, NY-NJ-PA","36","New York","005","Bronx","40.8679","-73.87809"
"12/09/2022","AQS","360050133","1","1.8","ppb","1","PFIZER LAB SITE","24","100.0000","42401","Sulfur dioxide","35620","New York-Newark-Jersey City, NY-NJ-PA","36","New York","005","Bronx","40.8679","-73.87809"
"12/10/2022","AQS","360050133","1","1.7","ppb","1","PFIZER LAB SITE","24","100.0000","42401","Sulfur dioxide","35620","New York-Newark-Jersey City, NY-NJ-PA","36","New York","005","Bronx","40.8679","-73.87809"
"12/11/2022","AQS","360050133","1","1","ppb","1","PFIZER LAB SITE","24","100.0000","42401","Sulfur dioxide","35620","New York-Newark-Jersey City, NY-NJ-PA","36","New York","005","Bronx","40.8679","-73.87809"
"12/12/2022","AQS","360050133","1","1.8","ppb","1","PFIZER LAB SITE","21","88.0000","42401","Sulfur dioxide","35620","New York-Newark-Jersey City, NY-NJ-PA","36","New York","005","Bronx","40.8679","-73.87809"
"12/13/2022","AQS","360050133","1","1.7","ppb","1","PFIZER LAB SITE","24","100.0000","42401","Sulfur dioxide","35620","New York-Newark-Jersey City, NY-NJ-PA","36","New York","005","Bronx","40.8679","-73.87809"
"12/14/2022","AQS","360050133","1","1.7","ppb","1","PFIZER LAB SITE","24","100.0000","42401","Sulfur dioxide","35620","New York-Newark-Jersey City, NY-NJ-PA","36","New York","005","Bronx","40.8679","-73.87809"
"12/15/2022","AQS","360050133","1","1.8","ppb","1","PFIZER LAB SITE","24","100.0000","42401","Sulfur dioxide","35620","New York-Newark-Jersey City, NY-NJ-PA","36","New York","005","Bronx","40.8679","-73.87809"
"12/16/2022","AQS","360050133","1","0.7","ppb","0","PFIZER LAB SITE","24","100.0000","42401","Sulfur dioxide","35620","New York-Newark-Jersey City, NY-NJ-PA","36","New York","005","Bronx","40.8679","-73.87809"
"12/17/2022","AQS","360050133","1","1.1","ppb","1","PFIZER LAB SITE","24","100.0000","42401","Sulfur dioxide","35620","New York-Newark-Jersey City, NY-NJ-PA","36","New York","005","Bronx","40.8679","-73.87809"
"12/18/2022","AQS","360050133","1","1.3","ppb","1","PFIZER LAB SITE","24","100.0000","42401","Sulfur dioxide","35620","New York-Newark-Jersey City, NY-NJ-PA","36","New York","005","Bronx","40.8679","-73.87809"
"12/19/2022","AQS","360050133","1","1.1","ppb","1","PFIZER LAB SITE","21","88.0000","42401","Sulfur dioxide","35620","New York-Newark-Jersey City, NY-NJ-PA","36","New York","005","Bronx","40.8679","-73.87809"
"12/20/2022","AQS","360050133","1","1.2","ppb","1","PFIZER LAB SITE","24","100.0000","42401","Sulfur dioxide","35620","New York-Newark-Jersey City, NY-NJ-PA","36","New York","005","Bronx","40.8679","-73.87809"
"12/21/2022","AQS","360050133","1","1.8","ppb","1","PFIZER LAB SITE","24","100.0000","42401","Sulfur dioxide","35620","New York-Newark-Jersey City, NY-NJ-PA","36","New York","005","Bronx","40.8679","-73.87809"
"12/22/2022","AQS","360050133","1","1.9","ppb","1","PFIZER LAB SITE","24","100.0000","42401","Sulfur dioxide","35620","New York-Newark-Jersey City, NY-NJ-PA","36","New York","005","Bronx","40.8679","-73.87809"
"12/23/2022","AQS","360050133","1","0.7","ppb","0","PFIZER LAB SITE","24","100.0000","42401","Sulfur dioxide","35620","New York-Newark-Jersey City, NY-NJ-PA","36","New York","005","Bronx","40.8679","-73.87809"
"12/24/2022","AQS","360050133","1","1.3","ppb","1","PFIZER LAB SITE","24","100.0000","42401","Sulfur dioxide","35620","New York-Newark-Jersey City, NY-NJ-PA","36","New York","005","Bronx","40.8679","-73.87809"
"12/25/2022","AQS","360050133","1","2.6","ppb","3","PFIZER LAB SITE","24","100.0000","42401","Sulfur dioxide","35620","New York-Newark-Jersey City, NY-NJ-PA","36","New York","005","Bronx","40.8679","-73.87809"
"12/26/2022","AQS","360050133","1","2.3","ppb","3","PFIZER LAB SITE","24","100.0000","42401","Sulfur dioxide","35620","New York-Newark-Jersey City, NY-NJ-PA","36","New York","005","Bronx","40.8679","-73.87809"
"12/27/2022","AQS","360050133","1","2.4","ppb","3","PFIZER LAB SITE","21","88.0000","42401","Sulfur dioxide","35620","New York-Newark-Jersey City, NY-NJ-PA","36","New York","005","Bronx","40.8679","-73.87809"
"12/28/2022","AQS","360050133","1","2","ppb","3","PFIZER LAB SITE","24","100.0000","42401","Sulfur dioxide","35620","New York-Newark-Jersey City, NY-NJ-PA","36","New York","005","Bronx","40.8679","-73.87809"
"12/29/2022","AQS","360050133","1","2.4","ppb","3","PFIZER LAB SITE","24","100.0000","42401","Sulfur dioxide","35620","New York-Newark-Jersey City, NY-NJ-PA","36","New York","005","Bronx","40.8679","-73.87809"
"12/30/2022","AQS","360050133","1","2.7","ppb","3","PFIZER LAB SITE","24","100.0000","42401","Sulfur dioxide","35620","New York-Newark-Jersey City, NY-NJ-PA","36","New York","005","Bronx","40.8679","-73.87809"
"12/31/2022","AQS","360050133","1","1.7","ppb","1","PFIZER LAB SITE","24","100.0000","42401","Sulfur dioxide","35620","New York-Newark-Jersey City, NY-NJ-PA","36","New York","005","Bronx","40.8679","-73.87809"
"01/01/2022","AQS","360290005","3","0.1","ppb","0","BUFFALO","24","100.0000","42401","Sulfur dioxide","15380","Buffalo-Cheektowaga-Niagara Falls, NY","36","New York","029","Erie","42.8769066671345","-78.8095260117327"
"01/02/2022","AQS","360290005","3","0.1","ppb","0","BUFFALO","24","100.0000","42401","Sulfur dioxide","15380","Buffalo-Cheektowaga-Niagara Falls, NY","36","New York","029","Erie","42.8769066671345","-78.8095260117327"
"01/03/2022","AQS","360290005","3","0.1","ppb","0","BUFFALO","24","100.0000","42401","Sulfur dioxide","15380","Buffalo-Cheektowaga-Niagara Falls, NY","36","New York","029","Erie","42.8769066671345","-78.8095260117327"
"01/04/2022","AQS","360290005","3","0.7","ppb","0","BUFFALO","24","100.0000","42401","Sulfur dioxide","15380","Buffalo-Cheektowaga-Niagara Falls, NY","36","New York","029","Erie","42.8769066671345","-78.8095260117327"
"01/05/2022","AQS","360290005","3","0.7","ppb","0","BUFFALO","24","100.0000","42401","Sulfur dioxide","15380","Buffalo-Cheektowaga-Niagara Falls, NY","36","New York","029","Erie","42.8769066671345","-78.8095260117327"
"01/06/2022","AQS","360290005","3","0.2","ppb","0","BUFFALO","24","100.0000","42401","Sulfur dioxide","15380","Buffalo-Cheektowaga-Niagara Falls, NY","36","New York","029","Erie","42.8769066671345","-78.8095260117327"
"01/07/2022","AQS","360290005","3","0.9","ppb","0","BUFFALO","22","92.0000","42401","Sulfur dioxide","15380","Buffalo-Cheektowaga-Niagara Falls, NY","36","New York","029","Erie","42.8769066671345","-78.8095260117327"
"01/08/2022","AQS","360290005","3","0.8","ppb","0","BUFFALO","24","100.0000","42401","Sulfur dioxide","15380","Buffalo-Cheektowaga-Niagara Falls, NY","36","New York","029","Erie","42.8769066671345","-78.8095260117327"
"01/09/2022","AQS","360290005","3","0.5","ppb","0","BUFFALO","24","100.0000","42401","Sulfur dioxide","15380","Buffalo-Cheektowaga-Niagara Falls, NY","36","New York","029","Erie","42.8769066671345","-78.8095260117327"
"01/10/2022","AQS","360290005","3","0.3","ppb","0","BUFFALO","24","100.0000","42401","Sulfur dioxide","15380","Buffalo-Cheektowaga-Niagara Falls, NY","36","New York","029","Erie","42.8769066671345","-78.8095260117327"
"01/11/2022","AQS","360290005","3","0.4","ppb","0","BUFFALO","21","88.0000","42401","Sulfur dioxide","15380","Buffalo-Cheektowaga-Niagara Falls, NY","36","New York","029","Erie","42.8769066671345","-78.8095260117327"
"01/12/2022","AQS","360290005","3","0.6","ppb","0","BUFFALO","24","100.0000","42401","Sulfur dioxide","15380","Buffalo-Cheektowaga-Niagara Falls, NY","36","New York","029","Erie","42.8769066671345","-78.8095260117327"
"01/13/2022","AQS","360290005","3","0.6","ppb","0","BUFFALO","24","100.0000","42401","Sulfur dioxide","15380","Buffalo-Cheektowaga-Niagara Falls, NY","36","New York","029","Erie","42.8769066671345","-78.8095260117327"
"01/14/2022","AQS","360290005","3","0","ppb","0","BUFFALO","24","100.0000","42401","Sulfur dioxide","15380","Buffalo-Cheektowaga-Niagara Falls, NY","36","New York","029","Erie","42.8769066671345","-78.8095260117327"
"01/15/2022","AQS","360290005","3","4","ppb","6","BUFFALO","24","100.0000","42401","Sulfur dioxide","15380","Buffalo-Cheektowaga-Niagara Falls, NY","36","New York","029","Erie","42.8769066671345","-78.8095260117327"
"01/16/2022","AQS","360290005","3","2.8","ppb","3","BUFFALO","24","100.0000","42401","Sulfur dioxide","15380","Buffalo-Cheektowaga-Niagara Falls, NY","36","New York","029","Erie","42.8769066671345","-78.8095260117327"
"01/17/2022","AQS","360290005","3","0.6","ppb","0","BUFFALO","24","100.0000","42401","Sulfur dioxide","15380","Buffalo-Cheektowaga-Niagara Falls, NY","36","New York","029","Erie","42.8769066671345","-78.8095260117327"
"01/18/2022","AQS","360290005","3","0.8","ppb","0","BUFFALO","24","100.0000","42401","Sulfur dioxide","15380","Buffalo-Cheektowaga-Niagara Falls, NY","36","New York","029","Erie","42.8769066671345","-78.8095260117327"
"01/19/2022","AQS","360290005","3","0.5","ppb","0","BUFFALO","24","100.0000","42401","Sulfur dioxide","15380","Buffalo-Cheektowaga-Niagara Falls, NY","36","New York","029","Erie","42.8769066671345","-78.8095260117327"
"01/20/2022","AQS","360290005","3","0.7","ppb","0","BUFFALO","22","92.0000","42401","Sulfur dioxide","15380","Buffalo-Cheektowaga-Niagara Falls, NY","36","New York","029","Erie","42.8769066671345","-78.8095260117327"
"01/21/2022","AQS","360290005","3","1.1","ppb","1","BUFFALO","24","100.0000","42401","Sulfur dioxide","15380","Buffalo-Cheektowaga-Niagara Falls, NY","36","New York","029","Erie","42.8769066671345","-78.8095260117327"
"01/22/2022","AQS","360290005","3","2.2","ppb","3","BUFFALO","24","100.0000","42401","Sulfur dioxide","15380","Buffalo-Cheektowaga-Niagara Falls, NY","36","New York","029","Erie","42.8769066671345","-78.8095260117327"
"01/23/2022","AQS","360290005","3","0.9","ppb","0","BUFFALO","24","100.0000","42401","Sulfur dioxide","15380","Buffalo-Cheektowaga-Niagara Falls, NY","36","New York","029","Erie","42.8769066671345","-78.8095260117327"
"01/24/2022","AQS","360290005","3","0.3","ppb","0","BUFFALO","24","100.0000","42401","Sulfur dioxide","15380","Buffalo-Cheektowaga-Niagara Falls, NY","36","New York","029","Erie","42.8769066671345","-78.8095260117327"
"01/25/2022","AQS","360290005","3","1.7","ppb","1","BUFFALO","24","100.0000","42401","Sulfur dioxide","15380","Buffalo-Cheektowaga-Niagara Falls, NY","36","New York","029","Erie","42.8769066671345","-78.8095260117327"
"01/26/2022","AQS","360290005","3","0.6","ppb","0","BUFFALO","24","100.0000","42401","Sulfur dioxide","15380","Buffalo-Cheektowaga-Niagara Falls, NY","36","New York","029","Erie","42.8769066671345","-78.8095260117327"
"01/27/2022","AQS","360290005","3","1.2","ppb","1","BUFFALO","21","88.0000","42401","Sulfur dioxide","15380","Buffalo-Cheektowaga-Niagara Falls, NY","36","New York","029","Erie","42.8769066671345","-78.8095260117327"
"01/28/2022","AQS","360290005","3","0.9","ppb","0","BUFFALO","24","100.0000","42401","Sulfur dioxide","15380","Buffalo-Cheektowaga-Niagara Falls, NY","36","New York","029","Erie","42.8769066671345","-78.8095260117327"
"01/29/2022","AQS","360290005","3","1.8","ppb","1","BUFFALO","24","100.0000","42401","Sulfur dioxide","15380","Buffalo-Cheektowaga-Niagara Falls, NY","36","New York","029","Erie","42.8769066671345","-78.8095260117327"
"01/30/2022","AQS","360290005","3","0.6","ppb","0","BUFFALO","24","100.0000","42401","Sulfur dioxide","15380","Buffalo-Cheektowaga-Niagara Falls, NY","36","New York","029","Erie","42.8769066671345","-78.8095260117327"
"01/31/2022","AQS","360290005","3","1.8","ppb","1","BUFFALO","24","100.0000","42401","Sulfur dioxide","15380","Buffalo-Cheektowaga-Niagara Falls, NY","36","New York","029","Erie","42.8769066671345","-78.8095260117327"
"02/01/2022","AQS","360290005","3","1.6","ppb","1","BUFFALO","21","88.0000","42401","Sulfur dioxide","15380","Buffalo-Cheektowaga-Niagara Falls, NY","36","New York","029","Erie","42.8769066671345","-78.8095260117327"
"02/02/2022","AQS","360290005","3","0.9","ppb","0","BUFFALO","24","100.0000","42401","Sulfur dioxide","15380","Buffalo-Cheektowaga-Niagara Falls, NY","36","New York","029","Erie","42.8769066671345","-78.8095260117327"
"02/03/2022","AQS","360290005","3","0.2","ppb","0","BUFFALO","24","100.0000","42401","Sulfur dioxide","15380","Buffalo-Cheektowaga-Niagara Falls, NY","36","New York","029","Erie","42.8769066671345","-78.8095260117327"
"02/04/2022","AQS","360290005","3","1.1","ppb","1","BUFFALO","24","100.0000","42401","Sulfur dioxide","15380","Buffalo-Cheektowaga-Niagara Falls, NY","36","New York","029","Erie","42.8769066671345","-78.8095260117327"
"02/05/2022","AQS","360290005","3","2.6","ppb","3","BUFFALO","24","100.0000","42401","Sulfur dioxide","15380","Buffalo-Cheektowaga-Niagara Falls, NY","36","New York","029","Erie","42.8769066671345","-78.8095260117327"
"02/06/2022","AQS","360290005","3","2.4","ppb","3","BUFFALO","24","100.0000","42401","Sulfur dioxide","15380","Buffalo-Cheektowaga-Niagara Falls, NY","36","New York","029","Erie","42.8769066671345","-78.8095260117327"
"02/07/2022","AQS","360290005","3","1.8","ppb","1","BUFFALO","24","100.0000","42401","Sulfur dioxide","15380","Buffalo-Cheektowaga-Niagara Falls, NY","36","New York","029","Erie","42.8769066671345","-78.8095260117327"
"02/08/2022","AQS","360290005","3","0.8","ppb","0","BUFFALO","22","92.0000","42401","Sulfur dioxide","15380","Buffalo-Cheektowaga-Niagara Falls, NY","36","New York","029","Erie","42.8769066671345","-78.8095260117327"
"02/09/2022","AQS","360290005","3","1.5","ppb","1","BUFFALO","24","100.0000","42401","Sulfur dioxide","15380","Buffalo-Cheektowaga-Niagara Falls, NY","36","New York","029","Erie","42.8769066671345","-78.8095260117327"
"02/10/2022","AQS","360290005","3","0.4","ppb","0","BUFFALO","24","100.0000","42401","Sulfur dioxide","15380","Buffalo-Cheektowaga-Niagara Falls, NY","36","New York","029","Erie","42.8769066671345","-78.8095260117327"
"02/11/2022","AQS","360290005","3","0.7","ppb","0","BUFFALO","24","100.0000","42401","Sulfur dioxide","15380","Buffalo-Cheektowaga-Niagara Falls, NY","36","New York","029","Erie","42.8769066671345","-78.8095260117327"
"02/12/2022","AQS","360290005","3","0.2","ppb","0","BUFFALO","24","100.0000","42401","Sulfur dioxide","15380","Buffalo-Cheektowaga-Niagara Falls, NY","36","New York","029","Erie","42.8769066671345","-78.8095260117327"
"02/13/2022","AQS","360290005","3","0.2","ppb","0","BUFFALO","24","100.0000","42401","Sulfur dioxide","15380","Buffalo-Cheektowaga-Niagara Falls, NY","36","New York","029","Erie","42.8769066671345","-78.8095260117327"
"02/14/2022","AQS","360290005","3","0.8","ppb","0","BUFFALO","24","100.0000","42401","Sulfur dioxide","15380","Buffalo-Cheektowaga-Niagara Falls, NY","36","New York","029","Erie","42.8769066671345","-78.8095260117327"
"02/15/2022","AQS","360290005","3","0.7","ppb","0","BUFFALO","21","88.0000","42401","Sulfur dioxide","15380","Buffalo-Cheektowaga-Niagara Falls, NY","36","New York","029","Erie","42.8769066671345","-78.8095260117327"
"02/16/2022","AQS","360290005","3","0.8","ppb","0","BUFFALO","22","92.0000","42401","Sulfur dioxide","15380","Buffalo-Cheektowaga-Niagara Falls, NY","36","New York","029","Erie","42.8769066671345","-78.8095260117327"
"02/17/2022","AQS","360290005","3","0.6","ppb","0","BUFFALO","24","100.0000","42401","Sulfur dioxide","15380","Buffalo-Cheektowaga-Niagara Falls, NY","36","New York","029","Erie","42.8769066671345","-78.8095260117327"
"02/18/2022","AQS","360290005","3","0.5","ppb","0","BUFFALO","24","100.0000","42401","Sulfur dioxide","15380","Buffalo-Cheektowaga-Niagara Falls, NY","36","New York","029","Erie","42.8769066671345","-78.8095260117327"
"02/19/2022","AQS","360290005","3","0.3","ppb","0","BUFFALO","24","100.0000","42401","Sulfur dioxide","15380","Buffalo-Cheektowaga-Niagara Falls, NY","36","New York","029","Erie","42.8769066671345","-78.8095260117327"
"02/20/2022","AQS","360290005","3","0.8","ppb","0","BUFFALO","24","100.0000","42401","Sulfur dioxide","15380","Buffalo-Cheektowaga-Niagara Falls, NY","36","New York","029","Erie","42.8769066671345","-78.8095260117327"
"02/21/2022","AQS","360290005","3","0.8","ppb","0","BUFFALO","24","100.0000","42401","Sulfur dioxide","15380","Buffalo-Cheektowaga-Niagara Falls, NY","36","New York","029","Erie","42.8769066671345","-78.8095260117327"
"02/22/2022","AQS","360290005","3","0.5","ppb","0","BUFFALO","24","100.0000","42401","Sulfur dioxide","15380","Buffalo-Cheektowaga-Niagara Falls, NY","36","New York","029","Erie","42.8769066671345","-78.8095260117327"
"02/23/2022","AQS","360290005","3","0.1","ppb","0","BUFFALO","24","100.0000","42401","Sulfur dioxide","15380","Buffalo-Cheektowaga-Niagara Falls, NY","36","New York","029","Erie","42.8769066671345","-78.8095260117327"
"02/24/2022","AQS","360290005","3","0","ppb","0","BUFFALO","24","100.0000","42401","Sulfur dioxide","15380","Buffalo-Cheektowaga-Niagara Falls, NY","36","New York","029","Erie","42.8769066671345","-78.8095260117327"
"02/25/2022","AQS","360290005","3","0.1","ppb","0","BUFFALO","24","100.0000","42401","Sulfur dioxide","15380","Buffalo-Cheektowaga-Niagara Falls, NY","36","New York","029","Erie","42.8769066671345","-78.8095260117327"
"02/26/2022","AQS","360290005","3","1.2","ppb","1","BUFFALO","24","100.0000","42401","Sulfur dioxide","15380","Buffalo-Cheektowaga-Niagara Falls, NY","36","New York","029","Erie","42.8769066671345","-78.8095260117327"
"02/27/2022","AQS","360290005","3","0.3","ppb","0","BUFFALO","24","100.0000","42401","Sulfur dioxide","15380","Buffalo-Cheektowaga-Niagara Falls, NY","36","New York","029","Erie","42.8769066671345","-78.8095260117327"
"02/28/2022","AQS","360290005","3","0.1","ppb","0","BUFFALO","24","100.0000","42401","Sulfur dioxide","15380","Buffalo-Cheektowaga-Niagara Falls, NY","36","New York","029","Erie","42.8769066671345","-78.8095260117327"
"03/01/2022","AQS","360290005","3","1.4","ppb","1","BUFFALO","22","92.0000","42401","Sulfur dioxide","15380","Buffalo-Cheektowaga-Niagara Falls, NY","36","New York","029","Erie","42.8769066671345","-78.8095260117327"
"03/02/2022","AQS","360290005","3","0.3","ppb","0","BUFFALO","24","100.0000","42401","Sulfur dioxide","15380","Buffalo-Cheektowaga-Niagara Falls, NY","36","New York","029","Erie","42.8769066671345","-78.8095260117327"
"03/03/2022","AQS","360290005","3","1.1","ppb","1","BUFFALO","24","100.0000","42401","Sulfur dioxide","15380","Buffalo-Cheektowaga-Niagara Falls, NY","36","New York","029","Erie","42.8769066671345","-78.8095260117327"
"03/04/2022","AQS","360290005","3","0.5","ppb","0","BUFFALO","24","100.0000","42401","Sulfur dioxide","15380","Buffalo-Cheektowaga-Niagara Falls, NY","36","New York","029","Erie","42.8769066671345","-78.8095260117327"
"03/05/2022","AQS","360290005","3","0.5","ppb","0","BUFFALO","24","100.0000","42401","Sulfur dioxide","15380","Buffalo-Cheektowaga-Niagara Falls, NY","36","New York","029","Erie","42.8769066671345","-78.8095260117327"
"03/06/2022","AQS","360290005","3","0.5","ppb","0","BUFFALO","24","100.0000","42401","Sulfur dioxide","15380","Buffalo-Cheektowaga-Niagara Falls, NY","36","New York","029","Erie","42.8769066671345","-78.8095260117327"
"03/07/2022","AQS","360290005","3","0.1","ppb","0","BUFFALO","22","92.0000","42401","Sulfur dioxide","15380","Buffalo-Cheektowaga-Niagara Falls, NY","36","New York","029","Erie","42.8769066671345","-78.8095260117327"
"03/08/2022","AQS","360290005","3","0.4","ppb","0","BUFFALO","24","100.0000","42401","Sulfur dioxide","15380","Buffalo-Cheektowaga-Niagara Falls, NY","36","New York","029","Erie","42.8769066671345","-78.8095260117327"
"03/09/2022","AQS","360290005","3","0.7","ppb","0","BUFFALO","24","100.0000","42401","Sulfur dioxide","15380","Buffalo-Cheektowaga-Niagara Falls, NY","36","New York","029","Erie","42.8769066671345","-78.8095260117327"
"03/10/2022","AQS","360290005","3","0.9","ppb","0","BUFFALO","22","92.0000","42401","Sulfur dioxide","15380","Buffalo-Cheektowaga-Niagara Falls, NY","36","New York","029","Erie","42.8769066671345","-78.8095260117327"
"03/11/2022","AQS","360290005","3","0.5","ppb","0","BUFFALO","24","100.0000","42401","Sulfur dioxide","15380","Buffalo-Cheektowaga-Niagara Falls, NY","36","New York","029","Erie","42.8769066671345","-78.8095260117327"
"03/12/2022","AQS","360290005","3","0.4","ppb","0","BUFFALO","24","100.0000","42401","Sulfur dioxide","15380","Buffalo-Cheektowaga-Niagara Falls, NY","36","New York","029","Erie","42.8769066671345","-78.8095260117327"
"03/13/2022","AQS","360290005","3","0.4","ppb","0","BUFFALO","24","100.0000","42401","Sulfur dioxide","15380","Buffalo-Cheektowaga-Niagara Falls, NY","36","New York","029","Erie","42.8769066671345","-78.8095260117327"
"03/14/2022","AQS","360290005","3","1.5","ppb","1","BUFFALO","24","100.0000","42401","Sulfur dioxide","15380","Buffalo-Cheektowaga-Niagara Falls, NY","36","New York","029","Erie","42.8769066671345","-78.8095260117327"
"03/15/2022","AQS","360290005","3","0.6","ppb","0","BUFFALO","22","92.0000","42401","Sulfur dioxide","15380","Buffalo-Cheektowaga-Niagara Falls, NY","36","New York","029","Erie","42.8769066671345","-78.8095260117327"
"03/16/2022","AQS","360290005","3","0.7","ppb","0","BUFFALO","24","100.0000","42401","Sulfur dioxide","15380","Buffalo-Cheektowaga-Niagara Falls, NY","36","New York","029","Erie","42.8769066671345","-78.8095260117327"
"03/17/2022","AQS","360290005","3","1.3","ppb","1","BUFFALO","24","100.0000","42401","Sulfur dioxide","15380","Buffalo-Cheektowaga-Niagara Falls, NY","36","New York","029","Erie","42.8769066671345","-78.8095260117327"
"03/18/2022","AQS","360290005","3","1.7","ppb","1","BUFFALO","22","92.0000","42401","Sulfur dioxide","15380","Buffalo-Cheektowaga-Niagara Falls, NY","36","New York","029","Erie","42.8769066671345","-78.8095260117327"
"03/19/2022","AQS","360290005","3","0.1","ppb","0","BUFFALO","24","100.0000","42401","Sulfur dioxide","15380","Buffalo-Cheektowaga-Niagara Falls, NY","36","New York","029","Erie","42.8769066671345","-78.8095260117327"
"03/20/2022","AQS","360290005","3","0.2","ppb","0","BUFFALO","24","100.0000","42401","Sulfur dioxide","15380","Buffalo-Cheektowaga-Niagara Falls, NY","36","New York","029","Erie","42.8769066671345","-78.8095260117327"
"03/21/2022","AQS","360290005","3","1.3","ppb","1","BUFFALO","22","92.0000","42401","Sulfur dioxide","15380","Buffalo-Cheektowaga-Niagara Falls, NY","36","New York","029","Erie","42.8769066671345","-78.8095260117327"
"03/22/2022","AQS","360290005","3","0.5","ppb","0","BUFFALO","24","100.0000","42401","Sulfur dioxide","15380","Buffalo-Cheektowaga-Niagara Falls, NY","36","New York","029","Erie","42.8769066671345","-78.8095260117327"
"03/23/2022","AQS","360290005","3","0.1","ppb","0","BUFFALO","24","100.0000","42401","Sulfur dioxide","15380","Buffalo-Cheektowaga-Niagara Falls, NY","36","New York","029","Erie","42.8769066671345","-78.8095260117327"
"03/24/2022","AQS","360290005","3","0.3","ppb","0","BUFFALO","24","100.0000","42401","Sulfur dioxide","15380","Buffalo-Cheektowaga-Niagara Falls, NY","36","New York","029","Erie","42.8769066671345","-78.8095260117327"
"03/25/2022","AQS","360290005","3","0.2","ppb","0","BUFFALO","24","100.0000","42401","Sulfur dioxide","15380","Buffalo-Cheektowaga-Niagara Falls, NY","36","New York","029","Erie","42.8769066671345","-78.8095260117327"
"03/26/2022","AQS","360290005","3","0.2","ppb","0","BUFFALO","24","100.0000","42401","Sulfur dioxide","15380","Buffalo-Cheektowaga-Niagara Falls, NY","36","New York","029","Erie","42.8769066671345","-78.8095260117327"
"03/27/2022","AQS","360290005","3","0.4","ppb","0","BUFFALO","24","100.0000","42401","Sulfur dioxide","15380","Buffalo-Cheektowaga-Niagara Falls, NY","36","New York","029","Erie","42.8769066671345","-78.8095260117327"
"03/28/2022","AQS","360290005","3","0.6","ppb","0","BUFFALO","23","96.0000","42401","Sulfur dioxide","15380","Buffalo-Cheektowaga-Niagara Falls, NY","36","New York","029","Erie","42.8769066671345","-78.8095260117327"
"03/29/2022","AQS","360290005","3","0.8","ppb","0","BUFFALO","24","100.0000","42401","Sulfur dioxide","15380","Buffalo-Cheektowaga-Niagara Falls, NY","36","New York","029","Erie","42.8769066671345","-78.8095260117327"
"03/30/2022","AQS","360290005","3","0.4","ppb","0","BUFFALO","24","100.0000","42401","Sulfur dioxide","15380","Buffalo-Cheektowaga-Niagara Falls, NY","36","New York","029","Erie","42.8769066671345","-78.8095260117327"
"03/31/2022","AQS","360290005","3","0.4","ppb","0","BUFFALO","22","92.0000","42401","Sulfur dioxide","15380","Buffalo-Cheektowaga-Niagara Falls, NY","36","New York","029","Erie","42.8769066671345","-78.8095260117327"
"04/01/2022","AQS","360290005","3","0.2","ppb","0","BUFFALO","24","100.0000","42401","Sulfur dioxide","15380","Buffalo-Cheektowaga-Niagara Falls, NY","36","New York","029","Erie","42.8769066671345","-78.8095260117327"
"04/02/2022","AQS","360290005","3","1.3","ppb","1","BUFFALO","24","100.0000","42401","Sulfur dioxide","15380","Buffalo-Cheektowaga-Niagara Falls, NY","36","New York","029","Erie","42.8769066671345","-78.8095260117327"
"04/03/2022","AQS","360290005","3","0.3","ppb","0","BUFFALO","24","100.0000","42401","Sulfur dioxide","15380","Buffalo-Cheektowaga-Niagara Falls, NY","36","New York","029","Erie","42.8769066671345","-78.8095260117327"
"04/04/2022","AQS","360290005","3","0.9","ppb","0","BUFFALO","24","100.0000","42401","Sulfur dioxide","15380","Buffalo-Cheektowaga-Niagara Falls, NY","36","New York","029","Erie","42.8769066671345","-78.8095260117327"
"04/05/2022","AQS","360290005","3","2.7","ppb","3","BUFFALO","24","100.0000","42401","Sulfur dioxide","15380","Buffalo-Cheektowaga-Niagara Falls, NY","36","New York","029","Erie","42.8769066671345","-78.8095260117327"
"04/06/2022","AQS","360290005","3","0.3","ppb","0","BUFFALO","24","100.0000","42401","Sulfur dioxide","15380","Buffalo-Cheektowaga-Niagara Falls, NY","36","New York","029","Erie","42.8769066671345","-78.8095260117327"
"04/07/2022","AQS","360290005","3","0.1","ppb","0","BUFFALO","24","100.0000","42401","Sulfur dioxide","15380","Buffalo-Cheektowaga-Niagara Falls, NY","36","New York","029","Erie","42.8769066671345","-78.8095260117327"
"04/08/2022","AQS","360290005","3","0.2","ppb","0","BUFFALO","21","88.0000","42401","Sulfur dioxide","15380","Buffalo-Cheektowaga-Niagara Falls, NY","36","New York","029","Erie","42.8769066671345","-78.8095260117327"
"04/09/2022","AQS","360290005","3","0.2","ppb","0","BUFFALO","24","100.0000","42401","Sulfur dioxide","15380","Buffalo-Cheektowaga-Niagara Falls, NY","36","New York","029","Erie","42.8769066671345","-78.8095260117327"
"04/10/2022","AQS","360290005","3","0.3","ppb","0","BUFFALO","24","100.0000","42401","Sulfur dioxide","15380","Buffalo-Cheektowaga-Niagara Falls, NY","36","New York","029","Erie","42.8769066671345","-78.8095260117327"
"04/11/2022","AQS","360290005","3","0.7","ppb","0","BUFFALO","24","100.0000","42401","Sulfur dioxide","15380","Buffalo-Cheektowaga-Niagara Falls, NY","36","New York","029","Erie","42.8769066671345","-78.8095260117327"
"04/12/2022","AQS","360290005","3","0.9","ppb","0","BUFFALO","22","92.0000","42401","Sulfur dioxide","15380","Buffalo-Cheektowaga-Niagara Falls, NY","36","New York","029","Erie","42.8769066671345","-78.8095260117327"
"04/13/2022","AQS","360290005","3","0.5","ppb","0","BUFFALO","24","100.0000","42401","Sulfur dioxide","15380","Buffalo-Cheektowaga-Niagara Falls, NY","36","New York","029","Erie","42.8769066671345","-78.8095260117327"
"04/14/2022","AQS","360290005","3","0.1","ppb","0","BUFFALO","24","100.0000","42401","Sulfur dioxide","15380","Buffalo-Cheektowaga-Niagara Falls, NY","36","New York","029","Erie","42.8769066671345","-78.8095260117327"
"04/15/2022","AQS","360290005","3","0.4","ppb","0","BUFFALO","24","100.0000","42401","Sulfur dioxide","15380","Buffalo-Cheektowaga-Niagara Falls, NY","36","New York","029","Erie","42.8769066671345","-78.8095260117327"
"04/16/2022","AQS","360290005","3","0.2","ppb","0","BUFFALO","24","100.0000","42401","Sulfur dioxide","15380","Buffalo-Cheektowaga-Niagara Falls, NY","36","New York","029","Erie","42.8769066671345","-78.8095260117327"
"04/17/2022","AQS","360290005","3","0.5","ppb","0","BUFFALO","24","100.0000","42401","Sulfur dioxide","15380","Buffalo-Cheektowaga-Niagara Falls, NY","36","New York","029","Erie","42.8769066671345","-78.8095260117327"
"04/18/2022","AQS","360290005","3","0.1","ppb","0","BUFFALO","22","92.0000","42401","Sulfur dioxide","15380","Buffalo-Cheektowaga-Niagara Falls, NY","36","New York","029","Erie","42.8769066671345","-78.8095260117327"
"04/19/2022","AQS","360290005","3","0.9","ppb","0","BUFFALO","24","100.0000","42401","Sulfur dioxide","15380","Buffalo-Cheektowaga-Niagara Falls, NY","36","New York","029","Erie","42.8769066671345","-78.8095260117327"
"04/20/2022","AQS","360290005","3","0.6","ppb","0","BUFFALO","24","100.0000","42401","Sulfur dioxide","15380","Buffalo-Cheektowaga-Niagara Falls, NY","36","New York","029","Erie","42.8769066671345","-78.8095260117327"
"04/21/2022","AQS","360290005","3","0.3","ppb","0","BUFFALO","24","100.0000","42401","Sulfur dioxide","15380","Buffalo-Cheektowaga-Niagara Falls, NY","36","New York","029","Erie","42.8769066671345","-78.8095260117327"
"04/22/2022","AQS","360290005","3","0.7","ppb","0","BUFFALO","24","100.0000","42401","Sulfur dioxide","15380","Buffalo-Cheektowaga-Niagara Falls, NY","36","New York","029","Erie","42.8769066671345","-78.8095260117327"
"04/23/2022","AQS","360290005","3","0.1","ppb","0","BUFFALO","24","100.0000","42401","Sulfur dioxide","15380","Buffalo-Cheektowaga-Niagara Falls, NY","36","New York","029","Erie","42.8769066671345","-78.8095260117327"
"04/24/2022","AQS","360290005","3","1.3","ppb","1","BUFFALO","24","100.0000","42401","Sulfur dioxide","15380","Buffalo-Cheektowaga-Niagara Falls, NY","36","New York","029","Erie","42.8769066671345","-78.8095260117327"
"04/25/2022","AQS","360290005","3","0.4","ppb","0","BUFFALO","21","88.0000","42401","Sulfur dioxide","15380","Buffalo-Cheektowaga-Niagara Falls, NY","36","New York","029","Erie","42.8769066671345","-78.8095260117327"
"04/26/2022","AQS","360290005","3","0.5","ppb","0","BUFFALO","24","100.0000","42401","Sulfur dioxide","15380","Buffalo-Cheektowaga-Niagara Falls, NY","36","New York","029","Erie","42.8769066671345","-78.8095260117327"
"04/27/2022","AQS","360290005","3","0.2","ppb","0","BUFFALO","24","100.0000","42401","Sulfur dioxide","15380","Buffalo-Cheektowaga-Niagara Falls, NY","36","New York","029","Erie","42.8769066671345","-78.8095260117327"
"04/28/2022","AQS","360290005","3","0.7","ppb","0","BUFFALO","24","100.0000","42401","Sulfur dioxide","15380","Buffalo-Cheektowaga-Niagara Falls, NY","36","New York","029","Erie","42.8769066671345","-78.8095260117327"
"04/29/2022","AQS","360290005","3","1.1","ppb","1","BUFFALO","24","100.0000","42401","Sulfur dioxide","15380","Buffalo-Cheektowaga-Niagara Falls, NY","36","New York","029","Erie","42.8769066671345","-78.8095260117327"
"04/30/2022","AQS","360290005","3","0.6","ppb","0","BUFFALO","24","100.0000","42401","Sulfur dioxide","15380","Buffalo-Cheektowaga-Niagara Falls, NY","36","New York","029","Erie","42.8769066671345","-78.8095260117327"
"05/01/2022","AQS","360290005","3","0.4","ppb","0","BUFFALO","24","100.0000","42401","Sulfur dioxide","15380","Buffalo-Cheektowaga-Niagara Falls, NY","36","New York","029","Erie","42.8769066671345","-78.8095260117327"
"05/02/2022","AQS","360290005","3","0.3","ppb","0","BUFFALO","21","88.0000","42401","Sulfur dioxide","15380","Buffalo-Cheektowaga-Niagara Falls, NY","36","New York","029","Erie","42.8769066671345","-78.8095260117327"
"05/03/2022","AQS","360290005","3","0.1","ppb","0","BUFFALO","24","100.0000","42401","Sulfur dioxide","15380","Buffalo-Cheektowaga-Niagara Falls, NY","36","New York","029","Erie","42.8769066671345","-78.8095260117327"
"05/04/2022","AQS","360290005","3","0.6","ppb","0","BUFFALO","24","100.0000","42401","Sulfur dioxide","15380","Buffalo-Cheektowaga-Niagara Falls, NY","36","New York","029","Erie","42.8769066671345","-78.8095260117327"
"05/05/2022","AQS","360290005","3","0","ppb","0","BUFFALO","24","100.0000","42401","Sulfur dioxide","15380","Buffalo-Cheektowaga-Niagara Falls, NY","36","New York","029","Erie","42.8769066671345","-78.8095260117327"
"05/06/2022","AQS","360290005","3","0.1","ppb","0","BUFFALO","24","100.0000","42401","Sulfur dioxide","15380","Buffalo-Cheektowaga-Niagara Falls, NY","36","New York","029","Erie","42.8769066671345","-78.8095260117327"
"05/07/2022","AQS","360290005","3","0.1","ppb","0","BUFFALO","24","100.0000","42401","Sulfur dioxide","15380","Buffalo-Cheektowaga-Niagara Falls, NY","36","New York","029","Erie","42.8769066671345","-78.8095260117327"
"05/08/2022","AQS","360290005","3","0.1","ppb","0","BUFFALO","24","100.0000","42401","Sulfur dioxide","15380","Buffalo-Cheektowaga-Niagara Falls, NY","36","New York","029","Erie","42.8769066671345","-78.8095260117327"
"05/09/2022","AQS","360290005","3","0.3","ppb","0","BUFFALO","21","88.0000","42401","Sulfur dioxide","15380","Buffalo-Cheektowaga-Niagara Falls, NY","36","New York","029","Erie","42.8769066671345","-78.8095260117327"
"05/10/2022","AQS","360290005","3","0.6","ppb","0","BUFFALO","24","100.0000","42401","Sulfur dioxide","15380","Buffalo-Cheektowaga-Niagara Falls, NY","36","New York","029","Erie","42.8769066671345","-78.8095260117327"
"05/11/2022","AQS","360290005","3","0.4","ppb","0","BUFFALO","24","100.0000","42401","Sulfur dioxide","15380","Buffalo-Cheektowaga-Niagara Falls, NY","36","New York","029","Erie","42.8769066671345","-78.8095260117327"
"05/12/2022","AQS","360290005","3","0.2","ppb","0","BUFFALO","24","100.0000","42401","Sulfur dioxide","15380","Buffalo-Cheektowaga-Niagara Falls, NY","36","New York","029","Erie","42.8769066671345","-78.8095260117327"
"05/13/2022","AQS","360290005","3","0.3","ppb","0","BUFFALO","24","100.0000","42401","Sulfur dioxide","15380","Buffalo-Cheektowaga-Niagara Falls, NY","36","New York","029","Erie","42.8769066671345","-78.8095260117327"
"05/14/2022","AQS","360290005","3","0.2","ppb","0","BUFFALO","24","100.0000","42401","Sulfur dioxide","15380","Buffalo-Cheektowaga-Niagara Falls, NY","36","New York","029","Erie","42.8769066671345","-78.8095260117327"
"05/15/2022","AQS","360290005","3","0.8","ppb","0","BUFFALO","24","100.0000","42401","Sulfur dioxide","15380","Buffalo-Cheektowaga-Niagara Falls, NY","36","New York","029","Erie","42.8769066671345","-78.8095260117327"
"05/16/2022","AQS","360290005","3","0.4","ppb","0","BUFFALO","24","100.0000","42401","Sulfur dioxide","15380","Buffalo-Cheektowaga-Niagara Falls, NY","36","New York","029","Erie","42.8769066671345","-78.8095260117327"
"05/17/2022","AQS","360290005","3","0.8","ppb","0","BUFFALO","22","92.0000","42401","Sulfur dioxide","15380","Buffalo-Cheektowaga-Niagara Falls, NY","36","New York","029","Erie","42.8769066671345","-78.8095260117327"
"05/18/2022","AQS","360290005","3","0.3","ppb","0","BUFFALO","24","100.0000","42401","Sulfur dioxide","15380","Buffalo-Cheektowaga-Niagara Falls, NY","36","New York","029","Erie","42.8769066671345","-78.8095260117327"
"05/19/2022","AQS","360290005","3","0.3","ppb","0","BUFFALO","24","100.0000","42401","Sulfur dioxide","15380","Buffalo-Cheektowaga-Niagara Falls, NY","36","New York","029","Erie","42.8769066671345","-78.8095260117327"
"05/20/2022","AQS","360290005","3","0.3","ppb","0","BUFFALO","24","100.0000","42401","Sulfur dioxide","15380","Buffalo-Cheektowaga-Niagara Falls, NY","36","New York","029","Erie","42.8769066671345","-78.8095260117327"
"05/21/2022","AQS","360290005","3","0.5","ppb","0","BUFFALO","24","100.0000","42401","Sulfur dioxide","15380","Buffalo-Cheektowaga-Niagara Falls, NY","36","New York","029","Erie","42.8769066671345","-78.8095260117327"
"05/22/2022","AQS","360290005","3","0","ppb","0","BUFFALO","24","100.0000","42401","Sulfur dioxide","15380","Buffalo-Cheektowaga-Niagara Falls, NY","36","New York","029","Erie","42.8769066671345","-78.8095260117327"
"05/23/2022","AQS","360290005","3","0.1","ppb","0","BUFFALO","24","100.0000","42401","Sulfur dioxide","15380","Buffalo-Cheektowaga-Niagara Falls, NY","36","New York","029","Erie","42.8769066671345","-78.8095260117327"
"05/24/2022","AQS","360290005","3","0","ppb","0","BUFFALO","24","100.0000","42401","Sulfur dioxide","15380","Buffalo-Cheektowaga-Niagara Falls, NY","36","New York","029","Erie","42.8769066671345","-78.8095260117327"
"05/25/2022","AQS","360290005","3","0","ppb","0","BUFFALO","24","100.0000","42401","Sulfur dioxide","15380","Buffalo-Cheektowaga-Niagara Falls, NY","36","New York","029","Erie","42.8769066671345","-78.8095260117327"
"05/26/2022","AQS","360290005","3","0","ppb","0","BUFFALO","23","96.0000","42401","Sulfur dioxide","15380","Buffalo-Cheektowaga-Niagara Falls, NY","36","New York","029","Erie","42.8769066671345","-78.8095260117327"
"05/27/2022","AQS","360290005","3","0.3","ppb","0","BUFFALO","22","92.0000","42401","Sulfur dioxide","15380","Buffalo-Cheektowaga-Niagara Falls, NY","36","New York","029","Erie","42.8769066671345","-78.8095260117327"
"05/28/2022","AQS","360290005","3","0.3","ppb","0","BUFFALO","24","100.0000","42401","Sulfur dioxide","15380","Buffalo-Cheektowaga-Niagara Falls, NY","36","New York","029","Erie","42.8769066671345","-78.8095260117327"
"05/29/2022","AQS","360290005","3","0.6","ppb","0","BUFFALO","24","100.0000","42401","Sulfur dioxide","15380","Buffalo-Cheektowaga-Niagara Falls, NY","36","New York","029","Erie","42.8769066671345","-78.8095260117327"
"05/30/2022","AQS","360290005","3","0.7","ppb","0","BUFFALO","24","100.0000","42401","Sulfur dioxide","15380","Buffalo-Cheektowaga-Niagara Falls, NY","36","New York","029","Erie","42.8769066671345","-78.8095260117327"
"05/31/2022","AQS","360290005","3","1.1","ppb","1","BUFFALO","24","100.0000","42401","Sulfur dioxide","15380","Buffalo-Cheektowaga-Niagara Falls, NY","36","New York","029","Erie","42.8769066671345","-78.8095260117327"
"06/01/2022","AQS","360290005","3","0.7","ppb","0","BUFFALO","21","88.0000","42401","Sulfur dioxide","15380","Buffalo-Cheektowaga-Niagara Falls, NY","36","New York","029","Erie","42.8769066671345","-78.8095260117327"
"06/02/2022","AQS","360290005","3","2.3","ppb","3","BUFFALO","24","100.0000","42401","Sulfur dioxide","15380","Buffalo-Cheektowaga-Niagara Falls, NY","36","New York","029","Erie","42.8769066671345","-78.8095260117327"
"06/03/2022","AQS","360290005","3","2.2","ppb","3","BUFFALO","24","100.0000","42401","Sulfur dioxide","15380","Buffalo-Cheektowaga-Niagara Falls, NY","36","New York","029","Erie","42.8769066671345","-78.8095260117327"
"06/04/2022","AQS","360290005","3","1.5","ppb","1","BUFFALO","24","100.0000","42401","Sulfur dioxide","15380","Buffalo-Cheektowaga-Niagara Falls, NY","36","New York","029","Erie","42.8769066671345","-78.8095260117327"
"06/05/2022","AQS","360290005","3","0.5","ppb","0","BUFFALO","24","100.0000","42401","Sulfur dioxide","15380","Buffalo-Cheektowaga-Niagara Falls, NY","36","New York","029","Erie","42.8769066671345","-78.8095260117327"
"06/06/2022","AQS","360290005","3","0.5","ppb","0","BUFFALO","24","100.0000","42401","Sulfur dioxide","15380","Buffalo-Cheektowaga-Niagara Falls, NY","36","New York","029","Erie","42.8769066671345","-78.8095260117327"
"06/07/2022","AQS","360290005","3","0.5","ppb","0","BUFFALO","22","92.0000","42401","Sulfur dioxide","15380","Buffalo-Cheektowaga-Niagara Falls, NY","36","New York","029","Erie","42.8769066671345","-78.8095260117327"
"06/08/2022","AQS","360290005","3","0.5","ppb","0","BUFFALO","24","100.0000","42401","Sulfur dioxide","15380","Buffalo-Cheektowaga-Niagara Falls, NY","36","New York","029","Erie","42.8769066671345","-78.8095260117327"
"06/09/2022","AQS","360290005","3","0.2","ppb","0","BUFFALO","24","100.0000","42401","Sulfur dioxide","15380","Buffalo-Cheektowaga-Niagara Falls, NY","36","New York","029","Erie","42.8769066671345","-78.8095260117327"
"06/10/2022","AQS","360290005","3","1.1","ppb","1","BUFFALO","24","100.0000","42401","Sulfur dioxide","15380","Buffalo-Cheektowaga-Niagara Falls, NY","36","New York","029","Erie","42.8769066671345","-78.8095260117327"
"06/11/2022","AQS","360290005","3","0.5","ppb","0","BUFFALO","24","100.0000","42401","Sulfur dioxide","15380","Buffalo-Cheektowaga-Niagara Falls, NY","36","New York","029","Erie","42.8769066671345","-78.8095260117327"
"06/12/2022","AQS","360290005","3","0.5","ppb","0","BUFFALO","24","100.0000","42401","Sulfur dioxide","15380","Buffalo-Cheektowaga-Niagara Falls, NY","36","New York","029","Erie","42.8769066671345","-78.8095260117327"
"06/13/2022","AQS","360290005","3","0.3","ppb","0","BUFFALO","24","100.0000","42401","Sulfur dioxide","15380","Buffalo-Cheektowaga-Niagara Falls, NY","36","New York","029","Erie","42.8769066671345","-78.8095260117327"
"06/14/2022","AQS","360290005","3","0.2","ppb","0","BUFFALO","24","100.0000","42401","Sulfur dioxide","15380","Buffalo-Cheektowaga-Niagara Falls, NY","36","New York","029","Erie","42.8769066671345","-78.8095260117327"
"06/15/2022","AQS","360290005","3","0.2","ppb","0","BUFFALO","23","96.0000","42401","Sulfur dioxide","15380","Buffalo-Cheektowaga-Niagara Falls, NY","36","New York","029","Erie","42.8769066671345","-78.8095260117327"
"06/16/2022","AQS","360290005","3","0.5","ppb","0","BUFFALO","21","88.0000","42401","Sulfur dioxide","15380","Buffalo-Cheektowaga-Niagara Falls, NY","36","New York","029","Erie","42.8769066671345","-78.8095260117327"
"06/17/2022","AQS","360290005","3","0.5","ppb","0","BUFFALO","24","100.0000","42401","Sulfur dioxide","15380","Buffalo-Cheektowaga-Niagara Falls, NY","36","New York","029","Erie","42.8769066671345","-78.8095260117327"
"06/18/2022","AQS","360290005","3","0.4","ppb","0","BUFFALO","24","100.0000","42401","Sulfur dioxide","15380","Buffalo-Cheektowaga-Niagara Falls, NY","36","New York","029","Erie","42.8769066671345","-78.8095260117327"
"06/19/2022","AQS","360290005","3","1.3","ppb","1","BUFFALO","24","100.0000","42401","Sulfur dioxide","15380","Buffalo-Cheektowaga-Niagara Falls, NY","36","New York","029","Erie","42.8769066671345","-78.8095260117327"
"06/20/2022","AQS","360290005","3","0.9","ppb","0","BUFFALO","24","100.0000","42401","Sulfur dioxide","15380","Buffalo-Cheektowaga-Niagara Falls, NY","36","New York","029","Erie","42.8769066671345","-78.8095260117327"
"06/21/2022","AQS","360290005","3","1","ppb","1","BUFFALO","24","100.0000","42401","Sulfur dioxide","15380","Buffalo-Cheektowaga-Niagara Falls, NY","36","New York","029","Erie","42.8769066671345","-78.8095260117327"
"06/22/2022","AQS","360290005","3","1.9","ppb","1","BUFFALO","24","100.0000","42401","Sulfur dioxide","15380","Buffalo-Cheektowaga-Niagara Falls, NY","36","New York","029","Erie","42.8769066671345","-78.8095260117327"
"06/23/2022","AQS","360290005","3","1.6","ppb","1","BUFFALO","24","100.0000","42401","Sulfur dioxide","15380","Buffalo-Cheektowaga-Niagara Falls, NY","36","New York","029","Erie","42.8769066671345","-78.8095260117327"
"06/24/2022","AQS","360290005","3","1.5","ppb","1","BUFFALO","24","100.0000","42401","Sulfur dioxide","15380","Buffalo-Cheektowaga-Niagara Falls, NY","36","New York","029","Erie","42.8769066671345","-78.8095260117327"
"06/25/2022","AQS","360290005","3","0.5","ppb","0","BUFFALO","24","100.0000","42401","Sulfur dioxide","15380","Buffalo-Cheektowaga-Niagara Falls, NY","36","New York","029","Erie","42.8769066671345","-78.8095260117327"
"06/26/2022","AQS","360290005","3","0.7","ppb","0","BUFFALO","24","100.0000","42401","Sulfur dioxide","15380","Buffalo-Cheektowaga-Niagara Falls, NY","36","New York","029","Erie","42.8769066671345","-78.8095260117327"
"06/27/2022","AQS","360290005","3","2.2","ppb","3","BUFFALO","24","100.0000","42401","Sulfur dioxide","15380","Buffalo-Cheektowaga-Niagara Falls, NY","36","New York","029","Erie","42.8769066671345","-78.8095260117327"
"06/28/2022","AQS","360290005","3","2.3","ppb","3","BUFFALO","22","92.0000","42401","Sulfur dioxide","15380","Buffalo-Cheektowaga-Niagara Falls, NY","36","New York","029","Erie","42.8769066671345","-78.8095260117327"
"06/29/2022","AQS","360290005","3","1","ppb","1","BUFFALO","24","100.0000","42401","Sulfur dioxide","15380","Buffalo-Cheektowaga-Niagara Falls, NY","36","New York","029","Erie","42.8769066671345","-78.8095260117327"
"06/30/2022","AQS","360290005","3","1.7","ppb","1","BUFFALO","24","100.0000","42401","Sulfur dioxide","15380","Buffalo-Cheektowaga-Niagara Falls, NY","36","New York","029","Erie","42.8769066671345","-78.8095260117327"
"07/01/2022","AQS","360290005","3","1.2","ppb","1","BUFFALO","24","100.0000","42401","Sulfur dioxide","15380","Buffalo-Cheektowaga-Niagara Falls, NY","36","New York","029","Erie","42.8769066671345","-78.8095260117327"
"07/02/2022","AQS","360290005","3","1.4","ppb","1","BUFFALO","24","100.0000","42401","Sulfur dioxide","15380","Buffalo-Cheektowaga-Niagara Falls, NY","36","New York","029","Erie","42.8769066671345","-78.8095260117327"
"07/03/2022","AQS","360290005","3","1.6","ppb","1","BUFFALO","24","100.0000","42401","Sulfur dioxide","15380","Buffalo-Cheektowaga-Niagara Falls, NY","36","New York","029","Erie","42.8769066671345","-78.8095260117327"
"07/04/2022","AQS","360290005","3","19.2","ppb","27","BUFFALO","24","100.0000","42401","Sulfur dioxide","15380","Buffalo-Cheektowaga-Niagara Falls, NY","36","New York","029","Erie","42.8769066671345","-78.8095260117327"
"07/05/2022","AQS","360290005","3","0.6","ppb","0","BUFFALO","24","100.0000","42401","Sulfur dioxide","15380","Buffalo-Cheektowaga-Niagara Falls, NY","36","New York","029","Erie","42.8769066671345","-78.8095260117327"
"07/06/2022","AQS","360290005","3","0.1","ppb","0","BUFFALO","22","92.0000","42401","Sulfur dioxide","15380","Buffalo-Cheektowaga-Niagara Falls, NY","36","New York","029","Erie","42.8769066671345","-78.8095260117327"
"07/07/2022","AQS","360290005","3","0.3","ppb","0","BUFFALO","24","100.0000","42401","Sulfur dioxide","15380","Buffalo-Cheektowaga-Niagara Falls, NY","36","New York","029","Erie","42.8769066671345","-78.8095260117327"
"07/08/2022","AQS","360290005","3","1.6","ppb","1","BUFFALO","24","100.0000","42401","Sulfur dioxide","15380","Buffalo-Cheektowaga-Niagara Falls, NY","36","New York","029","Erie","42.8769066671345","-78.8095260117327"
"07/09/2022","AQS","360290005","3","0.4","ppb","0","BUFFALO","24","100.0000","42401","Sulfur dioxide","15380","Buffalo-Cheektowaga-Niagara Falls, NY","36","New York","029","Erie","42.8769066671345","-78.8095260117327"
"07/10/2022","AQS","360290005","3","0.3","ppb","0","BUFFALO","24","100.0000","42401","Sulfur dioxide","15380","Buffalo-Cheektowaga-Niagara Falls, NY","36","New York","029","Erie","42.8769066671345","-78.8095260117327"
"07/11/2022","AQS","360290005","3","0.5","ppb","0","BUFFALO","24","100.0000","42401","Sulfur dioxide","15380","Buffalo-Cheektowaga-Niagara Falls, NY","36","New York","029","Erie","42.8769066671345","-78.8095260117327"
"07/12/2022","AQS","360290005","3","0.7","ppb","0","BUFFALO","24","100.0000","42401","Sulfur dioxide","15380","Buffalo-Cheektowaga-Niagara Falls, NY","36","New York","029","Erie","42.8769066671345","-78.8095260117327"
"07/13/2022","AQS","360290005","3","1.4","ppb","1","BUFFALO","21","88.0000","42401","Sulfur dioxide","15380","Buffalo-Cheektowaga-Niagara Falls, NY","36","New York","029","Erie","42.8769066671345","-78.8095260117327"
"07/14/2022","AQS","360290005","3","0.6","ppb","0","BUFFALO","24","100.0000","42401","Sulfur dioxide","15380","Buffalo-Cheektowaga-Niagara Falls, NY","36","New York","029","Erie","42.8769066671345","-78.8095260117327"
"07/15/2022","AQS","360290005","3","1.2","ppb","1","BUFFALO","24","100.0000","42401","Sulfur dioxide","15380","Buffalo-Cheektowaga-Niagara Falls, NY","36","New York","029","Erie","42.8769066671345","-78.8095260117327"
"07/16/2022","AQS","360290005","3","0.5","ppb","0","BUFFALO","24","100.0000","42401","Sulfur dioxide","15380","Buffalo-Cheektowaga-Niagara Falls, NY","36","New York","029","Erie","42.8769066671345","-78.8095260117327"
"07/17/2022","AQS","360290005","3","0.7","ppb","0","BUFFALO","24","100.0000","42401","Sulfur dioxide","15380","Buffalo-Cheektowaga-Niagara Falls, NY","36","New York","029","Erie","42.8769066671345","-78.8095260117327"
"07/18/2022","AQS","360290005","3","0.3","ppb","0","BUFFALO","24","100.0000","42401","Sulfur dioxide","15380","Buffalo-Cheektowaga-Niagara Falls, NY","36","New York","029","Erie","42.8769066671345","-78.8095260117327"
"07/19/2022","AQS","360290005","3","0.7","ppb","0","BUFFALO","24","100.0000","42401","Sulfur dioxide","15380","Buffalo-Cheektowaga-Niagara Falls, NY","36","New York","029","Erie","42.8769066671345","-78.8095260117327"
"07/20/2022","AQS","360290005","3","0.7","ppb","0","BUFFALO","24","100.0000","42401","Sulfur dioxide","15380","Buffalo-Cheektowaga-Niagara Falls, NY","36","New York","029","Erie","42.8769066671345","-78.8095260117327"
"07/21/2022","AQS","360290005","3","0.4","ppb","0","BUFFALO","24","100.0000","42401","Sulfur dioxide","15380","Buffalo-Cheektowaga-Niagara Falls, NY","36","New York","029","Erie","42.8769066671345","-78.8095260117327"
"07/22/2022","AQS","360290005","3","0.5","ppb","0","BUFFALO","21","88.0000","42401","Sulfur dioxide","15380","Buffalo-Cheektowaga-Niagara Falls, NY","36","New York","029","Erie","42.8769066671345","-78.8095260117327"
"07/23/2022","AQS","360290005","3","0.8","ppb","0","BUFFALO","24","100.0000","42401","Sulfur dioxide","15380","Buffalo-Cheektowaga-Niagara Falls, NY","36","New York","029","Erie","42.8769066671345","-78.8095260117327"
"07/24/2022","AQS","360290005","3","0.1","ppb","0","BUFFALO","24","100.0000","42401","Sulfur dioxide","15380","Buffalo-Cheektowaga-Niagara Falls, NY","36","New York","029","Erie","42.8769066671345","-78.8095260117327"
"07/25/2022","AQS","360290005","3","1.2","ppb","1","BUFFALO","24","100.0000","42401","Sulfur dioxide","15380","Buffalo-Cheektowaga-Niagara Falls, NY","36","New York","029","Erie","42.8769066671345","-78.8095260117327"
"07/26/2022","AQS","360290005","3","1.3","ppb","1","BUFFALO","24","100.0000","42401","Sulfur dioxide","15380","Buffalo-Cheektowaga-Niagara Falls, NY","36","New York","029","Erie","42.8769066671345","-78.8095260117327"
"07/27/2022","AQS","360290005","3","0.7","ppb","0","BUFFALO","24","100.0000","42401","Sulfur dioxide","15380","Buffalo-Cheektowaga-Niagara Falls, NY","36","New York","029","Erie","42.8769066671345","-78.8095260117327"
"07/28/2022","AQS","360290005","3","0.3","ppb","0","BUFFALO","21","88.0000","42401","Sulfur dioxide","15380","Buffalo-Cheektowaga-Niagara Falls, NY","36","New York","029","Erie","42.8769066671345","-78.8095260117327"
"07/29/2022","AQS","360290005","3","2.2","ppb","3","BUFFALO","24","100.0000","42401","Sulfur dioxide","15380","Buffalo-Cheektowaga-Niagara Falls, NY","36","New York","029","Erie","42.8769066671345","-78.8095260117327"
"07/30/2022","AQS","360290005","3","1.7","ppb","1","BUFFALO","24","100.0000","42401","Sulfur dioxide","15380","Buffalo-Cheektowaga-Niagara Falls, NY","36","New York","029","Erie","42.8769066671345","-78.8095260117327"
"07/31/2022","AQS","360290005","3","0.9","ppb","0","BUFFALO","24","100.0000","42401","Sulfur dioxide","15380","Buffalo-Cheektowaga-Niagara Falls, NY","36","New York","029","Erie","42.8769066671345","-78.8095260117327"
"08/01/2022","AQS","360290005","3","0.5","ppb","0","BUFFALO","24","100.0000","42401","Sulfur dioxide","15380","Buffalo-Cheektowaga-Niagara Falls, NY","36","New York","029","Erie","42.8769066671345","-78.8095260117327"
"08/02/2022","AQS","360290005","3","0.7","ppb","0","BUFFALO","24","100.0000","42401","Sulfur dioxide","15380","Buffalo-Cheektowaga-Niagara Falls, NY","36","New York","029","Erie","42.8769066671345","-78.8095260117327"
"08/03/2022","AQS","360290005","3","1.2","ppb","1","BUFFALO","21","88.0000","42401","Sulfur dioxide","15380","Buffalo-Cheektowaga-Niagara Falls, NY","36","New York","029","Erie","42.8769066671345","-78.8095260117327"
"08/04/2022","AQS","360290005","3","0.1","ppb","0","BUFFALO","24","100.0000","42401","Sulfur dioxide","15380","Buffalo-Cheektowaga-Niagara Falls, NY","36","New York","029","Erie","42.8769066671345","-78.8095260117327"
"08/05/2022","AQS","360290005","3","0.4","ppb","0","BUFFALO","24","100.0000","42401","Sulfur dioxide","15380","Buffalo-Cheektowaga-Niagara Falls, NY","36","New York","029","Erie","42.8769066671345","-78.8095260117327"
"08/06/2022","AQS","360290005","3","0.6","ppb","0","BUFFALO","24","100.0000","42401","Sulfur dioxide","15380","Buffalo-Cheektowaga-Niagara Falls, NY","36","New York","029","Erie","42.8769066671345","-78.8095260117327"
"08/07/2022","AQS","360290005","3","0","ppb","0","BUFFALO","24","100.0000","42401","Sulfur dioxide","15380","Buffalo-Cheektowaga-Niagara Falls, NY","36","New York","029","Erie","42.8769066671345","-78.8095260117327"
"08/08/2022","AQS","360290005","3","0","ppb","0","BUFFALO","24","100.0000","42401","Sulfur dioxide","15380","Buffalo-Cheektowaga-Niagara Falls, NY","36","New York","029","Erie","42.8769066671345","-78.8095260117327"
"08/09/2022","AQS","360290005","3","0.7","ppb","0","BUFFALO","24","100.0000","42401","Sulfur dioxide","15380","Buffalo-Cheektowaga-Niagara Falls, NY","36","New York","029","Erie","42.8769066671345","-78.8095260117327"
"08/10/2022","AQS","360290005","3","1.6","ppb","1","BUFFALO","24","100.0000","42401","Sulfur dioxide","15380","Buffalo-Cheektowaga-Niagara Falls, NY","36","New York","029","Erie","42.8769066671345","-78.8095260117327"
"08/11/2022","AQS","360290005","3","0.9","ppb","0","BUFFALO","24","100.0000","42401","Sulfur dioxide","15380","Buffalo-Cheektowaga-Niagara Falls, NY","36","New York","029","Erie","42.8769066671345","-78.8095260117327"
"08/12/2022","AQS","360290005","3","0.3","ppb","0","BUFFALO","21","88.0000","42401","Sulfur dioxide","15380","Buffalo-Cheektowaga-Niagara Falls, NY","36","New York","029","Erie","42.8769066671345","-78.8095260117327"
"08/13/2022","AQS","360290005","3","0.5","ppb","0","BUFFALO","24","100.0000","42401","Sulfur dioxide","15380","Buffalo-Cheektowaga-Niagara Falls, NY","36","New York","029","Erie","42.8769066671345","-78.8095260117327"
"08/14/2022","AQS","360290005","3","0.2","ppb","0","BUFFALO","24","100.0000","42401","Sulfur dioxide","15380","Buffalo-Cheektowaga-Niagara Falls, NY","36","New York","029","Erie","42.8769066671345","-78.8095260117327"
"08/15/2022","AQS","360290005","3","0.2","ppb","0","BUFFALO","24","100.0000","42401","Sulfur dioxide","15380","Buffalo-Cheektowaga-Niagara Falls, NY","36","New York","029","Erie","42.8769066671345","-78.8095260117327"
"08/16/2022","AQS","360290005","3","0.3","ppb","0","BUFFALO","24","100.0000","42401","Sulfur dioxide","15380","Buffalo-Cheektowaga-Niagara Falls, NY","36","New York","029","Erie","42.8769066671345","-78.8095260117327"
"08/17/2022","AQS","360290005","3","0.4","ppb","0","BUFFALO","24","100.0000","42401","Sulfur dioxide","15380","Buffalo-Cheektowaga-Niagara Falls, NY","36","New York","029","Erie","42.8769066671345","-78.8095260117327"
"08/18/2022","AQS","360290005","3","2.3","ppb","3","BUFFALO","20","83.0000","42401","Sulfur dioxide","15380","Buffalo-Cheektowaga-Niagara Falls, NY","36","New York","029","Erie","42.8769066671345","-78.8095260117327"
"08/19/2022","AQS","360290005","3","1.1","ppb","1","BUFFALO","24","100.0000","42401","Sulfur dioxide","15380","Buffalo-Cheektowaga-Niagara Falls, NY","36","New York","029","Erie","42.8769066671345","-78.8095260117327"
"08/20/2022","AQS","360290005","3","1.5","ppb","1","BUFFALO","24","100.0000","42401","Sulfur dioxide","15380","Buffalo-Cheektowaga-Niagara Falls, NY","36","New York","029","Erie","42.8769066671345","-78.8095260117327"
"08/21/2022","AQS","360290005","3","0.2","ppb","0","BUFFALO","24","100.0000","42401","Sulfur dioxide","15380","Buffalo-Cheektowaga-Niagara Falls, NY","36","New York","029","Erie","42.8769066671345","-78.8095260117327"
"08/22/2022","AQS","360290005","3","0.5","ppb","0","BUFFALO","24","100.0000","42401","Sulfur dioxide","15380","Buffalo-Cheektowaga-Niagara Falls, NY","36","New York","029","Erie","42.8769066671345","-78.8095260117327"
"08/23/2022","AQS","360290005","3","0.7","ppb","0","BUFFALO","24","100.0000","42401","Sulfur dioxide","15380","Buffalo-Cheektowaga-Niagara Falls, NY","36","New York","029","Erie","42.8769066671345","-78.8095260117327"
"08/24/2022","AQS","360290005","3","1.7","ppb","1","BUFFALO","24","100.0000","42401","Sulfur dioxide","15380","Buffalo-Cheektowaga-Niagara Falls, NY","36","New York","029","Erie","42.8769066671345","-78.8095260117327"
"08/25/2022","AQS","360290005","3","0.4","ppb","0","BUFFALO","24","100.0000","42401","Sulfur dioxide","15380","Buffalo-Cheektowaga-Niagara Falls, NY","36","New York","029","Erie","42.8769066671345","-78.8095260117327"
"08/26/2022","AQS","360290005","3","0.6","ppb","0","BUFFALO","24","100.0000","42401","Sulfur dioxide","15380","Buffalo-Cheektowaga-Niagara Falls, NY","36","New York","029","Erie","42.8769066671345","-78.8095260117327"
"08/27/2022","AQS","360290005","3","0.2","ppb","0","BUFFALO","24","100.0000","42401","Sulfur dioxide","15380","Buffalo-Cheektowaga-Niagara Falls, NY","36","New York","029","Erie","42.8769066671345","-78.8095260117327"
"08/28/2022","AQS","360290005","3","1.2","ppb","1","BUFFALO","24","100.0000","42401","Sulfur dioxide","15380","Buffalo-Cheektowaga-Niagara Falls, NY","36","New York","029","Erie","42.8769066671345","-78.8095260117327"
"08/29/2022","AQS","360290005","3","0.6","ppb","0","BUFFALO","22","92.0000","42401","Sulfur dioxide","15380","Buffalo-Cheektowaga-Niagara Falls, NY","36","New York","029","Erie","42.8769066671345","-78.8095260117327"
"08/30/2022","AQS","360290005","3","0.2","ppb","0","BUFFALO","24","100.0000","42401","Sulfur dioxide","15380","Buffalo-Cheektowaga-Niagara Falls, NY","36","New York","029","Erie","42.8769066671345","-78.8095260117327"
"08/31/2022","AQS","360290005","3","0.8","ppb","0","BUFFALO","24","100.0000","42401","Sulfur dioxide","15380","Buffalo-Cheektowaga-Niagara Falls, NY","36","New York","029","Erie","42.8769066671345","-78.8095260117327"
"09/01/2022","AQS","360290005","3","1","ppb","1","BUFFALO","24","100.0000","42401","Sulfur dioxide","15380","Buffalo-Cheektowaga-Niagara Falls, NY","36","New York","029","Erie","42.8769066671345","-78.8095260117327"
"09/02/2022","AQS","360290005","3","0.4","ppb","0","BUFFALO","24","100.0000","42401","Sulfur dioxide","15380","Buffalo-Cheektowaga-Niagara Falls, NY","36","New York","029","Erie","42.8769066671345","-78.8095260117327"
"09/03/2022","AQS","360290005","3","0.6","ppb","0","BUFFALO","24","100.0000","42401","Sulfur dioxide","15380","Buffalo-Cheektowaga-Niagara Falls, NY","36","New York","029","Erie","42.8769066671345","-78.8095260117327"
"09/04/2022","AQS","360290005","3","0.4","ppb","0","BUFFALO","24","100.0000","42401","Sulfur dioxide","15380","Buffalo-Cheektowaga-Niagara Falls, NY","36","New York","029","Erie","42.8769066671345","-78.8095260117327"
"09/05/2022","AQS","360290005","3","0","ppb","0","BUFFALO","24","100.0000","42401","Sulfur dioxide","15380","Buffalo-Cheektowaga-Niagara Falls, NY","36","New York","029","Erie","42.8769066671345","-78.8095260117327"
"09/06/2022","AQS","360290005","3","0","ppb","0","BUFFALO","22","92.0000","42401","Sulfur dioxide","15380","Buffalo-Cheektowaga-Niagara Falls, NY","36","New York","029","Erie","42.8769066671345","-78.8095260117327"
"09/07/2022","AQS","360290005","3","0.1","ppb","0","BUFFALO","24","100.0000","42401","Sulfur dioxide","15380","Buffalo-Cheektowaga-Niagara Falls, NY","36","New York","029","Erie","42.8769066671345","-78.8095260117327"
"09/08/2022","AQS","360290005","3","0.3","ppb","0","BUFFALO","24","100.0000","42401","Sulfur dioxide","15380","Buffalo-Cheektowaga-Niagara Falls, NY","36","New York","029","Erie","42.8769066671345","-78.8095260117327"
"09/09/2022","AQS","360290005","3","2","ppb","3","BUFFALO","24","100.0000","42401","Sulfur dioxide","15380","Buffalo-Cheektowaga-Niagara Falls, NY","36","New York","029","Erie","42.8769066671345","-78.8095260117327"
"09/10/2022","AQS","360290005","3","1.1","ppb","1","BUFFALO","24","100.0000","42401","Sulfur dioxide","15380","Buffalo-Cheektowaga-Niagara Falls, NY","36","New York","029","Erie","42.8769066671345","-78.8095260117327"
"09/11/2022","AQS","360290005","3","0.2","ppb","0","BUFFALO","24","100.0000","42401","Sulfur dioxide","15380","Buffalo-Cheektowaga-Niagara Falls, NY","36","New York","029","Erie","42.8769066671345","-78.8095260117327"
"09/12/2022","AQS","360290005","3","0.2","ppb","0","BUFFALO","22","92.0000","42401","Sulfur dioxide","15380","Buffalo-Cheektowaga-Niagara Falls, NY","36","New York","029","Erie","42.8769066671345","-78.8095260117327"
"09/13/2022","AQS","360290005","3","1","ppb","1","BUFFALO","24","100.0000","42401","Sulfur dioxide","15380","Buffalo-Cheektowaga-Niagara Falls, NY","36","New York","029","Erie","42.8769066671345","-78.8095260117327"
"09/14/2022","AQS","360290005","3","1.1","ppb","1","BUFFALO","24","100.0000","42401","Sulfur dioxide","15380","Buffalo-Cheektowaga-Niagara Falls, NY","36","New York","029","Erie","42.8769066671345","-78.8095260117327"
"09/15/2022","AQS","360290005","3","0.2","ppb","0","BUFFALO","24","100.0000","42401","Sulfur dioxide","15380","Buffalo-Cheektowaga-Niagara Falls, NY","36","New York","029","Erie","42.8769066671345","-78.8095260117327"
"09/16/2022","AQS","360290005","3","0.7","ppb","0","BUFFALO","24","100.0000","42401","Sulfur dioxide","15380","Buffalo-Cheektowaga-Niagara Falls, NY","36","New York","029","Erie","42.8769066671345","-78.8095260117327"
"09/17/2022","AQS","360290005","3","0.5","ppb","0","BUFFALO","24","100.0000","42401","Sulfur dioxide","15380","Buffalo-Cheektowaga-Niagara Falls, NY","36","New York","029","Erie","42.8769066671345","-78.8095260117327"
"09/18/2022","AQS","360290005","3","0.7","ppb","0","BUFFALO","24","100.0000","42401","Sulfur dioxide","15380","Buffalo-Cheektowaga-Niagara Falls, NY","36","New York","029","Erie","42.8769066671345","-78.8095260117327"
"09/19/2022","AQS","360290005","3","0.7","ppb","0","BUFFALO","24","100.0000","42401","Sulfur dioxide","15380","Buffalo-Cheektowaga-Niagara Falls, NY","36","New York","029","Erie","42.8769066671345","-78.8095260117327"
"09/20/2022","AQS","360290005","3","0.9","ppb","0","BUFFALO","20","83.0000","42401","Sulfur dioxide","15380","Buffalo-Cheektowaga-Niagara Falls, NY","36","New York","029","Erie","42.8769066671345","-78.8095260117327"
"09/21/2022","AQS","360290005","3","0.3","ppb","0","BUFFALO","22","92.0000","42401","Sulfur dioxide","15380","Buffalo-Cheektowaga-Niagara Falls, NY","36","New York","029","Erie","42.8769066671345","-78.8095260117327"
"09/22/2022","AQS","360290005","3","1.2","ppb","1","BUFFALO","24","100.0000","42401","Sulfur dioxide","15380","Buffalo-Cheektowaga-Niagara Falls, NY","36","New York","029","Erie","42.8769066671345","-78.8095260117327"
"09/23/2022","AQS","360290005","3","0.4","ppb","0","BUFFALO","24","100.0000","42401","Sulfur dioxide","15380","Buffalo-Cheektowaga-Niagara Falls, NY","36","New York","029","Erie","42.8769066671345","-78.8095260117327"
"09/24/2022","AQS","360290005","3","1.1","ppb","1","BUFFALO","24","100.0000","42401","Sulfur dioxide","15380","Buffalo-Cheektowaga-Niagara Falls, NY","36","New York","029","Erie","42.8769066671345","-78.8095260117327"
"09/25/2022","AQS","360290005","3","0.4","ppb","0","BUFFALO","24","100.0000","42401","Sulfur dioxide","15380","Buffalo-Cheektowaga-Niagara Falls, NY","36","New York","029","Erie","42.8769066671345","-78.8095260117327"
"09/26/2022","AQS","360290005","3","0.7","ppb","0","BUFFALO","22","92.0000","42401","Sulfur dioxide","15380","Buffalo-Cheektowaga-Niagara Falls, NY","36","New York","029","Erie","42.8769066671345","-78.8095260117327"
"09/27/2022","AQS","360290005","3","0.4","ppb","0","BUFFALO","24","100.0000","42401","Sulfur dioxide","15380","Buffalo-Cheektowaga-Niagara Falls, NY","36","New York","029","Erie","42.8769066671345","-78.8095260117327"
"09/28/2022","AQS","360290005","3","0.2","ppb","0","BUFFALO","24","100.0000","42401","Sulfur dioxide","15380","Buffalo-Cheektowaga-Niagara Falls, NY","36","New York","029","Erie","42.8769066671345","-78.8095260117327"
"09/29/2022","AQS","360290005","3","0.6","ppb","0","BUFFALO","22","92.0000","42401","Sulfur dioxide","15380","Buffalo-Cheektowaga-Niagara Falls, NY","36","New York","029","Erie","42.8769066671345","-78.8095260117327"
"09/30/2022","AQS","360290005","3","0.3","ppb","0","BUFFALO","24","100.0000","42401","Sulfur dioxide","15380","Buffalo-Cheektowaga-Niagara Falls, NY","36","New York","029","Erie","42.8769066671345","-78.8095260117327"
"10/01/2022","AQS","360290005","3","0.6","ppb","0","BUFFALO","24","100.0000","42401","Sulfur dioxide","15380","Buffalo-Cheektowaga-Niagara Falls, NY","36","New York","029","Erie","42.8769066671345","-78.8095260117327"
"10/02/2022","AQS","360290005","3","0.3","ppb","0","BUFFALO","24","100.0000","42401","Sulfur dioxide","15380","Buffalo-Cheektowaga-Niagara Falls, NY","36","New York","029","Erie","42.8769066671345","-78.8095260117327"
"10/03/2022","AQS","360290005","3","0.6","ppb","0","BUFFALO","24","100.0000","42401","Sulfur dioxide","15380","Buffalo-Cheektowaga-Niagara Falls, NY","36","New York","029","Erie","42.8769066671345","-78.8095260117327"
"10/04/2022","AQS","360290005","3","1.6","ppb","1","BUFFALO","24","100.0000","42401","Sulfur dioxide","15380","Buffalo-Cheektowaga-Niagara Falls, NY","36","New York","029","Erie","42.8769066671345","-78.8095260117327"
"10/05/2022","AQS","360290005","3","3.7","ppb","4","BUFFALO","21","88.0000","42401","Sulfur dioxide","15380","Buffalo-Cheektowaga-Niagara Falls, NY","36","New York","029","Erie","42.8769066671345","-78.8095260117327"
"10/06/2022","AQS","360290005","3","1.2","ppb","1","BUFFALO","24","100.0000","42401","Sulfur dioxide","15380","Buffalo-Cheektowaga-Niagara Falls, NY","36","New York","029","Erie","42.8769066671345","-78.8095260117327"
"10/07/2022","AQS","360290005","3","0.1","ppb","0","BUFFALO","24","100.0000","42401","Sulfur dioxide","15380","Buffalo-Cheektowaga-Niagara Falls, NY","36","New York","029","Erie","42.8769066671345","-78.8095260117327"
"10/08/2022","AQS","360290005","3","1.7","ppb","1","BUFFALO","24","100.0000","42401","Sulfur dioxide","15380","Buffalo-Cheektowaga-Niagara Falls, NY","36","New York","029","Erie","42.8769066671345","-78.8095260117327"
"10/09/2022","AQS","360290005","3","1.7","ppb","1","BUFFALO","24","100.0000","42401","Sulfur dioxide","15380","Buffalo-Cheektowaga-Niagara Falls, NY","36","New York","029","Erie","42.8769066671345","-78.8095260117327"
"10/10/2022","AQS","360290005","3","0.4","ppb","0","BUFFALO","24","100.0000","42401","Sulfur dioxide","15380","Buffalo-Cheektowaga-Niagara Falls, NY","36","New York","029","Erie","42.8769066671345","-78.8095260117327"
"10/11/2022","AQS","360290005","3","0.7","ppb","0","BUFFALO","21","88.0000","42401","Sulfur dioxide","15380","Buffalo-Cheektowaga-Niagara Falls, NY","36","New York","029","Erie","42.8769066671345","-78.8095260117327"
"10/12/2022","AQS","360290005","3","0.6","ppb","0","BUFFALO","24","100.0000","42401","Sulfur dioxide","15380","Buffalo-Cheektowaga-Niagara Falls, NY","36","New York","029","Erie","42.8769066671345","-78.8095260117327"
"10/13/2022","AQS","360290005","3","0.1","ppb","0","BUFFALO","24","100.0000","42401","Sulfur dioxide","15380","Buffalo-Cheektowaga-Niagara Falls, NY","36","New York","029","Erie","42.8769066671345","-78.8095260117327"
"10/14/2022","AQS","360290005","3","0.1","ppb","0","BUFFALO","24","100.0000","42401","Sulfur dioxide","15380","Buffalo-Cheektowaga-Niagara Falls, NY","36","New York","029","Erie","42.8769066671345","-78.8095260117327"
"10/15/2022","AQS","360290005","3","0.2","ppb","0","BUFFALO","24","100.0000","42401","Sulfur dioxide","15380","Buffalo-Cheektowaga-Niagara Falls, NY","36","New York","029","Erie","42.8769066671345","-78.8095260117327"
"10/16/2022","AQS","360290005","3","0.3","ppb","0","BUFFALO","24","100.0000","42401","Sulfur dioxide","15380","Buffalo-Cheektowaga-Niagara Falls, NY","36","New York","029","Erie","42.8769066671345","-78.8095260117327"
"10/17/2022","AQS","360290005","3","0","ppb","0","BUFFALO","24","100.0000","42401","Sulfur dioxide","15380","Buffalo-Cheektowaga-Niagara Falls, NY","36","New York","029","Erie","42.8769066671345","-78.8095260117327"
"10/18/2022","AQS","360290005","3","0.1","ppb","0","BUFFALO","21","88.0000","42401","Sulfur dioxide","15380","Buffalo-Cheektowaga-Niagara Falls, NY","36","New York","029","Erie","42.8769066671345","-78.8095260117327"
"10/19/2022","AQS","360290005","3","0.2","ppb","0","BUFFALO","24","100.0000","42401","Sulfur dioxide","15380","Buffalo-Cheektowaga-Niagara Falls, NY","36","New York","029","Erie","42.8769066671345","-78.8095260117327"
"10/20/2022","AQS","360290005","3","0.5","ppb","0","BUFFALO","24","100.0000","42401","Sulfur dioxide","15380","Buffalo-Cheektowaga-Niagara Falls, NY","36","New York","029","Erie","42.8769066671345","-78.8095260117327"
"10/21/2022","AQS","360290005","3","0.7","ppb","0","BUFFALO","24","100.0000","42401","Sulfur dioxide","15380","Buffalo-Cheektowaga-Niagara Falls, NY","36","New York","029","Erie","42.8769066671345","-78.8095260117327"
"10/22/2022","AQS","360290005","3","0.6","ppb","0","BUFFALO","24","100.0000","42401","Sulfur dioxide","15380","Buffalo-Cheektowaga-Niagara Falls, NY","36","New York","029","Erie","42.8769066671345","-78.8095260117327"
"10/23/2022","AQS","360290005","3","0.2","ppb","0","BUFFALO","24","100.0000","42401","Sulfur dioxide","15380","Buffalo-Cheektowaga-Niagara Falls, NY","36","New York","029","Erie","42.8769066671345","-78.8095260117327"
"10/24/2022","AQS","360290005","3","0.5","ppb","0","BUFFALO","22","92.0000","42401","Sulfur dioxide","15380","Buffalo-Cheektowaga-Niagara Falls, NY","36","New York","029","Erie","42.8769066671345","-78.8095260117327"
"10/25/2022","AQS","360290005","3","0.7","ppb","0","BUFFALO","24","100.0000","42401","Sulfur dioxide","15380","Buffalo-Cheektowaga-Niagara Falls, NY","36","New York","029","Erie","42.8769066671345","-78.8095260117327"
"10/26/2022","AQS","360290005","3","0.1","ppb","0","BUFFALO","24","100.0000","42401","Sulfur dioxide","15380","Buffalo-Cheektowaga-Niagara Falls, NY","36","New York","029","Erie","42.8769066671345","-78.8095260117327"
"10/27/2022","AQS","360290005","3","0.2","ppb","0","BUFFALO","24","100.0000","42401","Sulfur dioxide","15380","Buffalo-Cheektowaga-Niagara Falls, NY","36","New York","029","Erie","42.8769066671345","-78.8095260117327"
"10/28/2022","AQS","360290005","3","0.4","ppb","0","BUFFALO","24","100.0000","42401","Sulfur dioxide","15380","Buffalo-Cheektowaga-Niagara Falls, NY","36","New York","029","Erie","42.8769066671345","-78.8095260117327"
"10/29/2022","AQS","360290005","3","0.6","ppb","0","BUFFALO","24","100.0000","42401","Sulfur dioxide","15380","Buffalo-Cheektowaga-Niagara Falls, NY","36","New York","029","Erie","42.8769066671345","-78.8095260117327"
"10/30/2022","AQS","360290005","3","0.5","ppb","0","BUFFALO","24","100.0000","42401","Sulfur dioxide","15380","Buffalo-Cheektowaga-Niagara Falls, NY","36","New York","029","Erie","42.8769066671345","-78.8095260117327"
"10/31/2022","AQS","360290005","3","0.4","ppb","0","BUFFALO","22","92.0000","42401","Sulfur dioxide","15380","Buffalo-Cheektowaga-Niagara Falls, NY","36","New York","029","Erie","42.8769066671345","-78.8095260117327"
"11/01/2022","AQS","360290005","3","0.7","ppb","0","BUFFALO","24","100.0000","42401","Sulfur dioxide","15380","Buffalo-Cheektowaga-Niagara Falls, NY","36","New York","029","Erie","42.8769066671345","-78.8095260117327"
"11/02/2022","AQS","360290005","3","0.2","ppb","0","BUFFALO","24","100.0000","42401","Sulfur dioxide","15380","Buffalo-Cheektowaga-Niagara Falls, NY","36","New York","029","Erie","42.8769066671345","-78.8095260117327"
"11/03/2022","AQS","360290005","3","0.7","ppb","0","BUFFALO","24","100.0000","42401","Sulfur dioxide","15380","Buffalo-Cheektowaga-Niagara Falls, NY","36","New York","029","Erie","42.8769066671345","-78.8095260117327"
"11/04/2022","AQS","360290005","3","0.6","ppb","0","BUFFALO","24","100.0000","42401","Sulfur dioxide","15380","Buffalo-Cheektowaga-Niagara Falls, NY","36","New York","029","Erie","42.8769066671345","-78.8095260117327"
"11/05/2022","AQS","360290005","3","0.1","ppb","0","BUFFALO","24","100.0000","42401","Sulfur dioxide","15380","Buffalo-Cheektowaga-Niagara Falls, NY","36","New York","029","Erie","42.8769066671345","-78.8095260117327"
"11/06/2022","AQS","360290005","3","0","ppb","0","BUFFALO","24","100.0000","42401","Sulfur dioxide","15380","Buffalo-Cheektowaga-Niagara Falls, NY","36","New York","029","Erie","42.8769066671345","-78.8095260117327"
"11/07/2022","AQS","360290005","3","1.3","ppb","1","BUFFALO","21","88.0000","42401","Sulfur dioxide","15380","Buffalo-Cheektowaga-Niagara Falls, NY","36","New York","029","Erie","42.8769066671345","-78.8095260117327"
"11/08/2022","AQS","360290005","3","0.8","ppb","0","BUFFALO","24","100.0000","42401","Sulfur dioxide","15380","Buffalo-Cheektowaga-Niagara Falls, NY","36","New York","029","Erie","42.8769066671345","-78.8095260117327"
"11/09/2022","AQS","360290005","3","0.3","ppb","0","BUFFALO","24","100.0000","42401","Sulfur dioxide","15380","Buffalo-Cheektowaga-Niagara Falls, NY","36","New York","029","Erie","42.8769066671345","-78.8095260117327"
"11/10/2022","AQS","360290005","3","0.7","ppb","0","BUFFALO","24","100.0000","42401","Sulfur dioxide","15380","Buffalo-Cheektowaga-Niagara Falls, NY","36","New York","029","Erie","42.8769066671345","-78.8095260117327"
"11/11/2022","AQS","360290005","3","0.2","ppb","0","BUFFALO","24","100.0000","42401","Sulfur dioxide","15380","Buffalo-Cheektowaga-Niagara Falls, NY","36","New York","029","Erie","42.8769066671345","-78.8095260117327"
"11/12/2022","AQS","360290005","3","0.2","ppb","0","BUFFALO","24","100.0000","42401","Sulfur dioxide","15380","Buffalo-Cheektowaga-Niagara Falls, NY","36","New York","029","Erie","42.8769066671345","-78.8095260117327"
"11/13/2022","AQS","360290005","3","0.2","ppb","0","BUFFALO","24","100.0000","42401","Sulfur dioxide","15380","Buffalo-Cheektowaga-Niagara Falls, NY","36","New York","029","Erie","42.8769066671345","-78.8095260117327"
"11/14/2022","AQS","360290005","3","0.3","ppb","0","BUFFALO","24","100.0000","42401","Sulfur dioxide","15380","Buffalo-Cheektowaga-Niagara Falls, NY","36","New York","029","Erie","42.8769066671345","-78.8095260117327"
"11/15/2022","AQS","360290005","3","0.2","ppb","0","BUFFALO","24","100.0000","42401","Sulfur dioxide","15380","Buffalo-Cheektowaga-Niagara Falls, NY","36","New York","029","Erie","42.8769066671345","-78.8095260117327"
"11/16/2022","AQS","360290005","3","1","ppb","1","BUFFALO","23","96.0000","42401","Sulfur dioxide","15380","Buffalo-Cheektowaga-Niagara Falls, NY","36","New York","029","Erie","42.8769066671345","-78.8095260117327"
"11/17/2022","AQS","360290005","3","0.7","ppb","0","BUFFALO","24","100.0000","42401","Sulfur dioxide","15380","Buffalo-Cheektowaga-Niagara Falls, NY","36","New York","029","Erie","42.8769066671345","-78.8095260117327"
"11/18/2022","AQS","360290005","3","0.4","ppb","0","BUFFALO","24","100.0000","42401","Sulfur dioxide","15380","Buffalo-Cheektowaga-Niagara Falls, NY","36","New York","029","Erie","42.8769066671345","-78.8095260117327"
"11/19/2022","AQS","360290005","3","0.2","ppb","0","BUFFALO","24","100.0000","42401","Sulfur dioxide","15380","Buffalo-Cheektowaga-Niagara Falls, NY","36","New York","029","Erie","42.8769066671345","-78.8095260117327"
"11/20/2022","AQS","360290005","3","0.7","ppb","0","BUFFALO","24","100.0000","42401","Sulfur dioxide","15380","Buffalo-Cheektowaga-Niagara Falls, NY","36","New York","029","Erie","42.8769066671345","-78.8095260117327"
"11/21/2022","AQS","360290005","3","0.9","ppb","0","BUFFALO","21","88.0000","42401","Sulfur dioxide","15380","Buffalo-Cheektowaga-Niagara Falls, NY","36","New York","029","Erie","42.8769066671345","-78.8095260117327"
"11/22/2022","AQS","360290005","3","1.8","ppb","1","BUFFALO","24","100.0000","42401","Sulfur dioxide","15380","Buffalo-Cheektowaga-Niagara Falls, NY","36","New York","029","Erie","42.8769066671345","-78.8095260117327"
"11/23/2022","AQS","360290005","3","1.7","ppb","1","BUFFALO","24","100.0000","42401","Sulfur dioxide","15380","Buffalo-Cheektowaga-Niagara Falls, NY","36","New York","029","Erie","42.8769066671345","-78.8095260117327"
"11/24/2022","AQS","360290005","3","1.6","ppb","1","BUFFALO","24","100.0000","42401","Sulfur dioxide","15380","Buffalo-Cheektowaga-Niagara Falls, NY","36","New York","029","Erie","42.8769066671345","-78.8095260117327"
"11/25/2022","AQS","360290005","3","0.9","ppb","0","BUFFALO","24","100.0000","42401","Sulfur dioxide","15380","Buffalo-Cheektowaga-Niagara Falls, NY","36","New York","029","Erie","42.8769066671345","-78.8095260117327"
"11/26/2022","AQS","360290005","3","0.7","ppb","0","BUFFALO","24","100.0000","42401","Sulfur dioxide","15380","Buffalo-Cheektowaga-Niagara Falls, NY","36","New York","029","Erie","42.8769066671345","-78.8095260117327"
"11/27/2022","AQS","360290005","3","1.2","ppb","1","BUFFALO","24","100.0000","42401","Sulfur dioxide","15380","Buffalo-Cheektowaga-Niagara Falls, NY","36","New York","029","Erie","42.8769066671345","-78.8095260117327"
"11/28/2022","AQS","360290005","3","0.3","ppb","0","BUFFALO","22","92.0000","42401","Sulfur dioxide","15380","Buffalo-Cheektowaga-Niagara Falls, NY","36","New York","029","Erie","42.8769066671345","-78.8095260117327"
"11/29/2022","AQS","360290005","3","0.4","ppb","0","BUFFALO","24","100.0000","42401","Sulfur dioxide","15380","Buffalo-Cheektowaga-Niagara Falls, NY","36","New York","029","Erie","42.8769066671345","-78.8095260117327"
"11/30/2022","AQS","360290005","3","0.3","ppb","0","BUFFALO","24","100.0000","42401","Sulfur dioxide","15380","Buffalo-Cheektowaga-Niagara Falls, NY","36","New York","029","Erie","42.8769066671345","-78.8095260117327"
"12/01/2022","AQS","360290005","3","0.4","ppb","0","BUFFALO","24","100.0000","42401","Sulfur dioxide","15380","Buffalo-Cheektowaga-Niagara Falls, NY","36","New York","029","Erie","42.8769066671345","-78.8095260117327"
"12/02/2022","AQS","360290005","3","0.7","ppb","0","BUFFALO","24","100.0000","42401","Sulfur dioxide","15380","Buffalo-Cheektowaga-Niagara Falls, NY","36","New York","029","Erie","42.8769066671345","-78.8095260117327"
"12/03/2022","AQS","360290005","3","0.4","ppb","0","BUFFALO","24","100.0000","42401","Sulfur dioxide","15380","Buffalo-Cheektowaga-Niagara Falls, NY","36","New York","029","Erie","42.8769066671345","-78.8095260117327"
"12/04/2022","AQS","360290005","3","0.7","ppb","0","BUFFALO","24","100.0000","42401","Sulfur dioxide","15380","Buffalo-Cheektowaga-Niagara Falls, NY","36","New York","029","Erie","42.8769066671345","-78.8095260117327"
"12/05/2022","AQS","360290005","3","0.9","ppb","0","BUFFALO","22","92.0000","42401","Sulfur dioxide","15380","Buffalo-Cheektowaga-Niagara Falls, NY","36","New York","029","Erie","42.8769066671345","-78.8095260117327"
"12/06/2022","AQS","360290005","3","0.3","ppb","0","BUFFALO","24","100.0000","42401","Sulfur dioxide","15380","Buffalo-Cheektowaga-Niagara Falls, NY","36","New York","029","Erie","42.8769066671345","-78.8095260117327"
"12/07/2022","AQS","360290005","3","0.4","ppb","0","BUFFALO","24","100.0000","42401","Sulfur dioxide","15380","Buffalo-Cheektowaga-Niagara Falls, NY","36","New York","029","Erie","42.8769066671345","-78.8095260117327"
"12/08/2022","AQS","360290005","3","0.5","ppb","0","BUFFALO","24","100.0000","42401","Sulfur dioxide","15380","Buffalo-Cheektowaga-Niagara Falls, NY","36","New York","029","Erie","42.8769066671345","-78.8095260117327"
"12/09/2022","AQS","360290005","3","0.1","ppb","0","BUFFALO","24","100.0000","42401","Sulfur dioxide","15380","Buffalo-Cheektowaga-Niagara Falls, NY","36","New York","029","Erie","42.8769066671345","-78.8095260117327"
"12/10/2022","AQS","360290005","3","0.1","ppb","0","BUFFALO","24","100.0000","42401","Sulfur dioxide","15380","Buffalo-Cheektowaga-Niagara Falls, NY","36","New York","029","Erie","42.8769066671345","-78.8095260117327"
"12/11/2022","AQS","360290005","3","1.3","ppb","1","BUFFALO","24","100.0000","42401","Sulfur dioxide","15380","Buffalo-Cheektowaga-Niagara Falls, NY","36","New York","029","Erie","42.8769066671345","-78.8095260117327"
"12/12/2022","AQS","360290005","3","0.1","ppb","0","BUFFALO","22","92.0000","42401","Sulfur dioxide","15380","Buffalo-Cheektowaga-Niagara Falls, NY","36","New York","029","Erie","42.8769066671345","-78.8095260117327"
"12/13/2022","AQS","360290005","3","0.6","ppb","0","BUFFALO","24","100.0000","42401","Sulfur dioxide","15380","Buffalo-Cheektowaga-Niagara Falls, NY","36","New York","029","Erie","42.8769066671345","-78.8095260117327"
"12/14/2022","AQS","360290005","3","0.8","ppb","0","BUFFALO","24","100.0000","42401","Sulfur dioxide","15380","Buffalo-Cheektowaga-Niagara Falls, NY","36","New York","029","Erie","42.8769066671345","-78.8095260117327"
"12/15/2022","AQS","360290005","3","0.2","ppb","0","BUFFALO","24","100.0000","42401","Sulfur dioxide","15380","Buffalo-Cheektowaga-Niagara Falls, NY","36","New York","029","Erie","42.8769066671345","-78.8095260117327"
"12/16/2022","AQS","360290005","3","0.5","ppb","0","BUFFALO","24","100.0000","42401","Sulfur dioxide","15380","Buffalo-Cheektowaga-Niagara Falls, NY","36","New York","029","Erie","42.8769066671345","-78.8095260117327"
"12/17/2022","AQS","360290005","3","0.4","ppb","0","BUFFALO","24","100.0000","42401","Sulfur dioxide","15380","Buffalo-Cheektowaga-Niagara Falls, NY","36","New York","029","Erie","42.8769066671345","-78.8095260117327"
"12/18/2022","AQS","360290005","3","0.9","ppb","0","BUFFALO","24","100.0000","42401","Sulfur dioxide","15380","Buffalo-Cheektowaga-Niagara Falls, NY","36","New York","029","Erie","42.8769066671345","-78.8095260117327"
"12/19/2022","AQS","360290005","3","0.7","ppb","0","BUFFALO","24","100.0000","42401","Sulfur dioxide","15380","Buffalo-Cheektowaga-Niagara Falls, NY","36","New York","029","Erie","42.8769066671345","-78.8095260117327"
"12/20/2022","AQS","360290005","3","0.6","ppb","0","BUFFALO","22","92.0000","42401","Sulfur dioxide","15380","Buffalo-Cheektowaga-Niagara Falls, NY","36","New York","029","Erie","42.8769066671345","-78.8095260117327"
"12/21/2022","AQS","360290005","3","1.8","ppb","1","BUFFALO","24","100.0000","42401","Sulfur dioxide","15380","Buffalo-Cheektowaga-Niagara Falls, NY","36","New York","029","Erie","42.8769066671345","-78.8095260117327"
"12/22/2022","AQS","360290005","3","0.7","ppb","0","BUFFALO","24","100.0000","42401","Sulfur dioxide","15380","Buffalo-Cheektowaga-Niagara Falls, NY","36","New York","029","Erie","42.8769066671345","-78.8095260117327"
"12/23/2022","AQS","360290005","3","0.6","ppb","0","BUFFALO","24","100.0000","42401","Sulfur dioxide","15380","Buffalo-Cheektowaga-Niagara Falls, NY","36","New York","029","Erie","42.8769066671345","-78.8095260117327"
"12/24/2022","AQS","360290005","3","0.1","ppb","0","BUFFALO","24","100.0000","42401","Sulfur dioxide","15380","Buffalo-Cheektowaga-Niagara Falls, NY","36","New York","029","Erie","42.8769066671345","-78.8095260117327"
"12/25/2022","AQS","360290005","3","0.5","ppb","0","BUFFALO","24","100.0000","42401","Sulfur dioxide","15380","Buffalo-Cheektowaga-Niagara Falls, NY","36","New York","029","Erie","42.8769066671345","-78.8095260117327"
"12/26/2022","AQS","360290005","3","0.5","ppb","0","BUFFALO","24","100.0000","42401","Sulfur dioxide","15380","Buffalo-Cheektowaga-Niagara Falls, NY","36","New York","029","Erie","42.8769066671345","-78.8095260117327"
"12/27/2022","AQS","360290005","3","1","ppb","1","BUFFALO","24","100.0000","42401","Sulfur dioxide","15380","Buffalo-Cheektowaga-Niagara Falls, NY","36","New York","029","Erie","42.8769066671345","-78.8095260117327"
"12/28/2022","AQS","360290005","3","1","ppb","1","BUFFALO","24","100.0000","42401","Sulfur dioxide","15380","Buffalo-Cheektowaga-Niagara Falls, NY","36","New York","029","Erie","42.8769066671345","-78.8095260117327"
"12/29/2022","AQS","360290005","3","1.1","ppb","1","BUFFALO","23","96.0000","42401","Sulfur dioxide","15380","Buffalo-Cheektowaga-Niagara Falls, NY","36","New York","029","Erie","42.8769066671345","-78.8095260117327"
"12/30/2022","AQS","360290005","3","0.6","ppb","0","BUFFALO","24","100.0000","42401","Sulfur dioxide","15380","Buffalo-Cheektowaga-Niagara Falls, NY","36","New York","029","Erie","42.8769066671345","-78.8095260117327"
"12/31/2022","AQS","360290005","3","0.5","ppb","0","BUFFALO","24","100.0000","42401","Sulfur dioxide","15380","Buffalo-Cheektowaga-Niagara Falls, NY","36","New York","029","Erie","42.8769066671345","-78.8095260117327"
"01/01/2022","AQS","360291014","1","0","ppb","0","BROOKSIDE TERRACE","24","100.0000","42401","Sulfur dioxide","15380","Buffalo-Cheektowaga-Niagara Falls, NY","36","New York","029","Erie","42.99813","-78.89926"
"01/02/2022","AQS","360291014","1","0.2","ppb","0","BROOKSIDE TERRACE","24","100.0000","42401","Sulfur dioxide","15380","Buffalo-Cheektowaga-Niagara Falls, NY","36","New York","029","Erie","42.99813","-78.89926"
"01/03/2022","AQS","360291014","1","0.4","ppb","0","BROOKSIDE TERRACE","22","92.0000","42401","Sulfur dioxide","15380","Buffalo-Cheektowaga-Niagara Falls, NY","36","New York","029","Erie","42.99813","-78.89926"
"01/04/2022","AQS","360291014","1","0.4","ppb","0","BROOKSIDE TERRACE","24","100.0000","42401","Sulfur dioxide","15380","Buffalo-Cheektowaga-Niagara Falls, NY","36","New York","029","Erie","42.99813","-78.89926"
"01/05/2022","AQS","360291014","1","0.7","ppb","0","BROOKSIDE TERRACE","24","100.0000","42401","Sulfur dioxide","15380","Buffalo-Cheektowaga-Niagara Falls, NY","36","New York","029","Erie","42.99813","-78.89926"
"01/06/2022","AQS","360291014","1","0.6","ppb","0","BROOKSIDE TERRACE","24","100.0000","42401","Sulfur dioxide","15380","Buffalo-Cheektowaga-Niagara Falls, NY","36","New York","029","Erie","42.99813","-78.89926"
"01/07/2022","AQS","360291014","1","1.8","ppb","1","BROOKSIDE TERRACE","24","100.0000","42401","Sulfur dioxide","15380","Buffalo-Cheektowaga-Niagara Falls, NY","36","New York","029","Erie","42.99813","-78.89926"
"01/08/2022","AQS","360291014","1","1.3","ppb","1","BROOKSIDE TERRACE","24","100.0000","42401","Sulfur dioxide","15380","Buffalo-Cheektowaga-Niagara Falls, NY","36","New York","029","Erie","42.99813","-78.89926"
"01/09/2022","AQS","360291014","1","1.1","ppb","1","BROOKSIDE TERRACE","24","100.0000","42401","Sulfur dioxide","15380","Buffalo-Cheektowaga-Niagara Falls, NY","36","New York","029","Erie","42.99813","-78.89926"
"01/10/2022","AQS","360291014","1","0.4","ppb","0","BROOKSIDE TERRACE","24","100.0000","42401","Sulfur dioxide","15380","Buffalo-Cheektowaga-Niagara Falls, NY","36","New York","029","Erie","42.99813","-78.89926"
"01/11/2022","AQS","360291014","1","0.7","ppb","0","BROOKSIDE TERRACE","24","100.0000","42401","Sulfur dioxide","15380","Buffalo-Cheektowaga-Niagara Falls, NY","36","New York","029","Erie","42.99813","-78.89926"
"01/12/2022","AQS","360291014","1","1","ppb","1","BROOKSIDE TERRACE","24","100.0000","42401","Sulfur dioxide","15380","Buffalo-Cheektowaga-Niagara Falls, NY","36","New York","029","Erie","42.99813","-78.89926"
"01/13/2022","AQS","360291014","1","7.9","ppb","10","BROOKSIDE TERRACE","22","92.0000","42401","Sulfur dioxide","15380","Buffalo-Cheektowaga-Niagara Falls, NY","36","New York","029","Erie","42.99813","-78.89926"
"01/14/2022","AQS","360291014","1","0.4","ppb","0","BROOKSIDE TERRACE","24","100.0000","42401","Sulfur dioxide","15380","Buffalo-Cheektowaga-Niagara Falls, NY","36","New York","029","Erie","42.99813","-78.89926"
"01/15/2022","AQS","360291014","1","8.8","ppb","11","BROOKSIDE TERRACE","24","100.0000","42401","Sulfur dioxide","15380","Buffalo-Cheektowaga-Niagara Falls, NY","36","New York","029","Erie","42.99813","-78.89926"
"01/16/2022","AQS","360291014","1","11.3","ppb","16","BROOKSIDE TERRACE","24","100.0000","42401","Sulfur dioxide","15380","Buffalo-Cheektowaga-Niagara Falls, NY","36","New York","029","Erie","42.99813","-78.89926"
"01/17/2022","AQS","360291014","1","1","ppb","1","BROOKSIDE TERRACE","24","100.0000","42401","Sulfur dioxide","15380","Buffalo-Cheektowaga-Niagara Falls, NY","36","New York","029","Erie","42.99813","-78.89926"
"01/18/2022","AQS","360291014","1","1.1","ppb","1","BROOKSIDE TERRACE","24","100.0000","42401","Sulfur dioxide","15380","Buffalo-Cheektowaga-Niagara Falls, NY","36","New York","029","Erie","42.99813","-78.89926"
"01/19/2022","AQS","360291014","1","1.3","ppb","1","BROOKSIDE TERRACE","21","88.0000","42401","Sulfur dioxide","15380","Buffalo-Cheektowaga-Niagara Falls, NY","36","New York","029","Erie","42.99813","-78.89926"
"01/20/2022","AQS","360291014","1","0.4","ppb","0","BROOKSIDE TERRACE","24","100.0000","42401","Sulfur dioxide","15380","Buffalo-Cheektowaga-Niagara Falls, NY","36","New York","029","Erie","42.99813","-78.89926"
"01/21/2022","AQS","360291014","1","0.4","ppb","0","BROOKSIDE TERRACE","24","100.0000","42401","Sulfur dioxide","15380","Buffalo-Cheektowaga-Niagara Falls, NY","36","New York","029","Erie","42.99813","-78.89926"
"01/22/2022","AQS","360291014","1","3.5","ppb","4","BROOKSIDE TERRACE","24","100.0000","42401","Sulfur dioxide","15380","Buffalo-Cheektowaga-Niagara Falls, NY","36","New York","029","Erie","42.99813","-78.89926"
"01/23/2022","AQS","360291014","1","1.5","ppb","1","BROOKSIDE TERRACE","24","100.0000","42401","Sulfur dioxide","15380","Buffalo-Cheektowaga-Niagara Falls, NY","36","New York","029","Erie","42.99813","-78.89926"
"01/24/2022","AQS","360291014","1","0.5","ppb","0","BROOKSIDE TERRACE","21","88.0000","42401","Sulfur dioxide","15380","Buffalo-Cheektowaga-Niagara Falls, NY","36","New York","029","Erie","42.99813","-78.89926"
"01/25/2022","AQS","360291014","1","1.5","ppb","1","BROOKSIDE TERRACE","24","100.0000","42401","Sulfur dioxide","15380","Buffalo-Cheektowaga-Niagara Falls, NY","36","New York","029","Erie","42.99813","-78.89926"
"01/26/2022","AQS","360291014","1","0","ppb","0","BROOKSIDE TERRACE","24","100.0000","42401","Sulfur dioxide","15380","Buffalo-Cheektowaga-Niagara Falls, NY","36","New York","029","Erie","42.99813","-78.89926"
"01/27/2022","AQS","360291014","1","1.4","ppb","1","BROOKSIDE TERRACE","24","100.0000","42401","Sulfur dioxide","15380","Buffalo-Cheektowaga-Niagara Falls, NY","36","New York","029","Erie","42.99813","-78.89926"
"01/28/2022","AQS","360291014","1","0.6","ppb","0","BROOKSIDE TERRACE","24","100.0000","42401","Sulfur dioxide","15380","Buffalo-Cheektowaga-Niagara Falls, NY","36","New York","029","Erie","42.99813","-78.89926"
"01/29/2022","AQS","360291014","1","0.2","ppb","0","BROOKSIDE TERRACE","24","100.0000","42401","Sulfur dioxide","15380","Buffalo-Cheektowaga-Niagara Falls, NY","36","New York","029","Erie","42.99813","-78.89926"
"01/30/2022","AQS","360291014","1","0.1","ppb","0","BROOKSIDE TERRACE","24","100.0000","42401","Sulfur dioxide","15380","Buffalo-Cheektowaga-Niagara Falls, NY","36","New York","029","Erie","42.99813","-78.89926"
"01/31/2022","AQS","360291014","1","2","ppb","3","BROOKSIDE TERRACE","22","92.0000","42401","Sulfur dioxide","15380","Buffalo-Cheektowaga-Niagara Falls, NY","36","New York","029","Erie","42.99813","-78.89926"
"02/01/2022","AQS","360291014","1","0.8","ppb","0","BROOKSIDE TERRACE","24","100.0000","42401","Sulfur dioxide","15380","Buffalo-Cheektowaga-Niagara Falls, NY","36","New York","029","Erie","42.99813","-78.89926"
"02/02/2022","AQS","360291014","1","0.3","ppb","0","BROOKSIDE TERRACE","24","100.0000","42401","Sulfur dioxide","15380","Buffalo-Cheektowaga-Niagara Falls, NY","36","New York","029","Erie","42.99813","-78.89926"
"02/03/2022","AQS","360291014","1","-0.2","ppb","0","BROOKSIDE TERRACE","24","100.0000","42401","Sulfur dioxide","15380","Buffalo-Cheektowaga-Niagara Falls, NY","36","New York","029","Erie","42.99813","-78.89926"
"02/04/2022","AQS","360291014","1","0.3","ppb","0","BROOKSIDE TERRACE","24","100.0000","42401","Sulfur dioxide","15380","Buffalo-Cheektowaga-Niagara Falls, NY","36","New York","029","Erie","42.99813","-78.89926"
"02/05/2022","AQS","360291014","1","2.2","ppb","3","BROOKSIDE TERRACE","24","100.0000","42401","Sulfur dioxide","15380","Buffalo-Cheektowaga-Niagara Falls, NY","36","New York","029","Erie","42.99813","-78.89926"
"02/06/2022","AQS","360291014","1","3.8","ppb","4","BROOKSIDE TERRACE","24","100.0000","42401","Sulfur dioxide","15380","Buffalo-Cheektowaga-Niagara Falls, NY","36","New York","029","Erie","42.99813","-78.89926"
"02/07/2022","AQS","360291014","1","1.1","ppb","1","BROOKSIDE TERRACE","22","92.0000","42401","Sulfur dioxide","15380","Buffalo-Cheektowaga-Niagara Falls, NY","36","New York","029","Erie","42.99813","-78.89926"
"02/08/2022","AQS","360291014","1","1.6","ppb","1","BROOKSIDE TERRACE","24","100.0000","42401","Sulfur dioxide","15380","Buffalo-Cheektowaga-Niagara Falls, NY","36","New York","029","Erie","42.99813","-78.89926"
"02/09/2022","AQS","360291014","1","0.7","ppb","0","BROOKSIDE TERRACE","24","100.0000","42401","Sulfur dioxide","15380","Buffalo-Cheektowaga-Niagara Falls, NY","36","New York","029","Erie","42.99813","-78.89926"
"02/10/2022","AQS","360291014","1","0","ppb","0","BROOKSIDE TERRACE","24","100.0000","42401","Sulfur dioxide","15380","Buffalo-Cheektowaga-Niagara Falls, NY","36","New York","029","Erie","42.99813","-78.89926"
"02/11/2022","AQS","360291014","1","0","ppb","0","BROOKSIDE TERRACE","24","100.0000","42401","Sulfur dioxide","15380","Buffalo-Cheektowaga-Niagara Falls, NY","36","New York","029","Erie","42.99813","-78.89926"
"02/12/2022","AQS","360291014","1","-0.1","ppb","0","BROOKSIDE TERRACE","24","100.0000","42401","Sulfur dioxide","15380","Buffalo-Cheektowaga-Niagara Falls, NY","36","New York","029","Erie","42.99813","-78.89926"
"02/13/2022","AQS","360291014","1","-0.1","ppb","0","BROOKSIDE TERRACE","24","100.0000","42401","Sulfur dioxide","15380","Buffalo-Cheektowaga-Niagara Falls, NY","36","New York","029","Erie","42.99813","-78.89926"
"02/14/2022","AQS","360291014","1","0.6","ppb","0","BROOKSIDE TERRACE","24","100.0000","42401","Sulfur dioxide","15380","Buffalo-Cheektowaga-Niagara Falls, NY","36","New York","029","Erie","42.99813","-78.89926"
"02/15/2022","AQS","360291014","1","1","ppb","1","BROOKSIDE TERRACE","24","100.0000","42401","Sulfur dioxide","15380","Buffalo-Cheektowaga-Niagara Falls, NY","36","New York","029","Erie","42.99813","-78.89926"
"02/16/2022","AQS","360291014","1","0.5","ppb","0","BROOKSIDE TERRACE","21","88.0000","42401","Sulfur dioxide","15380","Buffalo-Cheektowaga-Niagara Falls, NY","36","New York","029","Erie","42.99813","-78.89926"
"02/17/2022","AQS","360291014","1","0.2","ppb","0","BROOKSIDE TERRACE","24","100.0000","42401","Sulfur dioxide","15380","Buffalo-Cheektowaga-Niagara Falls, NY","36","New York","029","Erie","42.99813","-78.89926"
"02/18/2022","AQS","360291014","1","0.1","ppb","0","BROOKSIDE TERRACE","24","100.0000","42401","Sulfur dioxide","15380","Buffalo-Cheektowaga-Niagara Falls, NY","36","New York","029","Erie","42.99813","-78.89926"
"02/19/2022","AQS","360291014","1","0.1","ppb","0","BROOKSIDE TERRACE","24","100.0000","42401","Sulfur dioxide","15380","Buffalo-Cheektowaga-Niagara Falls, NY","36","New York","029","Erie","42.99813","-78.89926"
"02/20/2022","AQS","360291014","1","0.7","ppb","0","BROOKSIDE TERRACE","24","100.0000","42401","Sulfur dioxide","15380","Buffalo-Cheektowaga-Niagara Falls, NY","36","New York","029","Erie","42.99813","-78.89926"
"02/21/2022","AQS","360291014","1","1.2","ppb","1","BROOKSIDE TERRACE","24","100.0000","42401","Sulfur dioxide","15380","Buffalo-Cheektowaga-Niagara Falls, NY","36","New York","029","Erie","42.99813","-78.89926"
"02/22/2022","AQS","360291014","1","20.1","ppb","29","BROOKSIDE TERRACE","24","100.0000","42401","Sulfur dioxide","15380","Buffalo-Cheektowaga-Niagara Falls, NY","36","New York","029","Erie","42.99813","-78.89926"
"02/23/2022","AQS","360291014","1","0.4","ppb","0","BROOKSIDE TERRACE","22","92.0000","42401","Sulfur dioxide","15380","Buffalo-Cheektowaga-Niagara Falls, NY","36","New York","029","Erie","42.99813","-78.89926"
"02/24/2022","AQS","360291014","1","0.6","ppb","0","BROOKSIDE TERRACE","24","100.0000","42401","Sulfur dioxide","15380","Buffalo-Cheektowaga-Niagara Falls, NY","36","New York","029","Erie","42.99813","-78.89926"
"02/25/2022","AQS","360291014","1","0.9","ppb","0","BROOKSIDE TERRACE","24","100.0000","42401","Sulfur dioxide","15380","Buffalo-Cheektowaga-Niagara Falls, NY","36","New York","029","Erie","42.99813","-78.89926"
"02/26/2022","AQS","360291014","1","2.5","ppb","3","BROOKSIDE TERRACE","24","100.0000","42401","Sulfur dioxide","15380","Buffalo-Cheektowaga-Niagara Falls, NY","36","New York","029","Erie","42.99813","-78.89926"
"02/27/2022","AQS","360291014","1","0.8","ppb","0","BROOKSIDE TERRACE","24","100.0000","42401","Sulfur dioxide","15380","Buffalo-Cheektowaga-Niagara Falls, NY","36","New York","029","Erie","42.99813","-78.89926"
"02/28/2022","AQS","360291014","1","5","ppb","7","BROOKSIDE TERRACE","24","100.0000","42401","Sulfur dioxide","15380","Buffalo-Cheektowaga-Niagara Falls, NY","36","New York","029","Erie","42.99813","-78.89926"
"03/01/2022","AQS","360291014","1","3.3","ppb","4","BROOKSIDE TERRACE","22","92.0000","42401","Sulfur dioxide","15380","Buffalo-Cheektowaga-Niagara Falls, NY","36","New York","029","Erie","42.99813","-78.89926"
"03/02/2022","AQS","360291014","1","1.5","ppb","1","BROOKSIDE TERRACE","24","100.0000","42401","Sulfur dioxide","15380","Buffalo-Cheektowaga-Niagara Falls, NY","36","New York","029","Erie","42.99813","-78.89926"
"03/03/2022","AQS","360291014","1","0.5","ppb","0","BROOKSIDE TERRACE","24","100.0000","42401","Sulfur dioxide","15380","Buffalo-Cheektowaga-Niagara Falls, NY","36","New York","029","Erie","42.99813","-78.89926"
"03/04/2022","AQS","360291014","1","0.4","ppb","0","BROOKSIDE TERRACE","24","100.0000","42401","Sulfur dioxide","15380","Buffalo-Cheektowaga-Niagara Falls, NY","36","New York","029","Erie","42.99813","-78.89926"
"03/05/2022","AQS","360291014","1","6.1","ppb","9","BROOKSIDE TERRACE","24","100.0000","42401","Sulfur dioxide","15380","Buffalo-Cheektowaga-Niagara Falls, NY","36","New York","029","Erie","42.99813","-78.89926"
"03/06/2022","AQS","360291014","1","0.7","ppb","0","BROOKSIDE TERRACE","24","100.0000","42401","Sulfur dioxide","15380","Buffalo-Cheektowaga-Niagara Falls, NY","36","New York","029","Erie","42.99813","-78.89926"
"03/07/2022","AQS","360291014","1","0.4","ppb","0","BROOKSIDE TERRACE","24","100.0000","42401","Sulfur dioxide","15380","Buffalo-Cheektowaga-Niagara Falls, NY","36","New York","029","Erie","42.99813","-78.89926"
"03/08/2022","AQS","360291014","1","0.9","ppb","0","BROOKSIDE TERRACE","22","92.0000","42401","Sulfur dioxide","15380","Buffalo-Cheektowaga-Niagara Falls, NY","36","New York","029","Erie","42.99813","-78.89926"
"03/09/2022","AQS","360291014","1","0.6","ppb","0","BROOKSIDE TERRACE","24","100.0000","42401","Sulfur dioxide","15380","Buffalo-Cheektowaga-Niagara Falls, NY","36","New York","029","Erie","42.99813","-78.89926"
"03/10/2022","AQS","360291014","1","0.6","ppb","0","BROOKSIDE TERRACE","24","100.0000","42401","Sulfur dioxide","15380","Buffalo-Cheektowaga-Niagara Falls, NY","36","New York","029","Erie","42.99813","-78.89926"
"03/11/2022","AQS","360291014","1","0.3","ppb","0","BROOKSIDE TERRACE","24","100.0000","42401","Sulfur dioxide","15380","Buffalo-Cheektowaga-Niagara Falls, NY","36","New York","029","Erie","42.99813","-78.89926"
"03/12/2022","AQS","360291014","1","0.3","ppb","0","BROOKSIDE TERRACE","24","100.0000","42401","Sulfur dioxide","15380","Buffalo-Cheektowaga-Niagara Falls, NY","36","New York","029","Erie","42.99813","-78.89926"
"03/13/2022","AQS","360291014","1","1.2","ppb","1","BROOKSIDE TERRACE","24","100.0000","42401","Sulfur dioxide","15380","Buffalo-Cheektowaga-Niagara Falls, NY","36","New York","029","Erie","42.99813","-78.89926"
"03/14/2022","AQS","360291014","1","0.9","ppb","0","BROOKSIDE TERRACE","22","92.0000","42401","Sulfur dioxide","15380","Buffalo-Cheektowaga-Niagara Falls, NY","36","New York","029","Erie","42.99813","-78.89926"
"03/15/2022","AQS","360291014","1","0.2","ppb","0","BROOKSIDE TERRACE","24","100.0000","42401","Sulfur dioxide","15380","Buffalo-Cheektowaga-Niagara Falls, NY","36","New York","029","Erie","42.99813","-78.89926"
"03/16/2022","AQS","360291014","1","0.4","ppb","0","BROOKSIDE TERRACE","24","100.0000","42401","Sulfur dioxide","15380","Buffalo-Cheektowaga-Niagara Falls, NY","36","New York","029","Erie","42.99813","-78.89926"
"03/17/2022","AQS","360291014","1","2.8","ppb","3","BROOKSIDE TERRACE","24","100.0000","42401","Sulfur dioxide","15380","Buffalo-Cheektowaga-Niagara Falls, NY","36","New York","029","Erie","42.99813","-78.89926"
"03/18/2022","AQS","360291014","1","1.4","ppb","1","BROOKSIDE TERRACE","24","100.0000","42401","Sulfur dioxide","15380","Buffalo-Cheektowaga-Niagara Falls, NY","36","New York","029","Erie","42.99813","-78.89926"
"03/19/2022","AQS","360291014","1","0.3","ppb","0","BROOKSIDE TERRACE","24","100.0000","42401","Sulfur dioxide","15380","Buffalo-Cheektowaga-Niagara Falls, NY","36","New York","029","Erie","42.99813","-78.89926"
"03/20/2022","AQS","360291014","1","0","ppb","0","BROOKSIDE TERRACE","24","100.0000","42401","Sulfur dioxide","15380","Buffalo-Cheektowaga-Niagara Falls, NY","36","New York","029","Erie","42.99813","-78.89926"
"03/21/2022","AQS","360291014","1","1.6","ppb","1","BROOKSIDE TERRACE","24","100.0000","42401","Sulfur dioxide","15380","Buffalo-Cheektowaga-Niagara Falls, NY","36","New York","029","Erie","42.99813","-78.89926"
"03/22/2022","AQS","360291014","1","0.1","ppb","0","BROOKSIDE TERRACE","24","100.0000","42401","Sulfur dioxide","15380","Buffalo-Cheektowaga-Niagara Falls, NY","36","New York","029","Erie","42.99813","-78.89926"
"03/23/2022","AQS","360291014","1","0.6","ppb","0","BROOKSIDE TERRACE","24","100.0000","42401","Sulfur dioxide","15380","Buffalo-Cheektowaga-Niagara Falls, NY","36","New York","029","Erie","42.99813","-78.89926"
"03/24/2022","AQS","360291014","1","0.1","ppb","0","BROOKSIDE TERRACE","18","75.0000","42401","Sulfur dioxide","15380","Buffalo-Cheektowaga-Niagara Falls, NY","36","New York","029","Erie","42.99813","-78.89926"
"03/25/2022","AQS","360291014","1","0.2","ppb","0","BROOKSIDE TERRACE","24","100.0000","42401","Sulfur dioxide","15380","Buffalo-Cheektowaga-Niagara Falls, NY","36","New York","029","Erie","42.99813","-78.89926"
"03/26/2022","AQS","360291014","1","0.1","ppb","0","BROOKSIDE TERRACE","24","100.0000","42401","Sulfur dioxide","15380","Buffalo-Cheektowaga-Niagara Falls, NY","36","New York","029","Erie","42.99813","-78.89926"
"03/27/2022","AQS","360291014","1","0.4","ppb","0","BROOKSIDE TERRACE","24","100.0000","42401","Sulfur dioxide","15380","Buffalo-Cheektowaga-Niagara Falls, NY","36","New York","029","Erie","42.99813","-78.89926"
"03/28/2022","AQS","360291014","1","0.8","ppb","0","BROOKSIDE TERRACE","24","100.0000","42401","Sulfur dioxide","15380","Buffalo-Cheektowaga-Niagara Falls, NY","36","New York","029","Erie","42.99813","-78.89926"
"03/29/2022","AQS","360291014","1","1.5","ppb","1","BROOKSIDE TERRACE","24","100.0000","42401","Sulfur dioxide","15380","Buffalo-Cheektowaga-Niagara Falls, NY","36","New York","029","Erie","42.99813","-78.89926"
"03/30/2022","AQS","360291014","1","0.6","ppb","0","BROOKSIDE TERRACE","24","100.0000","42401","Sulfur dioxide","15380","Buffalo-Cheektowaga-Niagara Falls, NY","36","New York","029","Erie","42.99813","-78.89926"
"03/31/2022","AQS","360291014","1","0.5","ppb","0","BROOKSIDE TERRACE","24","100.0000","42401","Sulfur dioxide","15380","Buffalo-Cheektowaga-Niagara Falls, NY","36","New York","029","Erie","42.99813","-78.89926"
"04/01/2022","AQS","360291014","1","0.7","ppb","0","BROOKSIDE TERRACE","22","92.0000","42401","Sulfur dioxide","15380","Buffalo-Cheektowaga-Niagara Falls, NY","36","New York","029","Erie","42.99813","-78.89926"
"04/02/2022","AQS","360291014","1","1.5","ppb","1","BROOKSIDE TERRACE","24","100.0000","42401","Sulfur dioxide","15380","Buffalo-Cheektowaga-Niagara Falls, NY","36","New York","029","Erie","42.99813","-78.89926"
"04/03/2022","AQS","360291014","1","0.4","ppb","0","BROOKSIDE TERRACE","24","100.0000","42401","Sulfur dioxide","15380","Buffalo-Cheektowaga-Niagara Falls, NY","36","New York","029","Erie","42.99813","-78.89926"
"04/04/2022","AQS","360291014","1","2.1","ppb","3","BROOKSIDE TERRACE","24","100.0000","42401","Sulfur dioxide","15380","Buffalo-Cheektowaga-Niagara Falls, NY","36","New York","029","Erie","42.99813","-78.89926"
"04/05/2022","AQS","360291014","1","1.2","ppb","1","BROOKSIDE TERRACE","24","100.0000","42401","Sulfur dioxide","15380","Buffalo-Cheektowaga-Niagara Falls, NY","36","New York","029","Erie","42.99813","-78.89926"
"04/06/2022","AQS","360291014","1","0.3","ppb","0","BROOKSIDE TERRACE","24","100.0000","42401","Sulfur dioxide","15380","Buffalo-Cheektowaga-Niagara Falls, NY","36","New York","029","Erie","42.99813","-78.89926"
"04/07/2022","AQS","360291014","1","0","ppb","0","BROOKSIDE TERRACE","24","100.0000","42401","Sulfur dioxide","15380","Buffalo-Cheektowaga-Niagara Falls, NY","36","New York","029","Erie","42.99813","-78.89926"
"04/08/2022","AQS","360291014","1","0.1","ppb","0","BROOKSIDE TERRACE","21","88.0000","42401","Sulfur dioxide","15380","Buffalo-Cheektowaga-Niagara Falls, NY","36","New York","029","Erie","42.99813","-78.89926"
"04/09/2022","AQS","360291014","1","0.1","ppb","0","BROOKSIDE TERRACE","24","100.0000","42401","Sulfur dioxide","15380","Buffalo-Cheektowaga-Niagara Falls, NY","36","New York","029","Erie","42.99813","-78.89926"
"04/10/2022","AQS","360291014","1","0.6","ppb","0","BROOKSIDE TERRACE","24","100.0000","42401","Sulfur dioxide","15380","Buffalo-Cheektowaga-Niagara Falls, NY","36","New York","029","Erie","42.99813","-78.89926"
"04/11/2022","AQS","360291014","1","0.6","ppb","0","BROOKSIDE TERRACE","24","100.0000","42401","Sulfur dioxide","15380","Buffalo-Cheektowaga-Niagara Falls, NY","36","New York","029","Erie","42.99813","-78.89926"
"04/12/2022","AQS","360291014","1","0.4","ppb","0","BROOKSIDE TERRACE","22","92.0000","42401","Sulfur dioxide","15380","Buffalo-Cheektowaga-Niagara Falls, NY","36","New York","029","Erie","42.99813","-78.89926"
"04/13/2022","AQS","360291014","1","0.9","ppb","0","BROOKSIDE TERRACE","24","100.0000","42401","Sulfur dioxide","15380","Buffalo-Cheektowaga-Niagara Falls, NY","36","New York","029","Erie","42.99813","-78.89926"
"04/14/2022","AQS","360291014","1","0.7","ppb","0","BROOKSIDE TERRACE","24","100.0000","42401","Sulfur dioxide","15380","Buffalo-Cheektowaga-Niagara Falls, NY","36","New York","029","Erie","42.99813","-78.89926"
"04/15/2022","AQS","360291014","1","0.4","ppb","0","BROOKSIDE TERRACE","24","100.0000","42401","Sulfur dioxide","15380","Buffalo-Cheektowaga-Niagara Falls, NY","36","New York","029","Erie","42.99813","-78.89926"
"04/16/2022","AQS","360291014","1","0.4","ppb","0","BROOKSIDE TERRACE","24","100.0000","42401","Sulfur dioxide","15380","Buffalo-Cheektowaga-Niagara Falls, NY","36","New York","029","Erie","42.99813","-78.89926"
"04/17/2022","AQS","360291014","1","1.3","ppb","1","BROOKSIDE TERRACE","24","100.0000","42401","Sulfur dioxide","15380","Buffalo-Cheektowaga-Niagara Falls, NY","36","New York","029","Erie","42.99813","-78.89926"
"04/18/2022","AQS","360291014","1","35","ppb","50","BROOKSIDE TERRACE","22","92.0000","42401","Sulfur dioxide","15380","Buffalo-Cheektowaga-Niagara Falls, NY","36","New York","029","Erie","42.99813","-78.89926"
"04/19/2022","AQS","360291014","1","0.6","ppb","0","BROOKSIDE TERRACE","24","100.0000","42401","Sulfur dioxide","15380","Buffalo-Cheektowaga-Niagara Falls, NY","36","New York","029","Erie","42.99813","-78.89926"
"04/20/2022","AQS","360291014","1","0.9","ppb","0","BROOKSIDE TERRACE","24","100.0000","42401","Sulfur dioxide","15380","Buffalo-Cheektowaga-Niagara Falls, NY","36","New York","029","Erie","42.99813","-78.89926"
"04/21/2022","AQS","360291014","1","0.4","ppb","0","BROOKSIDE TERRACE","24","100.0000","42401","Sulfur dioxide","15380","Buffalo-Cheektowaga-Niagara Falls, NY","36","New York","029","Erie","42.99813","-78.89926"
"04/22/2022","AQS","360291014","1","0.9","ppb","0","BROOKSIDE TERRACE","24","100.0000","42401","Sulfur dioxide","15380","Buffalo-Cheektowaga-Niagara Falls, NY","36","New York","029","Erie","42.99813","-78.89926"
"04/23/2022","AQS","360291014","1","0.4","ppb","0","BROOKSIDE TERRACE","24","100.0000","42401","Sulfur dioxide","15380","Buffalo-Cheektowaga-Niagara Falls, NY","36","New York","029","Erie","42.99813","-78.89926"
"04/24/2022","AQS","360291014","1","1.4","ppb","1","BROOKSIDE TERRACE","24","100.0000","42401","Sulfur dioxide","15380","Buffalo-Cheektowaga-Niagara Falls, NY","36","New York","029","Erie","42.99813","-78.89926"
"04/25/2022","AQS","360291014","1","0.5","ppb","0","BROOKSIDE TERRACE","22","92.0000","42401","Sulfur dioxide","15380","Buffalo-Cheektowaga-Niagara Falls, NY","36","New York","029","Erie","42.99813","-78.89926"
"04/26/2022","AQS","360291014","1","0.4","ppb","0","BROOKSIDE TERRACE","23","96.0000","42401","Sulfur dioxide","15380","Buffalo-Cheektowaga-Niagara Falls, NY","36","New York","029","Erie","42.99813","-78.89926"
"04/27/2022","AQS","360291014","1","0.6","ppb","0","BROOKSIDE TERRACE","24","100.0000","42401","Sulfur dioxide","15380","Buffalo-Cheektowaga-Niagara Falls, NY","36","New York","029","Erie","42.99813","-78.89926"
"04/28/2022","AQS","360291014","1","0.8","ppb","0","BROOKSIDE TERRACE","24","100.0000","42401","Sulfur dioxide","15380","Buffalo-Cheektowaga-Niagara Falls, NY","36","New York","029","Erie","42.99813","-78.89926"
"04/29/2022","AQS","360291014","1","0.9","ppb","0","BROOKSIDE TERRACE","24","100.0000","42401","Sulfur dioxide","15380","Buffalo-Cheektowaga-Niagara Falls, NY","36","New York","029","Erie","42.99813","-78.89926"
"04/30/2022","AQS","360291014","1","1.1","ppb","1","BROOKSIDE TERRACE","24","100.0000","42401","Sulfur dioxide","15380","Buffalo-Cheektowaga-Niagara Falls, NY","36","New York","029","Erie","42.99813","-78.89926"
"05/01/2022","AQS","360291014","1","0.4","ppb","0","BROOKSIDE TERRACE","24","100.0000","42401","Sulfur dioxide","15380","Buffalo-Cheektowaga-Niagara Falls, NY","36","New York","029","Erie","42.99813","-78.89926"
"05/02/2022","AQS","360291014","1","0.3","ppb","0","BROOKSIDE TERRACE","22","92.0000","42401","Sulfur dioxide","15380","Buffalo-Cheektowaga-Niagara Falls, NY","36","New York","029","Erie","42.99813","-78.89926"
"05/03/2022","AQS","360291014","1","0.2","ppb","0","BROOKSIDE TERRACE","24","100.0000","42401","Sulfur dioxide","15380","Buffalo-Cheektowaga-Niagara Falls, NY","36","New York","029","Erie","42.99813","-78.89926"
"05/04/2022","AQS","360291014","1","0","ppb","0","BROOKSIDE TERRACE","24","100.0000","42401","Sulfur dioxide","15380","Buffalo-Cheektowaga-Niagara Falls, NY","36","New York","029","Erie","42.99813","-78.89926"
"05/05/2022","AQS","360291014","1","0.3","ppb","0","BROOKSIDE TERRACE","24","100.0000","42401","Sulfur dioxide","15380","Buffalo-Cheektowaga-Niagara Falls, NY","36","New York","029","Erie","42.99813","-78.89926"
"05/06/2022","AQS","360291014","1","0.3","ppb","0","BROOKSIDE TERRACE","24","100.0000","42401","Sulfur dioxide","15380","Buffalo-Cheektowaga-Niagara Falls, NY","36","New York","029","Erie","42.99813","-78.89926"
"05/07/2022","AQS","360291014","1","0.5","ppb","0","BROOKSIDE TERRACE","24","100.0000","42401","Sulfur dioxide","15380","Buffalo-Cheektowaga-Niagara Falls, NY","36","New York","029","Erie","42.99813","-78.89926"
"05/08/2022","AQS","360291014","1","0.4","ppb","0","BROOKSIDE TERRACE","24","100.0000","42401","Sulfur dioxide","15380","Buffalo-Cheektowaga-Niagara Falls, NY","36","New York","029","Erie","42.99813","-78.89926"
"05/09/2022","AQS","360291014","1","0.4","ppb","0","BROOKSIDE TERRACE","22","92.0000","42401","Sulfur dioxide","15380","Buffalo-Cheektowaga-Niagara Falls, NY","36","New York","029","Erie","42.99813","-78.89926"
"05/10/2022","AQS","360291014","1","0.2","ppb","0","BROOKSIDE TERRACE","24","100.0000","42401","Sulfur dioxide","15380","Buffalo-Cheektowaga-Niagara Falls, NY","36","New York","029","Erie","42.99813","-78.89926"
"05/11/2022","AQS","360291014","1","0.8","ppb","0","BROOKSIDE TERRACE","24","100.0000","42401","Sulfur dioxide","15380","Buffalo-Cheektowaga-Niagara Falls, NY","36","New York","029","Erie","42.99813","-78.89926"
"05/12/2022","AQS","360291014","1","0.4","ppb","0","BROOKSIDE TERRACE","24","100.0000","42401","Sulfur dioxide","15380","Buffalo-Cheektowaga-Niagara Falls, NY","36","New York","029","Erie","42.99813","-78.89926"
"05/13/2022","AQS","360291014","1","0.1","ppb","0","BROOKSIDE TERRACE","24","100.0000","42401","Sulfur dioxide","15380","Buffalo-Cheektowaga-Niagara Falls, NY","36","New York","029","Erie","42.99813","-78.89926"
"05/14/2022","AQS","360291014","1","-0.2","ppb","0","BROOKSIDE TERRACE","24","100.0000","42401","Sulfur dioxide","15380","Buffalo-Cheektowaga-Niagara Falls, NY","36","New York","029","Erie","42.99813","-78.89926"
"05/15/2022","AQS","360291014","1","2.5","ppb","3","BROOKSIDE TERRACE","24","100.0000","42401","Sulfur dioxide","15380","Buffalo-Cheektowaga-Niagara Falls, NY","36","New York","029","Erie","42.99813","-78.89926"
"05/16/2022","AQS","360291014","1","-0.1","ppb","0","BROOKSIDE TERRACE","24","100.0000","42401","Sulfur dioxide","15380","Buffalo-Cheektowaga-Niagara Falls, NY","36","New York","029","Erie","42.99813","-78.89926"
"05/17/2022","AQS","360291014","1","1.2","ppb","1","BROOKSIDE TERRACE","24","100.0000","42401","Sulfur dioxide","15380","Buffalo-Cheektowaga-Niagara Falls, NY","36","New York","029","Erie","42.99813","-78.89926"
"05/18/2022","AQS","360291014","1","0.3","ppb","0","BROOKSIDE TERRACE","22","92.0000","42401","Sulfur dioxide","15380","Buffalo-Cheektowaga-Niagara Falls, NY","36","New York","029","Erie","42.99813","-78.89926"
"05/19/2022","AQS","360291014","1","0.1","ppb","0","BROOKSIDE TERRACE","24","100.0000","42401","Sulfur dioxide","15380","Buffalo-Cheektowaga-Niagara Falls, NY","36","New York","029","Erie","42.99813","-78.89926"
"05/20/2022","AQS","360291014","1","0","ppb","0","BROOKSIDE TERRACE","24","100.0000","42401","Sulfur dioxide","15380","Buffalo-Cheektowaga-Niagara Falls, NY","36","New York","029","Erie","42.99813","-78.89926"
"05/21/2022","AQS","360291014","1","0.1","ppb","0","BROOKSIDE TERRACE","24","100.0000","42401","Sulfur dioxide","15380","Buffalo-Cheektowaga-Niagara Falls, NY","36","New York","029","Erie","42.99813","-78.89926"
"05/22/2022","AQS","360291014","1","-0.3","ppb","0","BROOKSIDE TERRACE","24","100.0000","42401","Sulfur dioxide","15380","Buffalo-Cheektowaga-Niagara Falls, NY","36","New York","029","Erie","42.99813","-78.89926"
"05/23/2022","AQS","360291014","1","0","ppb","0","BROOKSIDE TERRACE","24","100.0000","42401","Sulfur dioxide","15380","Buffalo-Cheektowaga-Niagara Falls, NY","36","New York","029","Erie","42.99813","-78.89926"
"05/24/2022","AQS","360291014","1","0","ppb","0","BROOKSIDE TERRACE","22","92.0000","42401","Sulfur dioxide","15380","Buffalo-Cheektowaga-Niagara Falls, NY","36","New York","029","Erie","42.99813","-78.89926"
"05/25/2022","AQS","360291014","1","0","ppb","0","BROOKSIDE TERRACE","24","100.0000","42401","Sulfur dioxide","15380","Buffalo-Cheektowaga-Niagara Falls, NY","36","New York","029","Erie","42.99813","-78.89926"
"05/26/2022","AQS","360291014","1","0.3","ppb","0","BROOKSIDE TERRACE","24","100.0000","42401","Sulfur dioxide","15380","Buffalo-Cheektowaga-Niagara Falls, NY","36","New York","029","Erie","42.99813","-78.89926"
"05/27/2022","AQS","360291014","1","-0.4","ppb","0","BROOKSIDE TERRACE","24","100.0000","42401","Sulfur dioxide","15380","Buffalo-Cheektowaga-Niagara Falls, NY","36","New York","029","Erie","42.99813","-78.89926"
"05/28/2022","AQS","360291014","1","-0.3","ppb","0","BROOKSIDE TERRACE","24","100.0000","42401","Sulfur dioxide","15380","Buffalo-Cheektowaga-Niagara Falls, NY","36","New York","029","Erie","42.99813","-78.89926"
"05/29/2022","AQS","360291014","1","0.1","ppb","0","BROOKSIDE TERRACE","24","100.0000","42401","Sulfur dioxide","15380","Buffalo-Cheektowaga-Niagara Falls, NY","36","New York","029","Erie","42.99813","-78.89926"
"05/30/2022","AQS","360291014","1","0.2","ppb","0","BROOKSIDE TERRACE","24","100.0000","42401","Sulfur dioxide","15380","Buffalo-Cheektowaga-Niagara Falls, NY","36","New York","029","Erie","42.99813","-78.89926"
"05/31/2022","AQS","360291014","1","0.8","ppb","0","BROOKSIDE TERRACE","24","100.0000","42401","Sulfur dioxide","15380","Buffalo-Cheektowaga-Niagara Falls, NY","36","New York","029","Erie","42.99813","-78.89926"
"06/01/2022","AQS","360291014","1","0.5","ppb","0","BROOKSIDE TERRACE","22","92.0000","42401","Sulfur dioxide","15380","Buffalo-Cheektowaga-Niagara Falls, NY","36","New York","029","Erie","42.99813","-78.89926"
"06/02/2022","AQS","360291014","1","1.6","ppb","1","BROOKSIDE TERRACE","24","100.0000","42401","Sulfur dioxide","15380","Buffalo-Cheektowaga-Niagara Falls, NY","36","New York","029","Erie","42.99813","-78.89926"
"06/03/2022","AQS","360291014","1","0.1","ppb","0","BROOKSIDE TERRACE","24","100.0000","42401","Sulfur dioxide","15380","Buffalo-Cheektowaga-Niagara Falls, NY","36","New York","029","Erie","42.99813","-78.89926"
"06/04/2022","AQS","360291014","1","1.2","ppb","1","BROOKSIDE TERRACE","24","100.0000","42401","Sulfur dioxide","15380","Buffalo-Cheektowaga-Niagara Falls, NY","36","New York","029","Erie","42.99813","-78.89926"
"06/05/2022","AQS","360291014","1","0.9","ppb","0","BROOKSIDE TERRACE","24","100.0000","42401","Sulfur dioxide","15380","Buffalo-Cheektowaga-Niagara Falls, NY","36","New York","029","Erie","42.99813","-78.89926"
"06/06/2022","AQS","360291014","1","0.4","ppb","0","BROOKSIDE TERRACE","22","92.0000","42401","Sulfur dioxide","15380","Buffalo-Cheektowaga-Niagara Falls, NY","36","New York","029","Erie","42.99813","-78.89926"
"06/07/2022","AQS","360291014","1","-0.3","ppb","0","BROOKSIDE TERRACE","24","100.0000","42401","Sulfur dioxide","15380","Buffalo-Cheektowaga-Niagara Falls, NY","36","New York","029","Erie","42.99813","-78.89926"
"06/08/2022","AQS","360291014","1","0.1","ppb","0","BROOKSIDE TERRACE","24","100.0000","42401","Sulfur dioxide","15380","Buffalo-Cheektowaga-Niagara Falls, NY","36","New York","029","Erie","42.99813","-78.89926"
"06/09/2022","AQS","360291014","1","-0.1","ppb","0","BROOKSIDE TERRACE","24","100.0000","42401","Sulfur dioxide","15380","Buffalo-Cheektowaga-Niagara Falls, NY","36","New York","029","Erie","42.99813","-78.89926"
"06/10/2022","AQS","360291014","1","0","ppb","0","BROOKSIDE TERRACE","24","100.0000","42401","Sulfur dioxide","15380","Buffalo-Cheektowaga-Niagara Falls, NY","36","New York","029","Erie","42.99813","-78.89926"
"06/11/2022","AQS","360291014","1","0","ppb","0","BROOKSIDE TERRACE","24","100.0000","42401","Sulfur dioxide","15380","Buffalo-Cheektowaga-Niagara Falls, NY","36","New York","029","Erie","42.99813","-78.89926"
"06/12/2022","AQS","360291014","1","0","ppb","0","BROOKSIDE TERRACE","24","100.0000","42401","Sulfur dioxide","15380","Buffalo-Cheektowaga-Niagara Falls, NY","36","New York","029","Erie","42.99813","-78.89926"
"06/13/2022","AQS","360291014","1","0.1","ppb","0","BROOKSIDE TERRACE","22","92.0000","42401","Sulfur dioxide","15380","Buffalo-Cheektowaga-Niagara Falls, NY","36","New York","029","Erie","42.99813","-78.89926"
"06/14/2022","AQS","360291014","1","0.3","ppb","0","BROOKSIDE TERRACE","24","100.0000","42401","Sulfur dioxide","15380","Buffalo-Cheektowaga-Niagara Falls, NY","36","New York","029","Erie","42.99813","-78.89926"
"06/15/2022","AQS","360291014","1","0.2","ppb","0","BROOKSIDE TERRACE","24","100.0000","42401","Sulfur dioxide","15380","Buffalo-Cheektowaga-Niagara Falls, NY","36","New York","029","Erie","42.99813","-78.89926"
"06/16/2022","AQS","360291014","1","0","ppb","0","BROOKSIDE TERRACE","24","100.0000","42401","Sulfur dioxide","15380","Buffalo-Cheektowaga-Niagara Falls, NY","36","New York","029","Erie","42.99813","-78.89926"
"06/17/2022","AQS","360291014","1","0.4","ppb","0","BROOKSIDE TERRACE","24","100.0000","42401","Sulfur dioxide","15380","Buffalo-Cheektowaga-Niagara Falls, NY","36","New York","029","Erie","42.99813","-78.89926"
"06/18/2022","AQS","360291014","1","0.6","ppb","0","BROOKSIDE TERRACE","24","100.0000","42401","Sulfur dioxide","15380","Buffalo-Cheektowaga-Niagara Falls, NY","36","New York","029","Erie","42.99813","-78.89926"
"06/19/2022","AQS","360291014","1","1.3","ppb","1","BROOKSIDE TERRACE","24","100.0000","42401","Sulfur dioxide","15380","Buffalo-Cheektowaga-Niagara Falls, NY","36","New York","029","Erie","42.99813","-78.89926"
"06/20/2022","AQS","360291014","1","0.8","ppb","0","BROOKSIDE TERRACE","24","100.0000","42401","Sulfur dioxide","15380","Buffalo-Cheektowaga-Niagara Falls, NY","36","New York","029","Erie","42.99813","-78.89926"
"06/21/2022","AQS","360291014","1","0.9","ppb","0","BROOKSIDE TERRACE","24","100.0000","42401","Sulfur dioxide","15380","Buffalo-Cheektowaga-Niagara Falls, NY","36","New York","029","Erie","42.99813","-78.89926"
"06/22/2022","AQS","360291014","1","0.5","ppb","0","BROOKSIDE TERRACE","24","100.0000","42401","Sulfur dioxide","15380","Buffalo-Cheektowaga-Niagara Falls, NY","36","New York","029","Erie","42.99813","-78.89926"
"06/23/2022","AQS","360291014","1","3","ppb","4","BROOKSIDE TERRACE","24","100.0000","42401","Sulfur dioxide","15380","Buffalo-Cheektowaga-Niagara Falls, NY","36","New York","029","Erie","42.99813","-78.89926"
"06/24/2022","AQS","360291014","1","1.1","ppb","1","BROOKSIDE TERRACE","22","92.0000","42401","Sulfur dioxide","15380","Buffalo-Cheektowaga-Niagara Falls, NY","36","New York","029","Erie","42.99813","-78.89926"
"06/25/2022","AQS","360291014","1","1.4","ppb","1","BROOKSIDE TERRACE","24","100.0000","42401","Sulfur dioxide","15380","Buffalo-Cheektowaga-Niagara Falls, NY","36","New York","029","Erie","42.99813","-78.89926"
"06/26/2022","AQS","360291014","1","0.4","ppb","0","BROOKSIDE TERRACE","24","100.0000","42401","Sulfur dioxide","15380","Buffalo-Cheektowaga-Niagara Falls, NY","36","New York","029","Erie","42.99813","-78.89926"
"06/27/2022","AQS","360291014","1","1.3","ppb","1","BROOKSIDE TERRACE","24","100.0000","42401","Sulfur dioxide","15380","Buffalo-Cheektowaga-Niagara Falls, NY","36","New York","029","Erie","42.99813","-78.89926"
"06/28/2022","AQS","360291014","1","1.9","ppb","1","BROOKSIDE TERRACE","24","100.0000","42401","Sulfur dioxide","15380","Buffalo-Cheektowaga-Niagara Falls, NY","36","New York","029","Erie","42.99813","-78.89926"
"06/29/2022","AQS","360291014","1","1","ppb","1","BROOKSIDE TERRACE","24","100.0000","42401","Sulfur dioxide","15380","Buffalo-Cheektowaga-Niagara Falls, NY","36","New York","029","Erie","42.99813","-78.89926"
"06/30/2022","AQS","360291014","1","0.6","ppb","0","BROOKSIDE TERRACE","22","92.0000","42401","Sulfur dioxide","15380","Buffalo-Cheektowaga-Niagara Falls, NY","36","New York","029","Erie","42.99813","-78.89926"
"07/01/2022","AQS","360291014","1","0.7","ppb","0","BROOKSIDE TERRACE","24","100.0000","42401","Sulfur dioxide","15380","Buffalo-Cheektowaga-Niagara Falls, NY","36","New York","029","Erie","42.99813","-78.89926"
"07/02/2022","AQS","360291014","1","0.9","ppb","0","BROOKSIDE TERRACE","24","100.0000","42401","Sulfur dioxide","15380","Buffalo-Cheektowaga-Niagara Falls, NY","36","New York","029","Erie","42.99813","-78.89926"
"07/03/2022","AQS","360291014","1","0.6","ppb","0","BROOKSIDE TERRACE","24","100.0000","42401","Sulfur dioxide","15380","Buffalo-Cheektowaga-Niagara Falls, NY","36","New York","029","Erie","42.99813","-78.89926"
"07/04/2022","AQS","360291014","1","2.4","ppb","3","BROOKSIDE TERRACE","24","100.0000","42401","Sulfur dioxide","15380","Buffalo-Cheektowaga-Niagara Falls, NY","36","New York","029","Erie","42.99813","-78.89926"
"07/05/2022","AQS","360291014","1","0.7","ppb","0","BROOKSIDE TERRACE","22","92.0000","42401","Sulfur dioxide","15380","Buffalo-Cheektowaga-Niagara Falls, NY","36","New York","029","Erie","42.99813","-78.89926"
"07/06/2022","AQS","360291014","1","0.1","ppb","0","BROOKSIDE TERRACE","24","100.0000","42401","Sulfur dioxide","15380","Buffalo-Cheektowaga-Niagara Falls, NY","36","New York","029","Erie","42.99813","-78.89926"
"07/07/2022","AQS","360291014","1","0.2","ppb","0","BROOKSIDE TERRACE","24","100.0000","42401","Sulfur dioxide","15380","Buffalo-Cheektowaga-Niagara Falls, NY","36","New York","029","Erie","42.99813","-78.89926"
"07/08/2022","AQS","360291014","1","1.1","ppb","1","BROOKSIDE TERRACE","24","100.0000","42401","Sulfur dioxide","15380","Buffalo-Cheektowaga-Niagara Falls, NY","36","New York","029","Erie","42.99813","-78.89926"
"07/09/2022","AQS","360291014","1","0.2","ppb","0","BROOKSIDE TERRACE","24","100.0000","42401","Sulfur dioxide","15380","Buffalo-Cheektowaga-Niagara Falls, NY","36","New York","029","Erie","42.99813","-78.89926"
"07/10/2022","AQS","360291014","1","0.5","ppb","0","BROOKSIDE TERRACE","24","100.0000","42401","Sulfur dioxide","15380","Buffalo-Cheektowaga-Niagara Falls, NY","36","New York","029","Erie","42.99813","-78.89926"
"07/11/2022","AQS","360291014","1","1","ppb","1","BROOKSIDE TERRACE","24","100.0000","42401","Sulfur dioxide","15380","Buffalo-Cheektowaga-Niagara Falls, NY","36","New York","029","Erie","42.99813","-78.89926"
"07/12/2022","AQS","360291014","1","0.5","ppb","0","BROOKSIDE TERRACE","24","100.0000","42401","Sulfur dioxide","15380","Buffalo-Cheektowaga-Niagara Falls, NY","36","New York","029","Erie","42.99813","-78.89926"
"07/13/2022","AQS","360291014","1","0.4","ppb","0","BROOKSIDE TERRACE","24","100.0000","42401","Sulfur dioxide","15380","Buffalo-Cheektowaga-Niagara Falls, NY","36","New York","029","Erie","42.99813","-78.89926"
"07/14/2022","AQS","360291014","1","6.2","ppb","9","BROOKSIDE TERRACE","24","100.0000","42401","Sulfur dioxide","15380","Buffalo-Cheektowaga-Niagara Falls, NY","36","New York","029","Erie","42.99813","-78.89926"
"07/15/2022","AQS","360291014","1","10.8","ppb","14","BROOKSIDE TERRACE","21","88.0000","42401","Sulfur dioxide","15380","Buffalo-Cheektowaga-Niagara Falls, NY","36","New York","029","Erie","42.99813","-78.89926"
"07/16/2022","AQS","360291014","1","1.3","ppb","1","BROOKSIDE TERRACE","24","100.0000","42401","Sulfur dioxide","15380","Buffalo-Cheektowaga-Niagara Falls, NY","36","New York","029","Erie","42.99813","-78.89926"
"07/17/2022","AQS","360291014","1","0.4","ppb","0","BROOKSIDE TERRACE","24","100.0000","42401","Sulfur dioxide","15380","Buffalo-Cheektowaga-Niagara Falls, NY","36","New York","029","Erie","42.99813","-78.89926"
"07/18/2022","AQS","360291014","1","-0.1","ppb","0","BROOKSIDE TERRACE","24","100.0000","42401","Sulfur dioxide","15380","Buffalo-Cheektowaga-Niagara Falls, NY","36","New York","029","Erie","42.99813","-78.89926"
"07/19/2022","AQS","360291014","1","0","ppb","0","BROOKSIDE TERRACE","22","92.0000","42401","Sulfur dioxide","15380","Buffalo-Cheektowaga-Niagara Falls, NY","36","New York","029","Erie","42.99813","-78.89926"
"07/20/2022","AQS","360291014","1","0.2","ppb","0","BROOKSIDE TERRACE","24","100.0000","42401","Sulfur dioxide","15380","Buffalo-Cheektowaga-Niagara Falls, NY","36","New York","029","Erie","42.99813","-78.89926"
"07/21/2022","AQS","360291014","1","0.1","ppb","0","BROOKSIDE TERRACE","24","100.0000","42401","Sulfur dioxide","15380","Buffalo-Cheektowaga-Niagara Falls, NY","36","New York","029","Erie","42.99813","-78.89926"
"07/22/2022","AQS","360291014","1","0.2","ppb","0","BROOKSIDE TERRACE","24","100.0000","42401","Sulfur dioxide","15380","Buffalo-Cheektowaga-Niagara Falls, NY","36","New York","029","Erie","42.99813","-78.89926"
"07/23/2022","AQS","360291014","1","0.6","ppb","0","BROOKSIDE TERRACE","24","100.0000","42401","Sulfur dioxide","15380","Buffalo-Cheektowaga-Niagara Falls, NY","36","New York","029","Erie","42.99813","-78.89926"
"07/24/2022","AQS","360291014","1","0","ppb","0","BROOKSIDE TERRACE","24","100.0000","42401","Sulfur dioxide","15380","Buffalo-Cheektowaga-Niagara Falls, NY","36","New York","029","Erie","42.99813","-78.89926"
"07/25/2022","AQS","360291014","1","0.9","ppb","0","BROOKSIDE TERRACE","21","88.0000","42401","Sulfur dioxide","15380","Buffalo-Cheektowaga-Niagara Falls, NY","36","New York","029","Erie","42.99813","-78.89926"
"07/26/2022","AQS","360291014","1","1.5","ppb","1","BROOKSIDE TERRACE","24","100.0000","42401","Sulfur dioxide","15380","Buffalo-Cheektowaga-Niagara Falls, NY","36","New York","029","Erie","42.99813","-78.89926"
"07/27/2022","AQS","360291014","1","0.2","ppb","0","BROOKSIDE TERRACE","24","100.0000","42401","Sulfur dioxide","15380","Buffalo-Cheektowaga-Niagara Falls, NY","36","New York","029","Erie","42.99813","-78.89926"
"07/28/2022","AQS","360291014","1","0.5","ppb","0","BROOKSIDE TERRACE","24","100.0000","42401","Sulfur dioxide","15380","Buffalo-Cheektowaga-Niagara Falls, NY","36","New York","029","Erie","42.99813","-78.89926"
"07/29/2022","AQS","360291014","1","0.5","ppb","0","BROOKSIDE TERRACE","24","100.0000","42401","Sulfur dioxide","15380","Buffalo-Cheektowaga-Niagara Falls, NY","36","New York","029","Erie","42.99813","-78.89926"
"07/30/2022","AQS","360291014","1","1.4","ppb","1","BROOKSIDE TERRACE","24","100.0000","42401","Sulfur dioxide","15380","Buffalo-Cheektowaga-Niagara Falls, NY","36","New York","029","Erie","42.99813","-78.89926"
"07/31/2022","AQS","360291014","1","0.4","ppb","0","BROOKSIDE TERRACE","24","100.0000","42401","Sulfur dioxide","15380","Buffalo-Cheektowaga-Niagara Falls, NY","36","New York","029","Erie","42.99813","-78.89926"
"08/01/2022","AQS","360291014","1","0.2","ppb","0","BROOKSIDE TERRACE","24","100.0000","42401","Sulfur dioxide","15380","Buffalo-Cheektowaga-Niagara Falls, NY","36","New York","029","Erie","42.99813","-78.89926"
"08/02/2022","AQS","360291014","1","0.4","ppb","0","BROOKSIDE TERRACE","24","100.0000","42401","Sulfur dioxide","15380","Buffalo-Cheektowaga-Niagara Falls, NY","36","New York","029","Erie","42.99813","-78.89926"
"08/03/2022","AQS","360291014","1","0.2","ppb","0","BROOKSIDE TERRACE","22","92.0000","42401","Sulfur dioxide","15380","Buffalo-Cheektowaga-Niagara Falls, NY","36","New York","029","Erie","42.99813","-78.89926"
"08/04/2022","AQS","360291014","1","0","ppb","0","BROOKSIDE TERRACE","24","100.0000","42401","Sulfur dioxide","15380","Buffalo-Cheektowaga-Niagara Falls, NY","36","New York","029","Erie","42.99813","-78.89926"
"08/05/2022","AQS","360291014","1","0.4","ppb","0","BROOKSIDE TERRACE","24","100.0000","42401","Sulfur dioxide","15380","Buffalo-Cheektowaga-Niagara Falls, NY","36","New York","029","Erie","42.99813","-78.89926"
"08/06/2022","AQS","360291014","1","0.3","ppb","0","BROOKSIDE TERRACE","24","100.0000","42401","Sulfur dioxide","15380","Buffalo-Cheektowaga-Niagara Falls, NY","36","New York","029","Erie","42.99813","-78.89926"
"08/07/2022","AQS","360291014","1","-0.1","ppb","0","BROOKSIDE TERRACE","24","100.0000","42401","Sulfur dioxide","15380","Buffalo-Cheektowaga-Niagara Falls, NY","36","New York","029","Erie","42.99813","-78.89926"
"08/08/2022","AQS","360291014","1","-0.1","ppb","0","BROOKSIDE TERRACE","24","100.0000","42401","Sulfur dioxide","15380","Buffalo-Cheektowaga-Niagara Falls, NY","36","New York","029","Erie","42.99813","-78.89926"
"08/09/2022","AQS","360291014","1","0.1","ppb","0","BROOKSIDE TERRACE","24","100.0000","42401","Sulfur dioxide","15380","Buffalo-Cheektowaga-Niagara Falls, NY","36","New York","029","Erie","42.99813","-78.89926"
"08/10/2022","AQS","360291014","1","0.3","ppb","0","BROOKSIDE TERRACE","22","92.0000","42401","Sulfur dioxide","15380","Buffalo-Cheektowaga-Niagara Falls, NY","36","New York","029","Erie","42.99813","-78.89926"
"08/11/2022","AQS","360291014","1","0.5","ppb","0","BROOKSIDE TERRACE","24","100.0000","42401","Sulfur dioxide","15380","Buffalo-Cheektowaga-Niagara Falls, NY","36","New York","029","Erie","42.99813","-78.89926"
"08/12/2022","AQS","360291014","1","0.5","ppb","0","BROOKSIDE TERRACE","24","100.0000","42401","Sulfur dioxide","15380","Buffalo-Cheektowaga-Niagara Falls, NY","36","New York","029","Erie","42.99813","-78.89926"
"08/13/2022","AQS","360291014","1","0.9","ppb","0","BROOKSIDE TERRACE","24","100.0000","42401","Sulfur dioxide","15380","Buffalo-Cheektowaga-Niagara Falls, NY","36","New York","029","Erie","42.99813","-78.89926"
"08/14/2022","AQS","360291014","1","0.4","ppb","0","BROOKSIDE TERRACE","24","100.0000","42401","Sulfur dioxide","15380","Buffalo-Cheektowaga-Niagara Falls, NY","36","New York","029","Erie","42.99813","-78.89926"
"08/15/2022","AQS","360291014","1","0.3","ppb","0","BROOKSIDE TERRACE","24","100.0000","42401","Sulfur dioxide","15380","Buffalo-Cheektowaga-Niagara Falls, NY","36","New York","029","Erie","42.99813","-78.89926"
"08/16/2022","AQS","360291014","1","0.3","ppb","0","BROOKSIDE TERRACE","22","92.0000","42401","Sulfur dioxide","15380","Buffalo-Cheektowaga-Niagara Falls, NY","36","New York","029","Erie","42.99813","-78.89926"
"08/17/2022","AQS","360291014","1","0.3","ppb","0","BROOKSIDE TERRACE","24","100.0000","42401","Sulfur dioxide","15380","Buffalo-Cheektowaga-Niagara Falls, NY","36","New York","029","Erie","42.99813","-78.89926"
"08/18/2022","AQS","360291014","1","1.3","ppb","1","BROOKSIDE TERRACE","24","100.0000","42401","Sulfur dioxide","15380","Buffalo-Cheektowaga-Niagara Falls, NY","36","New York","029","Erie","42.99813","-78.89926"
"08/19/2022","AQS","360291014","1","0.7","ppb","0","BROOKSIDE TERRACE","24","100.0000","42401","Sulfur dioxide","15380","Buffalo-Cheektowaga-Niagara Falls, NY","36","New York","029","Erie","42.99813","-78.89926"
"08/20/2022","AQS","360291014","1","0.8","ppb","0","BROOKSIDE TERRACE","24","100.0000","42401","Sulfur dioxide","15380","Buffalo-Cheektowaga-Niagara Falls, NY","36","New York","029","Erie","42.99813","-78.89926"
"08/21/2022","AQS","360291014","1","0.3","ppb","0","BROOKSIDE TERRACE","24","100.0000","42401","Sulfur dioxide","15380","Buffalo-Cheektowaga-Niagara Falls, NY","36","New York","029","Erie","42.99813","-78.89926"
"08/22/2022","AQS","360291014","1","0.1","ppb","0","BROOKSIDE TERRACE","24","100.0000","42401","Sulfur dioxide","15380","Buffalo-Cheektowaga-Niagara Falls, NY","36","New York","029","Erie","42.99813","-78.89926"
"08/23/2022","AQS","360291014","1","0.3","ppb","0","BROOKSIDE TERRACE","24","100.0000","42401","Sulfur dioxide","15380","Buffalo-Cheektowaga-Niagara Falls, NY","36","New York","029","Erie","42.99813","-78.89926"
"08/24/2022","AQS","360291014","1","2.2","ppb","3","BROOKSIDE TERRACE","24","100.0000","42401","Sulfur dioxide","15380","Buffalo-Cheektowaga-Niagara Falls, NY","36","New York","029","Erie","42.99813","-78.89926"
"08/25/2022","AQS","360291014","1","0.2","ppb","0","BROOKSIDE TERRACE","24","100.0000","42401","Sulfur dioxide","15380","Buffalo-Cheektowaga-Niagara Falls, NY","36","New York","029","Erie","42.99813","-78.89926"
"08/26/2022","AQS","360291014","1","0.8","ppb","0","BROOKSIDE TERRACE","24","100.0000","42401","Sulfur dioxide","15380","Buffalo-Cheektowaga-Niagara Falls, NY","36","New York","029","Erie","42.99813","-78.89926"
"08/27/2022","AQS","360291014","1","0.2","ppb","0","BROOKSIDE TERRACE","24","100.0000","42401","Sulfur dioxide","15380","Buffalo-Cheektowaga-Niagara Falls, NY","36","New York","029","Erie","42.99813","-78.89926"
"08/28/2022","AQS","360291014","1","0.9","ppb","0","BROOKSIDE TERRACE","24","100.0000","42401","Sulfur dioxide","15380","Buffalo-Cheektowaga-Niagara Falls, NY","36","New York","029","Erie","42.99813","-78.89926"
"08/29/2022","AQS","360291014","1","0.5","ppb","0","BROOKSIDE TERRACE","22","92.0000","42401","Sulfur dioxide","15380","Buffalo-Cheektowaga-Niagara Falls, NY","36","New York","029","Erie","42.99813","-78.89926"
"08/30/2022","AQS","360291014","1","0","ppb","0","BROOKSIDE TERRACE","24","100.0000","42401","Sulfur dioxide","15380","Buffalo-Cheektowaga-Niagara Falls, NY","36","New York","029","Erie","42.99813","-78.89926"
"08/31/2022","AQS","360291014","1","1","ppb","1","BROOKSIDE TERRACE","24","100.0000","42401","Sulfur dioxide","15380","Buffalo-Cheektowaga-Niagara Falls, NY","36","New York","029","Erie","42.99813","-78.89926"
"09/01/2022","AQS","360291014","1","1.2","ppb","1","BROOKSIDE TERRACE","24","100.0000","42401","Sulfur dioxide","15380","Buffalo-Cheektowaga-Niagara Falls, NY","36","New York","029","Erie","42.99813","-78.89926"
"09/02/2022","AQS","360291014","1","0.6","ppb","0","BROOKSIDE TERRACE","24","100.0000","42401","Sulfur dioxide","15380","Buffalo-Cheektowaga-Niagara Falls, NY","36","New York","029","Erie","42.99813","-78.89926"
"09/03/2022","AQS","360291014","1","0.6","ppb","0","BROOKSIDE TERRACE","24","100.0000","42401","Sulfur dioxide","15380","Buffalo-Cheektowaga-Niagara Falls, NY","36","New York","029","Erie","42.99813","-78.89926"
"09/04/2022","AQS","360291014","1","0.1","ppb","0","BROOKSIDE TERRACE","24","100.0000","42401","Sulfur dioxide","15380","Buffalo-Cheektowaga-Niagara Falls, NY","36","New York","029","Erie","42.99813","-78.89926"
"09/05/2022","AQS","360291014","1","0.1","ppb","0","BROOKSIDE TERRACE","24","100.0000","42401","Sulfur dioxide","15380","Buffalo-Cheektowaga-Niagara Falls, NY","36","New York","029","Erie","42.99813","-78.89926"
"09/06/2022","AQS","360291014","1","0.1","ppb","0","BROOKSIDE TERRACE","24","100.0000","42401","Sulfur dioxide","15380","Buffalo-Cheektowaga-Niagara Falls, NY","36","New York","029","Erie","42.99813","-78.89926"
"09/07/2022","AQS","360291014","1","0.1","ppb","0","BROOKSIDE TERRACE","24","100.0000","42401","Sulfur dioxide","15380","Buffalo-Cheektowaga-Niagara Falls, NY","36","New York","029","Erie","42.99813","-78.89926"
"09/08/2022","AQS","360291014","1","0.4","ppb","0","BROOKSIDE TERRACE","24","100.0000","42401","Sulfur dioxide","15380","Buffalo-Cheektowaga-Niagara Falls, NY","36","New York","029","Erie","42.99813","-78.89926"
"09/09/2022","AQS","360291014","1","0.2","ppb","0","BROOKSIDE TERRACE","24","100.0000","42401","Sulfur dioxide","15380","Buffalo-Cheektowaga-Niagara Falls, NY","36","New York","029","Erie","42.99813","-78.89926"
"09/10/2022","AQS","360291014","1","0.4","ppb","0","BROOKSIDE TERRACE","24","100.0000","42401","Sulfur dioxide","15380","Buffalo-Cheektowaga-Niagara Falls, NY","36","New York","029","Erie","42.99813","-78.89926"
"09/11/2022","AQS","360291014","1","0.2","ppb","0","BROOKSIDE TERRACE","24","100.0000","42401","Sulfur dioxide","15380","Buffalo-Cheektowaga-Niagara Falls, NY","36","New York","029","Erie","42.99813","-78.89926"
"09/12/2022","AQS","360291014","1","0.1","ppb","0","BROOKSIDE TERRACE","21","88.0000","42401","Sulfur dioxide","15380","Buffalo-Cheektowaga-Niagara Falls, NY","36","New York","029","Erie","42.99813","-78.89926"
"09/13/2022","AQS","360291014","1","0.7","ppb","0","BROOKSIDE TERRACE","24","100.0000","42401","Sulfur dioxide","15380","Buffalo-Cheektowaga-Niagara Falls, NY","36","New York","029","Erie","42.99813","-78.89926"
"09/14/2022","AQS","360291014","1","0.8","ppb","0","BROOKSIDE TERRACE","24","100.0000","42401","Sulfur dioxide","15380","Buffalo-Cheektowaga-Niagara Falls, NY","36","New York","029","Erie","42.99813","-78.89926"
"09/15/2022","AQS","360291014","1","0.5","ppb","0","BROOKSIDE TERRACE","24","100.0000","42401","Sulfur dioxide","15380","Buffalo-Cheektowaga-Niagara Falls, NY","36","New York","029","Erie","42.99813","-78.89926"
"09/16/2022","AQS","360291014","1","0.7","ppb","0","BROOKSIDE TERRACE","24","100.0000","42401","Sulfur dioxide","15380","Buffalo-Cheektowaga-Niagara Falls, NY","36","New York","029","Erie","42.99813","-78.89926"
"09/17/2022","AQS","360291014","1","0.5","ppb","0","BROOKSIDE TERRACE","24","100.0000","42401","Sulfur dioxide","15380","Buffalo-Cheektowaga-Niagara Falls, NY","36","New York","029","Erie","42.99813","-78.89926"
"09/18/2022","AQS","360291014","1","0.4","ppb","0","BROOKSIDE TERRACE","24","100.0000","42401","Sulfur dioxide","15380","Buffalo-Cheektowaga-Niagara Falls, NY","36","New York","029","Erie","42.99813","-78.89926"
"09/19/2022","AQS","360291014","1","0.3","ppb","0","BROOKSIDE TERRACE","24","100.0000","42401","Sulfur dioxide","15380","Buffalo-Cheektowaga-Niagara Falls, NY","36","New York","029","Erie","42.99813","-78.89926"
"09/20/2022","AQS","360291014","1","0.9","ppb","0","BROOKSIDE TERRACE","24","100.0000","42401","Sulfur dioxide","15380","Buffalo-Cheektowaga-Niagara Falls, NY","36","New York","029","Erie","42.99813","-78.89926"
"09/21/2022","AQS","360291014","1","0.2","ppb","0","BROOKSIDE TERRACE","22","92.0000","42401","Sulfur dioxide","15380","Buffalo-Cheektowaga-Niagara Falls, NY","36","New York","029","Erie","42.99813","-78.89926"
"09/22/2022","AQS","360291014","1","0.9","ppb","0","BROOKSIDE TERRACE","24","100.0000","42401","Sulfur dioxide","15380","Buffalo-Cheektowaga-Niagara Falls, NY","36","New York","029","Erie","42.99813","-78.89926"
"09/23/2022","AQS","360291014","1","0.8","ppb","0","BROOKSIDE TERRACE","24","100.0000","42401","Sulfur dioxide","15380","Buffalo-Cheektowaga-Niagara Falls, NY","36","New York","029","Erie","42.99813","-78.89926"
"09/24/2022","AQS","360291014","1","0.8","ppb","0","BROOKSIDE TERRACE","24","100.0000","42401","Sulfur dioxide","15380","Buffalo-Cheektowaga-Niagara Falls, NY","36","New York","029","Erie","42.99813","-78.89926"
"09/25/2022","AQS","360291014","1","0.4","ppb","0","BROOKSIDE TERRACE","24","100.0000","42401","Sulfur dioxide","15380","Buffalo-Cheektowaga-Niagara Falls, NY","36","New York","029","Erie","42.99813","-78.89926"
"09/26/2022","AQS","360291014","1","0.5","ppb","0","BROOKSIDE TERRACE","24","100.0000","42401","Sulfur dioxide","15380","Buffalo-Cheektowaga-Niagara Falls, NY","36","New York","029","Erie","42.99813","-78.89926"
"09/27/2022","AQS","360291014","1","0.1","ppb","0","BROOKSIDE TERRACE","24","100.0000","42401","Sulfur dioxide","15380","Buffalo-Cheektowaga-Niagara Falls, NY","36","New York","029","Erie","42.99813","-78.89926"
"09/28/2022","AQS","360291014","1","0.3","ppb","0","BROOKSIDE TERRACE","24","100.0000","42401","Sulfur dioxide","15380","Buffalo-Cheektowaga-Niagara Falls, NY","36","New York","029","Erie","42.99813","-78.89926"
"09/29/2022","AQS","360291014","1","0.3","ppb","0","BROOKSIDE TERRACE","20","83.0000","42401","Sulfur dioxide","15380","Buffalo-Cheektowaga-Niagara Falls, NY","36","New York","029","Erie","42.99813","-78.89926"
"09/30/2022","AQS","360291014","1","0.4","ppb","0","BROOKSIDE TERRACE","24","100.0000","42401","Sulfur dioxide","15380","Buffalo-Cheektowaga-Niagara Falls, NY","36","New York","029","Erie","42.99813","-78.89926"
"10/01/2022","AQS","360291014","1","0.7","ppb","0","BROOKSIDE TERRACE","24","100.0000","42401","Sulfur dioxide","15380","Buffalo-Cheektowaga-Niagara Falls, NY","36","New York","029","Erie","42.99813","-78.89926"
"10/02/2022","AQS","360291014","1","0.3","ppb","0","BROOKSIDE TERRACE","24","100.0000","42401","Sulfur dioxide","15380","Buffalo-Cheektowaga-Niagara Falls, NY","36","New York","029","Erie","42.99813","-78.89926"
"10/03/2022","AQS","360291014","1","0.6","ppb","0","BROOKSIDE TERRACE","24","100.0000","42401","Sulfur dioxide","15380","Buffalo-Cheektowaga-Niagara Falls, NY","36","New York","029","Erie","42.99813","-78.89926"
"10/04/2022","AQS","360291014","1","2.7","ppb","3","BROOKSIDE TERRACE","24","100.0000","42401","Sulfur dioxide","15380","Buffalo-Cheektowaga-Niagara Falls, NY","36","New York","029","Erie","42.99813","-78.89926"
"10/05/2022","AQS","360291014","1","2.3","ppb","3","BROOKSIDE TERRACE","24","100.0000","42401","Sulfur dioxide","15380","Buffalo-Cheektowaga-Niagara Falls, NY","36","New York","029","Erie","42.99813","-78.89926"
"10/06/2022","AQS","360291014","1","0.9","ppb","0","BROOKSIDE TERRACE","24","100.0000","42401","Sulfur dioxide","15380","Buffalo-Cheektowaga-Niagara Falls, NY","36","New York","029","Erie","42.99813","-78.89926"
"10/07/2022","AQS","360291014","1","0.2","ppb","0","BROOKSIDE TERRACE","24","100.0000","42401","Sulfur dioxide","15380","Buffalo-Cheektowaga-Niagara Falls, NY","36","New York","029","Erie","42.99813","-78.89926"
"10/08/2022","AQS","360291014","1","0.9","ppb","0","BROOKSIDE TERRACE","24","100.0000","42401","Sulfur dioxide","15380","Buffalo-Cheektowaga-Niagara Falls, NY","36","New York","029","Erie","42.99813","-78.89926"
"10/09/2022","AQS","360291014","1","1.8","ppb","1","BROOKSIDE TERRACE","24","100.0000","42401","Sulfur dioxide","15380","Buffalo-Cheektowaga-Niagara Falls, NY","36","New York","029","Erie","42.99813","-78.89926"
"10/10/2022","AQS","360291014","1","0.7","ppb","0","BROOKSIDE TERRACE","24","100.0000","42401","Sulfur dioxide","15380","Buffalo-Cheektowaga-Niagara Falls, NY","36","New York","029","Erie","42.99813","-78.89926"
"10/11/2022","AQS","360291014","1","0.4","ppb","0","BROOKSIDE TERRACE","22","92.0000","42401","Sulfur dioxide","15380","Buffalo-Cheektowaga-Niagara Falls, NY","36","New York","029","Erie","42.99813","-78.89926"
"10/12/2022","AQS","360291014","1","0.3","ppb","0","BROOKSIDE TERRACE","24","100.0000","42401","Sulfur dioxide","15380","Buffalo-Cheektowaga-Niagara Falls, NY","36","New York","029","Erie","42.99813","-78.89926"
"10/13/2022","AQS","360291014","1","-0.3","ppb","0","BROOKSIDE TERRACE","24","100.0000","42401","Sulfur dioxide","15380","Buffalo-Cheektowaga-Niagara Falls, NY","36","New York","029","Erie","42.99813","-78.89926"
"10/14/2022","AQS","360291014","1","-0.1","ppb","0","BROOKSIDE TERRACE","24","100.0000","42401","Sulfur dioxide","15380","Buffalo-Cheektowaga-Niagara Falls, NY","36","New York","029","Erie","42.99813","-78.89926"
"10/15/2022","AQS","360291014","1","0.1","ppb","0","BROOKSIDE TERRACE","24","100.0000","42401","Sulfur dioxide","15380","Buffalo-Cheektowaga-Niagara Falls, NY","36","New York","029","Erie","42.99813","-78.89926"
"10/16/2022","AQS","360291014","1","0.1","ppb","0","BROOKSIDE TERRACE","24","100.0000","42401","Sulfur dioxide","15380","Buffalo-Cheektowaga-Niagara Falls, NY","36","New York","029","Erie","42.99813","-78.89926"
"10/17/2022","AQS","360291014","1","-0.1","ppb","0","BROOKSIDE TERRACE","24","100.0000","42401","Sulfur dioxide","15380","Buffalo-Cheektowaga-Niagara Falls, NY","36","New York","029","Erie","42.99813","-78.89926"
"10/18/2022","AQS","360291014","1","0","ppb","0","BROOKSIDE TERRACE","22","92.0000","42401","Sulfur dioxide","15380","Buffalo-Cheektowaga-Niagara Falls, NY","36","New York","029","Erie","42.99813","-78.89926"
"10/19/2022","AQS","360291014","1","0.2","ppb","0","BROOKSIDE TERRACE","24","100.0000","42401","Sulfur dioxide","15380","Buffalo-Cheektowaga-Niagara Falls, NY","36","New York","029","Erie","42.99813","-78.89926"
"10/20/2022","AQS","360291014","1","0.4","ppb","0","BROOKSIDE TERRACE","24","100.0000","42401","Sulfur dioxide","15380","Buffalo-Cheektowaga-Niagara Falls, NY","36","New York","029","Erie","42.99813","-78.89926"
"10/21/2022","AQS","360291014","1","0.6","ppb","0","BROOKSIDE TERRACE","24","100.0000","42401","Sulfur dioxide","15380","Buffalo-Cheektowaga-Niagara Falls, NY","36","New York","029","Erie","42.99813","-78.89926"
"10/22/2022","AQS","360291014","1","0.6","ppb","0","BROOKSIDE TERRACE","24","100.0000","42401","Sulfur dioxide","15380","Buffalo-Cheektowaga-Niagara Falls, NY","36","New York","029","Erie","42.99813","-78.89926"
"10/23/2022","AQS","360291014","1","0.4","ppb","0","BROOKSIDE TERRACE","24","100.0000","42401","Sulfur dioxide","15380","Buffalo-Cheektowaga-Niagara Falls, NY","36","New York","029","Erie","42.99813","-78.89926"
"10/24/2022","AQS","360291014","1","0.2","ppb","0","BROOKSIDE TERRACE","21","88.0000","42401","Sulfur dioxide","15380","Buffalo-Cheektowaga-Niagara Falls, NY","36","New York","029","Erie","42.99813","-78.89926"
"10/25/2022","AQS","360291014","1","0","ppb","0","BROOKSIDE TERRACE","24","100.0000","42401","Sulfur dioxide","15380","Buffalo-Cheektowaga-Niagara Falls, NY","36","New York","029","Erie","42.99813","-78.89926"
"10/26/2022","AQS","360291014","1","-0.3","ppb","0","BROOKSIDE TERRACE","24","100.0000","42401","Sulfur dioxide","15380","Buffalo-Cheektowaga-Niagara Falls, NY","36","New York","029","Erie","42.99813","-78.89926"
"10/27/2022","AQS","360291014","1","0","ppb","0","BROOKSIDE TERRACE","24","100.0000","42401","Sulfur dioxide","15380","Buffalo-Cheektowaga-Niagara Falls, NY","36","New York","029","Erie","42.99813","-78.89926"
"10/28/2022","AQS","360291014","1","0.3","ppb","0","BROOKSIDE TERRACE","24","100.0000","42401","Sulfur dioxide","15380","Buffalo-Cheektowaga-Niagara Falls, NY","36","New York","029","Erie","42.99813","-78.89926"
"10/29/2022","AQS","360291014","1","0.4","ppb","0","BROOKSIDE TERRACE","24","100.0000","42401","Sulfur dioxide","15380","Buffalo-Cheektowaga-Niagara Falls, NY","36","New York","029","Erie","42.99813","-78.89926"
"10/30/2022","AQS","360291014","1","0.3","ppb","0","BROOKSIDE TERRACE","24","100.0000","42401","Sulfur dioxide","15380","Buffalo-Cheektowaga-Niagara Falls, NY","36","New York","029","Erie","42.99813","-78.89926"
"10/31/2022","AQS","360291014","1","0.2","ppb","0","BROOKSIDE TERRACE","24","100.0000","42401","Sulfur dioxide","15380","Buffalo-Cheektowaga-Niagara Falls, NY","36","New York","029","Erie","42.99813","-78.89926"
"11/01/2022","AQS","360291014","1","-0.2","ppb","0","BROOKSIDE TERRACE","24","100.0000","42401","Sulfur dioxide","15380","Buffalo-Cheektowaga-Niagara Falls, NY","36","New York","029","Erie","42.99813","-78.89926"
"11/02/2022","AQS","360291014","1","-0.1","ppb","0","BROOKSIDE TERRACE","22","92.0000","42401","Sulfur dioxide","15380","Buffalo-Cheektowaga-Niagara Falls, NY","36","New York","029","Erie","42.99813","-78.89926"
"11/03/2022","AQS","360291014","1","0.4","ppb","0","BROOKSIDE TERRACE","24","100.0000","42401","Sulfur dioxide","15380","Buffalo-Cheektowaga-Niagara Falls, NY","36","New York","029","Erie","42.99813","-78.89926"
"11/04/2022","AQS","360291014","1","0.3","ppb","0","BROOKSIDE TERRACE","24","100.0000","42401","Sulfur dioxide","15380","Buffalo-Cheektowaga-Niagara Falls, NY","36","New York","029","Erie","42.99813","-78.89926"
"11/05/2022","AQS","360291014","1","-0.1","ppb","0","BROOKSIDE TERRACE","24","100.0000","42401","Sulfur dioxide","15380","Buffalo-Cheektowaga-Niagara Falls, NY","36","New York","029","Erie","42.99813","-78.89926"
"11/06/2022","AQS","360291014","1","-0.3","ppb","0","BROOKSIDE TERRACE","24","100.0000","42401","Sulfur dioxide","15380","Buffalo-Cheektowaga-Niagara Falls, NY","36","New York","029","Erie","42.99813","-78.89926"
"11/07/2022","AQS","360291014","1","0.5","ppb","0","BROOKSIDE TERRACE","24","100.0000","42401","Sulfur dioxide","15380","Buffalo-Cheektowaga-Niagara Falls, NY","36","New York","029","Erie","42.99813","-78.89926"
"11/08/2022","AQS","360291014","1","0.3","ppb","0","BROOKSIDE TERRACE","22","92.0000","42401","Sulfur dioxide","15380","Buffalo-Cheektowaga-Niagara Falls, NY","36","New York","029","Erie","42.99813","-78.89926"
"11/09/2022","AQS","360291014","1","0.4","ppb","0","BROOKSIDE TERRACE","24","100.0000","42401","Sulfur dioxide","15380","Buffalo-Cheektowaga-Niagara Falls, NY","36","New York","029","Erie","42.99813","-78.89926"
"11/10/2022","AQS","360291014","1","0.7","ppb","0","BROOKSIDE TERRACE","24","100.0000","42401","Sulfur dioxide","15380","Buffalo-Cheektowaga-Niagara Falls, NY","36","New York","029","Erie","42.99813","-78.89926"
"11/11/2022","AQS","360291014","1","0.2","ppb","0","BROOKSIDE TERRACE","24","100.0000","42401","Sulfur dioxide","15380","Buffalo-Cheektowaga-Niagara Falls, NY","36","New York","029","Erie","42.99813","-78.89926"
"11/12/2022","AQS","360291014","1","-0.1","ppb","0","BROOKSIDE TERRACE","24","100.0000","42401","Sulfur dioxide","15380","Buffalo-Cheektowaga-Niagara Falls, NY","36","New York","029","Erie","42.99813","-78.89926"
"11/13/2022","AQS","360291014","1","0.1","ppb","0","BROOKSIDE TERRACE","24","100.0000","42401","Sulfur dioxide","15380","Buffalo-Cheektowaga-Niagara Falls, NY","36","New York","029","Erie","42.99813","-78.89926"
"11/14/2022","AQS","360291014","1","0.5","ppb","0","BROOKSIDE TERRACE","24","100.0000","42401","Sulfur dioxide","15380","Buffalo-Cheektowaga-Niagara Falls, NY","36","New York","029","Erie","42.99813","-78.89926"
"11/15/2022","AQS","360291014","1","0.4","ppb","0","BROOKSIDE TERRACE","24","100.0000","42401","Sulfur dioxide","15380","Buffalo-Cheektowaga-Niagara Falls, NY","36","New York","029","Erie","42.99813","-78.89926"
"11/16/2022","AQS","360291014","1","1","ppb","1","BROOKSIDE TERRACE","24","100.0000","42401","Sulfur dioxide","15380","Buffalo-Cheektowaga-Niagara Falls, NY","36","New York","029","Erie","42.99813","-78.89926"
"11/17/2022","AQS","360291014","1","0.4","ppb","0","BROOKSIDE TERRACE","24","100.0000","42401","Sulfur dioxide","15380","Buffalo-Cheektowaga-Niagara Falls, NY","36","New York","029","Erie","42.99813","-78.89926"
"11/18/2022","AQS","360291014","1","0.4","ppb","0","BROOKSIDE TERRACE","24","100.0000","42401","Sulfur dioxide","15380","Buffalo-Cheektowaga-Niagara Falls, NY","36","New York","029","Erie","42.99813","-78.89926"
"11/19/2022","AQS","360291014","1","0.4","ppb","0","BROOKSIDE TERRACE","24","100.0000","42401","Sulfur dioxide","15380","Buffalo-Cheektowaga-Niagara Falls, NY","36","New York","029","Erie","42.99813","-78.89926"
"11/20/2022","AQS","360291014","1","0.6","ppb","0","BROOKSIDE TERRACE","24","100.0000","42401","Sulfur dioxide","15380","Buffalo-Cheektowaga-Niagara Falls, NY","36","New York","029","Erie","42.99813","-78.89926"
"11/21/2022","AQS","360291014","1","1.2","ppb","1","BROOKSIDE TERRACE","24","100.0000","42401","Sulfur dioxide","15380","Buffalo-Cheektowaga-Niagara Falls, NY","36","New York","029","Erie","42.99813","-78.89926"
"11/22/2022","AQS","360291014","1","0.8","ppb","0","BROOKSIDE TERRACE","22","92.0000","42401","Sulfur dioxide","15380","Buffalo-Cheektowaga-Niagara Falls, NY","36","New York","029","Erie","42.99813","-78.89926"
"11/23/2022","AQS","360291014","1","1","ppb","1","BROOKSIDE TERRACE","24","100.0000","42401","Sulfur dioxide","15380","Buffalo-Cheektowaga-Niagara Falls, NY","36","New York","029","Erie","42.99813","-78.89926"
"11/24/2022","AQS","360291014","1","0.6","ppb","0","BROOKSIDE TERRACE","24","100.0000","42401","Sulfur dioxide","15380","Buffalo-Cheektowaga-Niagara Falls, NY","36","New York","029","Erie","42.99813","-78.89926"
"11/25/2022","AQS","360291014","1","0.4","ppb","0","BROOKSIDE TERRACE","24","100.0000","42401","Sulfur dioxide","15380","Buffalo-Cheektowaga-Niagara Falls, NY","36","New York","029","Erie","42.99813","-78.89926"
"11/26/2022","AQS","360291014","1","0.3","ppb","0","BROOKSIDE TERRACE","24","100.0000","42401","Sulfur dioxide","15380","Buffalo-Cheektowaga-Niagara Falls, NY","36","New York","029","Erie","42.99813","-78.89926"
"11/27/2022","AQS","360291014","1","0.4","ppb","0","BROOKSIDE TERRACE","24","100.0000","42401","Sulfur dioxide","15380","Buffalo-Cheektowaga-Niagara Falls, NY","36","New York","029","Erie","42.99813","-78.89926"
"11/28/2022","AQS","360291014","1","0","ppb","0","BROOKSIDE TERRACE","24","100.0000","42401","Sulfur dioxide","15380","Buffalo-Cheektowaga-Niagara Falls, NY","36","New York","029","Erie","42.99813","-78.89926"
"11/29/2022","AQS","360291014","1","0.1","ppb","0","BROOKSIDE TERRACE","22","92.0000","42401","Sulfur dioxide","15380","Buffalo-Cheektowaga-Niagara Falls, NY","36","New York","029","Erie","42.99813","-78.89926"
"11/30/2022","AQS","360291014","1","0","ppb","0","BROOKSIDE TERRACE","24","100.0000","42401","Sulfur dioxide","15380","Buffalo-Cheektowaga-Niagara Falls, NY","36","New York","029","Erie","42.99813","-78.89926"
"12/01/2022","AQS","360291014","1","0.2","ppb","0","BROOKSIDE TERRACE","24","100.0000","42401","Sulfur dioxide","15380","Buffalo-Cheektowaga-Niagara Falls, NY","36","New York","029","Erie","42.99813","-78.89926"
"12/02/2022","AQS","360291014","1","0.4","ppb","0","BROOKSIDE TERRACE","24","100.0000","42401","Sulfur dioxide","15380","Buffalo-Cheektowaga-Niagara Falls, NY","36","New York","029","Erie","42.99813","-78.89926"
"12/03/2022","AQS","360291014","1","0.2","ppb","0","BROOKSIDE TERRACE","24","100.0000","42401","Sulfur dioxide","15380","Buffalo-Cheektowaga-Niagara Falls, NY","36","New York","029","Erie","42.99813","-78.89926"
"12/04/2022","AQS","360291014","1","1.1","ppb","1","BROOKSIDE TERRACE","24","100.0000","42401","Sulfur dioxide","15380","Buffalo-Cheektowaga-Niagara Falls, NY","36","New York","029","Erie","42.99813","-78.89926"
"12/05/2022","AQS","360291014","1","0.9","ppb","0","BROOKSIDE TERRACE","22","92.0000","42401","Sulfur dioxide","15380","Buffalo-Cheektowaga-Niagara Falls, NY","36","New York","029","Erie","42.99813","-78.89926"
"12/06/2022","AQS","360291014","1","1","ppb","1","BROOKSIDE TERRACE","24","100.0000","42401","Sulfur dioxide","15380","Buffalo-Cheektowaga-Niagara Falls, NY","36","New York","029","Erie","42.99813","-78.89926"
"12/07/2022","AQS","360291014","1","0.2","ppb","0","BROOKSIDE TERRACE","24","100.0000","42401","Sulfur dioxide","15380","Buffalo-Cheektowaga-Niagara Falls, NY","36","New York","029","Erie","42.99813","-78.89926"
"12/08/2022","AQS","360291014","1","0","ppb","0","BROOKSIDE TERRACE","24","100.0000","42401","Sulfur dioxide","15380","Buffalo-Cheektowaga-Niagara Falls, NY","36","New York","029","Erie","42.99813","-78.89926"
"12/09/2022","AQS","360291014","1","0","ppb","0","BROOKSIDE TERRACE","24","100.0000","42401","Sulfur dioxide","15380","Buffalo-Cheektowaga-Niagara Falls, NY","36","New York","029","Erie","42.99813","-78.89926"
"12/10/2022","AQS","360291014","1","0.2","ppb","0","BROOKSIDE TERRACE","24","100.0000","42401","Sulfur dioxide","15380","Buffalo-Cheektowaga-Niagara Falls, NY","36","New York","029","Erie","42.99813","-78.89926"
"12/11/2022","AQS","360291014","1","0.4","ppb","0","BROOKSIDE TERRACE","24","100.0000","42401","Sulfur dioxide","15380","Buffalo-Cheektowaga-Niagara Falls, NY","36","New York","029","Erie","42.99813","-78.89926"
"12/12/2022","AQS","360291014","1","0.2","ppb","0","BROOKSIDE TERRACE","24","100.0000","42401","Sulfur dioxide","15380","Buffalo-Cheektowaga-Niagara Falls, NY","36","New York","029","Erie","42.99813","-78.89926"
"12/13/2022","AQS","360291014","1","0.5","ppb","0","BROOKSIDE TERRACE","24","100.0000","42401","Sulfur dioxide","15380","Buffalo-Cheektowaga-Niagara Falls, NY","36","New York","029","Erie","42.99813","-78.89926"
"12/14/2022","AQS","360291014","1","0.5","ppb","0","BROOKSIDE TERRACE","22","92.0000","42401","Sulfur dioxide","15380","Buffalo-Cheektowaga-Niagara Falls, NY","36","New York","029","Erie","42.99813","-78.89926"
"12/15/2022","AQS","360291014","1","0.2","ppb","0","BROOKSIDE TERRACE","24","100.0000","42401","Sulfur dioxide","15380","Buffalo-Cheektowaga-Niagara Falls, NY","36","New York","029","Erie","42.99813","-78.89926"
"12/16/2022","AQS","360291014","1","0.2","ppb","0","BROOKSIDE TERRACE","24","100.0000","42401","Sulfur dioxide","15380","Buffalo-Cheektowaga-Niagara Falls, NY","36","New York","029","Erie","42.99813","-78.89926"
"12/17/2022","AQS","360291014","1","0.2","ppb","0","BROOKSIDE TERRACE","24","100.0000","42401","Sulfur dioxide","15380","Buffalo-Cheektowaga-Niagara Falls, NY","36","New York","029","Erie","42.99813","-78.89926"
"12/18/2022","AQS","360291014","1","0.8","ppb","0","BROOKSIDE TERRACE","24","100.0000","42401","Sulfur dioxide","15380","Buffalo-Cheektowaga-Niagara Falls, NY","36","New York","029","Erie","42.99813","-78.89926"
"12/19/2022","AQS","360291014","1","1","ppb","1","BROOKSIDE TERRACE","24","100.0000","42401","Sulfur dioxide","15380","Buffalo-Cheektowaga-Niagara Falls, NY","36","New York","029","Erie","42.99813","-78.89926"
"12/20/2022","AQS","360291014","1","0.5","ppb","0","BROOKSIDE TERRACE","22","92.0000","42401","Sulfur dioxide","15380","Buffalo-Cheektowaga-Niagara Falls, NY","36","New York","029","Erie","42.99813","-78.89926"
"12/21/2022","AQS","360291014","1","1.4","ppb","1","BROOKSIDE TERRACE","24","100.0000","42401","Sulfur dioxide","15380","Buffalo-Cheektowaga-Niagara Falls, NY","36","New York","029","Erie","42.99813","-78.89926"
"12/22/2022","AQS","360291014","1","1.1","ppb","1","BROOKSIDE TERRACE","24","100.0000","42401","Sulfur dioxide","15380","Buffalo-Cheektowaga-Niagara Falls, NY","36","New York","029","Erie","42.99813","-78.89926"
"12/23/2022","AQS","360291014","1","0","ppb","0","BROOKSIDE TERRACE","24","100.0000","42401","Sulfur dioxide","15380","Buffalo-Cheektowaga-Niagara Falls, NY","36","New York","029","Erie","42.99813","-78.89926"
"12/24/2022","AQS","360291014","1","0.1","ppb","0","BROOKSIDE TERRACE","24","100.0000","42401","Sulfur dioxide","15380","Buffalo-Cheektowaga-Niagara Falls, NY","36","New York","029","Erie","42.99813","-78.89926"
"12/25/2022","AQS","360291014","1","1","ppb","1","BROOKSIDE TERRACE","24","100.0000","42401","Sulfur dioxide","15380","Buffalo-Cheektowaga-Niagara Falls, NY","36","New York","029","Erie","42.99813","-78.89926"
"12/26/2022","AQS","360291014","1","0.8","ppb","0","BROOKSIDE TERRACE","21","88.0000","42401","Sulfur dioxide","15380","Buffalo-Cheektowaga-Niagara Falls, NY","36","New York","029","Erie","42.99813","-78.89926"
"12/27/2022","AQS","360291014","1","1","ppb","1","BROOKSIDE TERRACE","24","100.0000","42401","Sulfur dioxide","15380","Buffalo-Cheektowaga-Niagara Falls, NY","36","New York","029","Erie","42.99813","-78.89926"
"12/28/2022","AQS","360291014","1","1.3","ppb","1","BROOKSIDE TERRACE","24","100.0000","42401","Sulfur dioxide","15380","Buffalo-Cheektowaga-Niagara Falls, NY","36","New York","029","Erie","42.99813","-78.89926"
"12/29/2022","AQS","360291014","1","1","ppb","1","BROOKSIDE TERRACE","24","100.0000","42401","Sulfur dioxide","15380","Buffalo-Cheektowaga-Niagara Falls, NY","36","New York","029","Erie","42.99813","-78.89926"
"12/30/2022","AQS","360291014","1","0.7","ppb","0","BROOKSIDE TERRACE","24","100.0000","42401","Sulfur dioxide","15380","Buffalo-Cheektowaga-Niagara Falls, NY","36","New York","029","Erie","42.99813","-78.89926"
"12/31/2022","AQS","360291014","1","0.2","ppb","0","BROOKSIDE TERRACE","24","100.0000","42401","Sulfur dioxide","15380","Buffalo-Cheektowaga-Niagara Falls, NY","36","New York","029","Erie","42.99813","-78.89926"
"01/01/2022","AQS","360310003","1","0.4","ppb","0","WHITEFACE BASE","24","100.0000","42401","Sulfur dioxide","","","36","New York","031","Essex","44.39308","-73.8589"
"01/02/2022","AQS","360310003","1","0.6","ppb","0","WHITEFACE BASE","24","100.0000","42401","Sulfur dioxide","","","36","New York","031","Essex","44.39308","-73.8589"
"01/03/2022","AQS","360310003","1","0.4","ppb","0","WHITEFACE BASE","24","100.0000","42401","Sulfur dioxide","","","36","New York","031","Essex","44.39308","-73.8589"
"01/04/2022","AQS","360310003","1","0.5","ppb","0","WHITEFACE BASE","24","100.0000","42401","Sulfur dioxide","","","36","New York","031","Essex","44.39308","-73.8589"
"01/05/2022","AQS","360310003","1","0.5","ppb","0","WHITEFACE BASE","24","100.0000","42401","Sulfur dioxide","","","36","New York","031","Essex","44.39308","-73.8589"
"01/06/2022","AQS","360310003","1","0.4","ppb","0","WHITEFACE BASE","24","100.0000","42401","Sulfur dioxide","","","36","New York","031","Essex","44.39308","-73.8589"
"01/07/2022","AQS","360310003","1","0.4","ppb","0","WHITEFACE BASE","24","100.0000","42401","Sulfur dioxide","","","36","New York","031","Essex","44.39308","-73.8589"
"01/08/2022","AQS","360310003","1","1.1","ppb","1","WHITEFACE BASE","24","100.0000","42401","Sulfur dioxide","","","36","New York","031","Essex","44.39308","-73.8589"
"01/09/2022","AQS","360310003","1","0.4","ppb","0","WHITEFACE BASE","24","100.0000","42401","Sulfur dioxide","","","36","New York","031","Essex","44.39308","-73.8589"
"01/10/2022","AQS","360310003","1","0.5","ppb","0","WHITEFACE BASE","24","100.0000","42401","Sulfur dioxide","","","36","New York","031","Essex","44.39308","-73.8589"
"01/11/2022","AQS","360310003","1","0.5","ppb","0","WHITEFACE BASE","24","100.0000","42401","Sulfur dioxide","","","36","New York","031","Essex","44.39308","-73.8589"
"01/12/2022","AQS","360310003","1","0.9","ppb","0","WHITEFACE BASE","24","100.0000","42401","Sulfur dioxide","","","36","New York","031","Essex","44.39308","-73.8589"
"01/13/2022","AQS","360310003","1","0.4","ppb","0","WHITEFACE BASE","21","88.0000","42401","Sulfur dioxide","","","36","New York","031","Essex","44.39308","-73.8589"
"01/14/2022","AQS","360310003","1","0.5","ppb","0","WHITEFACE BASE","24","100.0000","42401","Sulfur dioxide","","","36","New York","031","Essex","44.39308","-73.8589"
"01/15/2022","AQS","360310003","1","1.2","ppb","1","WHITEFACE BASE","24","100.0000","42401","Sulfur dioxide","","","36","New York","031","Essex","44.39308","-73.8589"
"01/16/2022","AQS","360310003","1","0.4","ppb","0","WHITEFACE BASE","24","100.0000","42401","Sulfur dioxide","","","36","New York","031","Essex","44.39308","-73.8589"
"01/17/2022","AQS","360310003","1","0.4","ppb","0","WHITEFACE BASE","24","100.0000","42401","Sulfur dioxide","","","36","New York","031","Essex","44.39308","-73.8589"
"01/18/2022","AQS","360310003","1","0.4","ppb","0","WHITEFACE BASE","24","100.0000","42401","Sulfur dioxide","","","36","New York","031","Essex","44.39308","-73.8589"
"01/19/2022","AQS","360310003","1","0.7","ppb","0","WHITEFACE BASE","24","100.0000","42401","Sulfur dioxide","","","36","New York","031","Essex","44.39308","-73.8589"
"01/20/2022","AQS","360310003","1","0.4","ppb","0","WHITEFACE BASE","24","100.0000","42401","Sulfur dioxide","","","36","New York","031","Essex","44.39308","-73.8589"
"01/21/2022","AQS","360310003","1","0.5","ppb","0","WHITEFACE BASE","22","92.0000","42401","Sulfur dioxide","","","36","New York","031","Essex","44.39308","-73.8589"
"01/22/2022","AQS","360310003","1","0.7","ppb","0","WHITEFACE BASE","24","100.0000","42401","Sulfur dioxide","","","36","New York","031","Essex","44.39308","-73.8589"
"01/23/2022","AQS","360310003","1","0.8","ppb","0","WHITEFACE BASE","24","100.0000","42401","Sulfur dioxide","","","36","New York","031","Essex","44.39308","-73.8589"
"01/24/2022","AQS","360310003","1","0.4","ppb","0","WHITEFACE BASE","24","100.0000","42401","Sulfur dioxide","","","36","New York","031","Essex","44.39308","-73.8589"
"01/25/2022","AQS","360310003","1","0.6","ppb","0","WHITEFACE BASE","24","100.0000","42401","Sulfur dioxide","","","36","New York","031","Essex","44.39308","-73.8589"
"01/26/2022","AQS","360310003","1","0.7","ppb","0","WHITEFACE BASE","24","100.0000","42401","Sulfur dioxide","","","36","New York","031","Essex","44.39308","-73.8589"
"01/27/2022","AQS","360310003","1","1","ppb","1","WHITEFACE BASE","22","92.0000","42401","Sulfur dioxide","","","36","New York","031","Essex","44.39308","-73.8589"
"01/28/2022","AQS","360310003","1","0.9","ppb","0","WHITEFACE BASE","24","100.0000","42401","Sulfur dioxide","","","36","New York","031","Essex","44.39308","-73.8589"
"01/29/2022","AQS","360310003","1","0.8","ppb","0","WHITEFACE BASE","24","100.0000","42401","Sulfur dioxide","","","36","New York","031","Essex","44.39308","-73.8589"
"01/30/2022","AQS","360310003","1","0.5","ppb","0","WHITEFACE BASE","24","100.0000","42401","Sulfur dioxide","","","36","New York","031","Essex","44.39308","-73.8589"
"01/31/2022","AQS","360310003","1","0.5","ppb","0","WHITEFACE BASE","24","100.0000","42401","Sulfur dioxide","","","36","New York","031","Essex","44.39308","-73.8589"
"02/01/2022","AQS","360310003","1","0.5","ppb","0","WHITEFACE BASE","24","100.0000","42401","Sulfur dioxide","","","36","New York","031","Essex","44.39308","-73.8589"
"02/02/2022","AQS","360310003","1","0.4","ppb","0","WHITEFACE BASE","24","100.0000","42401","Sulfur dioxide","","","36","New York","031","Essex","44.39308","-73.8589"
"02/03/2022","AQS","360310003","1","0.6","ppb","0","WHITEFACE BASE","24","100.0000","42401","Sulfur dioxide","","","36","New York","031","Essex","44.39308","-73.8589"
"02/04/2022","AQS","360310003","1","1","ppb","1","WHITEFACE BASE","24","100.0000","42401","Sulfur dioxide","","","36","New York","031","Essex","44.39308","-73.8589"
"02/05/2022","AQS","360310003","1","0.6","ppb","0","WHITEFACE BASE","24","100.0000","42401","Sulfur dioxide","","","36","New York","031","Essex","44.39308","-73.8589"
"02/06/2022","AQS","360310003","1","0.3","ppb","0","WHITEFACE BASE","24","100.0000","42401","Sulfur dioxide","","","36","New York","031","Essex","44.39308","-73.8589"
"02/07/2022","AQS","360310003","1","0.5","ppb","0","WHITEFACE BASE","24","100.0000","42401","Sulfur dioxide","","","36","New York","031","Essex","44.39308","-73.8589"
"02/08/2022","AQS","360310003","1","0.5","ppb","0","WHITEFACE BASE","24","100.0000","42401","Sulfur dioxide","","","36","New York","031","Essex","44.39308","-73.8589"
"02/09/2022","AQS","360310003","1","0.7","ppb","0","WHITEFACE BASE","24","100.0000","42401","Sulfur dioxide","","","36","New York","031","Essex","44.39308","-73.8589"
"02/10/2022","AQS","360310003","1","0.6","ppb","0","WHITEFACE BASE","22","92.0000","42401","Sulfur dioxide","","","36","New York","031","Essex","44.39308","-73.8589"
"02/11/2022","AQS","360310003","1","0.5","ppb","0","WHITEFACE BASE","24","100.0000","42401","Sulfur dioxide","","","36","New York","031","Essex","44.39308","-73.8589"
"02/12/2022","AQS","360310003","1","0.3","ppb","0","WHITEFACE BASE","24","100.0000","42401","Sulfur dioxide","","","36","New York","031","Essex","44.39308","-73.8589"
"02/13/2022","AQS","360310003","1","0.6","ppb","0","WHITEFACE BASE","24","100.0000","42401","Sulfur dioxide","","","36","New York","031","Essex","44.39308","-73.8589"
"02/14/2022","AQS","360310003","1","1.8","ppb","1","WHITEFACE BASE","24","100.0000","42401","Sulfur dioxide","","","36","New York","031","Essex","44.39308","-73.8589"
"02/15/2022","AQS","360310003","1","0.6","ppb","0","WHITEFACE BASE","24","100.0000","42401","Sulfur dioxide","","","36","New York","031","Essex","44.39308","-73.8589"
"02/16/2022","AQS","360310003","1","0.7","ppb","0","WHITEFACE BASE","24","100.0000","42401","Sulfur dioxide","","","36","New York","031","Essex","44.39308","-73.8589"
"02/17/2022","AQS","360310003","1","0.4","ppb","0","WHITEFACE BASE","24","100.0000","42401","Sulfur dioxide","","","36","New York","031","Essex","44.39308","-73.8589"
"02/18/2022","AQS","360310003","1","0.4","ppb","0","WHITEFACE BASE","24","100.0000","42401","Sulfur dioxide","","","36","New York","031","Essex","44.39308","-73.8589"
"02/19/2022","AQS","360310003","1","0.5","ppb","0","WHITEFACE BASE","24","100.0000","42401","Sulfur dioxide","","","36","New York","031","Essex","44.39308","-73.8589"
"02/20/2022","AQS","360310003","1","0.5","ppb","0","WHITEFACE BASE","24","100.0000","42401","Sulfur dioxide","","","36","New York","031","Essex","44.39308","-73.8589"
"02/21/2022","AQS","360310003","1","0.8","ppb","0","WHITEFACE BASE","24","100.0000","42401","Sulfur dioxide","","","36","New York","031","Essex","44.39308","-73.8589"
"02/22/2022","AQS","360310003","1","0.5","ppb","0","WHITEFACE BASE","24","100.0000","42401","Sulfur dioxide","","","36","New York","031","Essex","44.39308","-73.8589"
"02/23/2022","AQS","360310003","1","0.3","ppb","0","WHITEFACE BASE","23","96.0000","42401","Sulfur dioxide","","","36","New York","031","Essex","44.39308","-73.8589"
"02/24/2022","AQS","360310003","1","0.4","ppb","0","WHITEFACE BASE","22","92.0000","42401","Sulfur dioxide","","","36","New York","031","Essex","44.39308","-73.8589"
"02/25/2022","AQS","360310003","1","0.7","ppb","0","WHITEFACE BASE","24","100.0000","42401","Sulfur dioxide","","","36","New York","031","Essex","44.39308","-73.8589"
"02/26/2022","AQS","360310003","1","0.4","ppb","0","WHITEFACE BASE","24","100.0000","42401","Sulfur dioxide","","","36","New York","031","Essex","44.39308","-73.8589"
"02/27/2022","AQS","360310003","1","0.5","ppb","0","WHITEFACE BASE","24","100.0000","42401","Sulfur dioxide","","","36","New York","031","Essex","44.39308","-73.8589"
"02/28/2022","AQS","360310003","1","0.4","ppb","0","WHITEFACE BASE","24","100.0000","42401","Sulfur dioxide","","","36","New York","031","Essex","44.39308","-73.8589"
"03/01/2022","AQS","360310003","1","0.5","ppb","0","WHITEFACE BASE","24","100.0000","42401","Sulfur dioxide","","","36","New York","031","Essex","44.39308","-73.8589"
"03/02/2022","AQS","360310003","1","0.5","ppb","0","WHITEFACE BASE","24","100.0000","42401","Sulfur dioxide","","","36","New York","031","Essex","44.39308","-73.8589"
"03/03/2022","AQS","360310003","1","0.5","ppb","0","WHITEFACE BASE","24","100.0000","42401","Sulfur dioxide","","","36","New York","031","Essex","44.39308","-73.8589"
"03/04/2022","AQS","360310003","1","0.6","ppb","0","WHITEFACE BASE","24","100.0000","42401","Sulfur dioxide","","","36","New York","031","Essex","44.39308","-73.8589"
"03/05/2022","AQS","360310003","1","0.5","ppb","0","WHITEFACE BASE","24","100.0000","42401","Sulfur dioxide","","","36","New York","031","Essex","44.39308","-73.8589"
"03/06/2022","AQS","360310003","1","0.6","ppb","0","WHITEFACE BASE","24","100.0000","42401","Sulfur dioxide","","","36","New York","031","Essex","44.39308","-73.8589"
"03/07/2022","AQS","360310003","1","0.3","ppb","0","WHITEFACE BASE","24","100.0000","42401","Sulfur dioxide","","","36","New York","031","Essex","44.39308","-73.8589"
"03/08/2022","AQS","360310003","1","0.3","ppb","0","WHITEFACE BASE","24","100.0000","42401","Sulfur dioxide","","","36","New York","031","Essex","44.39308","-73.8589"
"03/09/2022","AQS","360310003","1","0.3","ppb","0","WHITEFACE BASE","21","88.0000","42401","Sulfur dioxide","","","36","New York","031","Essex","44.39308","-73.8589"
"03/10/2022","AQS","360310003","1","0.7","ppb","0","WHITEFACE BASE","24","100.0000","42401","Sulfur dioxide","","","36","New York","031","Essex","44.39308","-73.8589"
"03/11/2022","AQS","360310003","1","0.4","ppb","0","WHITEFACE BASE","24","100.0000","42401","Sulfur dioxide","","","36","New York","031","Essex","44.39308","-73.8589"
"03/12/2022","AQS","360310003","1","0.3","ppb","0","WHITEFACE BASE","24","100.0000","42401","Sulfur dioxide","","","36","New York","031","Essex","44.39308","-73.8589"
"03/13/2022","AQS","360310003","1","0.3","ppb","0","WHITEFACE BASE","24","100.0000","42401","Sulfur dioxide","","","36","New York","031","Essex","44.39308","-73.8589"
"03/14/2022","AQS","360310003","1","0.3","ppb","0","WHITEFACE BASE","24","100.0000","42401","Sulfur dioxide","","","36","New York","031","Essex","44.39308","-73.8589"
"03/15/2022","AQS","360310003","1","0.3","ppb","0","WHITEFACE BASE","24","100.0000","42401","Sulfur dioxide","","","36","New York","031","Essex","44.39308","-73.8589"
"03/16/2022","AQS","360310003","1","0.3","ppb","0","WHITEFACE BASE","21","88.0000","42401","Sulfur dioxide","","","36","New York","031","Essex","44.39308","-73.8589"
"03/17/2022","AQS","360310003","1","0.6","ppb","0","WHITEFACE BASE","24","100.0000","42401","Sulfur dioxide","","","36","New York","031","Essex","44.39308","-73.8589"
"03/18/2022","AQS","360310003","1","0.9","ppb","0","WHITEFACE BASE","24","100.0000","42401","Sulfur dioxide","","","36","New York","031","Essex","44.39308","-73.8589"
"03/19/2022","AQS","360310003","1","0.4","ppb","0","WHITEFACE BASE","24","100.0000","42401","Sulfur dioxide","","","36","New York","031","Essex","44.39308","-73.8589"
"03/20/2022","AQS","360310003","1","0.2","ppb","0","WHITEFACE BASE","24","100.0000","42401","Sulfur dioxide","","","36","New York","031","Essex","44.39308","-73.8589"
"03/21/2022","AQS","360310003","1","0.2","ppb","0","WHITEFACE BASE","24","100.0000","42401","Sulfur dioxide","","","36","New York","031","Essex","44.39308","-73.8589"
"03/22/2022","AQS","360310003","1","0.3","ppb","0","WHITEFACE BASE","24","100.0000","42401","Sulfur dioxide","","","36","New York","031","Essex","44.39308","-73.8589"
"03/23/2022","AQS","360310003","1","0.4","ppb","0","WHITEFACE BASE","24","100.0000","42401","Sulfur dioxide","","","36","New York","031","Essex","44.39308","-73.8589"
"03/24/2022","AQS","360310003","1","0.2","ppb","0","WHITEFACE BASE","22","92.0000","42401","Sulfur dioxide","","","36","New York","031","Essex","44.39308","-73.8589"
"03/25/2022","AQS","360310003","1","0.2","ppb","0","WHITEFACE BASE","24","100.0000","42401","Sulfur dioxide","","","36","New York","031","Essex","44.39308","-73.8589"
"03/26/2022","AQS","360310003","1","0.2","ppb","0","WHITEFACE BASE","24","100.0000","42401","Sulfur dioxide","","","36","New York","031","Essex","44.39308","-73.8589"
"03/27/2022","AQS","360310003","1","0.2","ppb","0","WHITEFACE BASE","24","100.0000","42401","Sulfur dioxide","","","36","New York","031","Essex","44.39308","-73.8589"
"03/28/2022","AQS","360310003","1","0.3","ppb","0","WHITEFACE BASE","24","100.0000","42401","Sulfur dioxide","","","36","New York","031","Essex","44.39308","-73.8589"
"03/29/2022","AQS","360310003","1","0.3","ppb","0","WHITEFACE BASE","22","92.0000","42401","Sulfur dioxide","","","36","New York","031","Essex","44.39308","-73.8589"
"03/30/2022","AQS","360310003","1","0.4","ppb","0","WHITEFACE BASE","24","100.0000","42401","Sulfur dioxide","","","36","New York","031","Essex","44.39308","-73.8589"
"03/31/2022","AQS","360310003","1","0.3","ppb","0","WHITEFACE BASE","24","100.0000","42401","Sulfur dioxide","","","36","New York","031","Essex","44.39308","-73.8589"
"04/01/2022","AQS","360310003","1","0.2","ppb","0","WHITEFACE BASE","21","88.0000","42401","Sulfur dioxide","","","36","New York","031","Essex","44.39308","-73.8589"
"04/02/2022","AQS","360310003","1","0.4","ppb","0","WHITEFACE BASE","24","100.0000","42401","Sulfur dioxide","","","36","New York","031","Essex","44.39308","-73.8589"
"04/03/2022","AQS","360310003","1","0.9","ppb","0","WHITEFACE BASE","24","100.0000","42401","Sulfur dioxide","","","36","New York","031","Essex","44.39308","-73.8589"
"04/04/2022","AQS","360310003","1","0.3","ppb","0","WHITEFACE BASE","24","100.0000","42401","Sulfur dioxide","","","36","New York","031","Essex","44.39308","-73.8589"
"04/05/2022","AQS","360310003","1","0.3","ppb","0","WHITEFACE BASE","24","100.0000","42401","Sulfur dioxide","","","36","New York","031","Essex","44.39308","-73.8589"
"04/06/2022","AQS","360310003","1","0.3","ppb","0","WHITEFACE BASE","24","100.0000","42401","Sulfur dioxide","","","36","New York","031","Essex","44.39308","-73.8589"
"04/07/2022","AQS","360310003","1","0.2","ppb","0","WHITEFACE BASE","22","92.0000","42401","Sulfur dioxide","","","36","New York","031","Essex","44.39308","-73.8589"
"04/08/2022","AQS","360310003","1","0.2","ppb","0","WHITEFACE BASE","24","100.0000","42401","Sulfur dioxide","","","36","New York","031","Essex","44.39308","-73.8589"
"04/09/2022","AQS","360310003","1","0.4","ppb","0","WHITEFACE BASE","24","100.0000","42401","Sulfur dioxide","","","36","New York","031","Essex","44.39308","-73.8589"
"04/10/2022","AQS","360310003","1","0.2","ppb","0","WHITEFACE BASE","24","100.0000","42401","Sulfur dioxide","","","36","New York","031","Essex","44.39308","-73.8589"
"04/11/2022","AQS","360310003","1","0.3","ppb","0","WHITEFACE BASE","24","100.0000","42401","Sulfur dioxide","","","36","New York","031","Essex","44.39308","-73.8589"
"04/12/2022","AQS","360310003","1","0.3","ppb","0","WHITEFACE BASE","24","100.0000","42401","Sulfur dioxide","","","36","New York","031","Essex","44.39308","-73.8589"
"04/13/2022","AQS","360310003","1","0.4","ppb","0","WHITEFACE BASE","24","100.0000","42401","Sulfur dioxide","","","36","New York","031","Essex","44.39308","-73.8589"
"04/14/2022","AQS","360310003","1","0.3","ppb","0","WHITEFACE BASE","22","92.0000","42401","Sulfur dioxide","","","36","New York","031","Essex","44.39308","-73.8589"
"04/15/2022","AQS","360310003","1","0.4","ppb","0","WHITEFACE BASE","24","100.0000","42401","Sulfur dioxide","","","36","New York","031","Essex","44.39308","-73.8589"
"04/16/2022","AQS","360310003","1","0.2","ppb","0","WHITEFACE BASE","24","100.0000","42401","Sulfur dioxide","","","36","New York","031","Essex","44.39308","-73.8589"
"04/17/2022","AQS","360310003","1","0.3","ppb","0","WHITEFACE BASE","24","100.0000","42401","Sulfur dioxide","","","36","New York","031","Essex","44.39308","-73.8589"
"04/18/2022","AQS","360310003","1","0.3","ppb","0","WHITEFACE BASE","24","100.0000","42401","Sulfur dioxide","","","36","New York","031","Essex","44.39308","-73.8589"
"04/19/2022","AQS","360310003","1","0.2","ppb","0","WHITEFACE BASE","24","100.0000","42401","Sulfur dioxide","","","36","New York","031","Essex","44.39308","-73.8589"
"04/20/2022","AQS","360310003","1","0.2","ppb","0","WHITEFACE BASE","23","96.0000","42401","Sulfur dioxide","","","36","New York","031","Essex","44.39308","-73.8589"
"04/21/2022","AQS","360310003","1","0.3","ppb","0","WHITEFACE BASE","22","92.0000","42401","Sulfur dioxide","","","36","New York","031","Essex","44.39308","-73.8589"
"04/22/2022","AQS","360310003","1","0.3","ppb","0","WHITEFACE BASE","24","100.0000","42401","Sulfur dioxide","","","36","New York","031","Essex","44.39308","-73.8589"
"04/23/2022","AQS","360310003","1","0.6","ppb","0","WHITEFACE BASE","24","100.0000","42401","Sulfur dioxide","","","36","New York","031","Essex","44.39308","-73.8589"
"04/24/2022","AQS","360310003","1","0.4","ppb","0","WHITEFACE BASE","24","100.0000","42401","Sulfur dioxide","","","36","New York","031","Essex","44.39308","-73.8589"
"04/25/2022","AQS","360310003","1","0.3","ppb","0","WHITEFACE BASE","24","100.0000","42401","Sulfur dioxide","","","36","New York","031","Essex","44.39308","-73.8589"
"04/26/2022","AQS","360310003","1","0.2","ppb","0","WHITEFACE BASE","23","96.0000","42401","Sulfur dioxide","","","36","New York","031","Essex","44.39308","-73.8589"
"04/27/2022","AQS","360310003","1","0.2","ppb","0","WHITEFACE BASE","24","100.0000","42401","Sulfur dioxide","","","36","New York","031","Essex","44.39308","-73.8589"
"04/28/2022","AQS","360310003","1","0.3","ppb","0","WHITEFACE BASE","22","92.0000","42401","Sulfur dioxide","","","36","New York","031","Essex","44.39308","-73.8589"
"04/29/2022","AQS","360310003","1","0.6","ppb","0","WHITEFACE BASE","24","100.0000","42401","Sulfur dioxide","","","36","New York","031","Essex","44.39308","-73.8589"
"04/30/2022","AQS","360310003","1","0.5","ppb","0","WHITEFACE BASE","24","100.0000","42401","Sulfur dioxide","","","36","New York","031","Essex","44.39308","-73.8589"
"05/01/2022","AQS","360310003","1","0.8","ppb","0","WHITEFACE BASE","24","100.0000","42401","Sulfur dioxide","","","36","New York","031","Essex","44.39308","-73.8589"
"05/02/2022","AQS","360310003","1","0.3","ppb","0","WHITEFACE BASE","24","100.0000","42401","Sulfur dioxide","","","36","New York","031","Essex","44.39308","-73.8589"
"05/03/2022","AQS","360310003","1","0.2","ppb","0","WHITEFACE BASE","24","100.0000","42401","Sulfur dioxide","","","36","New York","031","Essex","44.39308","-73.8589"
"05/04/2022","AQS","360310003","1","0.1","ppb","0","WHITEFACE BASE","24","100.0000","42401","Sulfur dioxide","","","36","New York","031","Essex","44.39308","-73.8589"
"05/05/2022","AQS","360310003","1","0.4","ppb","0","WHITEFACE BASE","24","100.0000","42401","Sulfur dioxide","","","36","New York","031","Essex","44.39308","-73.8589"
"05/06/2022","AQS","360310003","1","0.4","ppb","0","WHITEFACE BASE","21","88.0000","42401","Sulfur dioxide","","","36","New York","031","Essex","44.39308","-73.8589"
"05/07/2022","AQS","360310003","1","0.5","ppb","0","WHITEFACE BASE","24","100.0000","42401","Sulfur dioxide","","","36","New York","031","Essex","44.39308","-73.8589"
"05/08/2022","AQS","360310003","1","0.3","ppb","0","WHITEFACE BASE","24","100.0000","42401","Sulfur dioxide","","","36","New York","031","Essex","44.39308","-73.8589"
"05/09/2022","AQS","360310003","1","0.4","ppb","0","WHITEFACE BASE","24","100.0000","42401","Sulfur dioxide","","","36","New York","031","Essex","44.39308","-73.8589"
"05/10/2022","AQS","360310003","1","0.3","ppb","0","WHITEFACE BASE","24","100.0000","42401","Sulfur dioxide","","","36","New York","031","Essex","44.39308","-73.8589"
"05/11/2022","AQS","360310003","1","0.2","ppb","0","WHITEFACE BASE","24","100.0000","42401","Sulfur dioxide","","","36","New York","031","Essex","44.39308","-73.8589"
"05/12/2022","AQS","360310003","1","0.3","ppb","0","WHITEFACE BASE","24","100.0000","42401","Sulfur dioxide","","","36","New York","031","Essex","44.39308","-73.8589"
"05/13/2022","AQS","360310003","1","0.2","ppb","0","WHITEFACE BASE","21","88.0000","42401","Sulfur dioxide","","","36","New York","031","Essex","44.39308","-73.8589"
"05/14/2022","AQS","360310003","1","0.2","ppb","0","WHITEFACE BASE","24","100.0000","42401","Sulfur dioxide","","","36","New York","031","Essex","44.39308","-73.8589"
"05/15/2022","AQS","360310003","1","0.1","ppb","0","WHITEFACE BASE","24","100.0000","42401","Sulfur dioxide","","","36","New York","031","Essex","44.39308","-73.8589"
"05/16/2022","AQS","360310003","1","0.3","ppb","0","WHITEFACE BASE","24","100.0000","42401","Sulfur dioxide","","","36","New York","031","Essex","44.39308","-73.8589"
"05/17/2022","AQS","360310003","1","0.1","ppb","0","WHITEFACE BASE","24","100.0000","42401","Sulfur dioxide","","","36","New York","031","Essex","44.39308","-73.8589"
"05/18/2022","AQS","360310003","1","0.2","ppb","0","WHITEFACE BASE","24","100.0000","42401","Sulfur dioxide","","","36","New York","031","Essex","44.39308","-73.8589"
"05/19/2022","AQS","360310003","1","0.1","ppb","0","WHITEFACE BASE","22","92.0000","42401","Sulfur dioxide","","","36","New York","031","Essex","44.39308","-73.8589"
"05/20/2022","AQS","360310003","1","0.2","ppb","0","WHITEFACE BASE","24","100.0000","42401","Sulfur dioxide","","","36","New York","031","Essex","44.39308","-73.8589"
"05/21/2022","AQS","360310003","1","0.4","ppb","0","WHITEFACE BASE","24","100.0000","42401","Sulfur dioxide","","","36","New York","031","Essex","44.39308","-73.8589"
"05/22/2022","AQS","360310003","1","0.1","ppb","0","WHITEFACE BASE","24","100.0000","42401","Sulfur dioxide","","","36","New York","031","Essex","44.39308","-73.8589"
"05/23/2022","AQS","360310003","1","0.2","ppb","0","WHITEFACE BASE","24","100.0000","42401","Sulfur dioxide","","","36","New York","031","Essex","44.39308","-73.8589"
"05/24/2022","AQS","360310003","1","0.2","ppb","0","WHITEFACE BASE","24","100.0000","42401","Sulfur dioxide","","","36","New York","031","Essex","44.39308","-73.8589"
"05/25/2022","AQS","360310003","1","0.8","ppb","0","WHITEFACE BASE","24","100.0000","42401","Sulfur dioxide","","","36","New York","031","Essex","44.39308","-73.8589"
"05/26/2022","AQS","360310003","1","0.2","ppb","0","WHITEFACE BASE","24","100.0000","42401","Sulfur dioxide","","","36","New York","031","Essex","44.39308","-73.8589"
"05/27/2022","AQS","360310003","1","0.1","ppb","0","WHITEFACE BASE","22","92.0000","42401","Sulfur dioxide","","","36","New York","031","Essex","44.39308","-73.8589"
"05/28/2022","AQS","360310003","1","0.1","ppb","0","WHITEFACE BASE","24","100.0000","42401","Sulfur dioxide","","","36","New York","031","Essex","44.39308","-73.8589"
"05/29/2022","AQS","360310003","1","0.1","ppb","0","WHITEFACE BASE","24","100.0000","42401","Sulfur dioxide","","","36","New York","031","Essex","44.39308","-73.8589"
"05/30/2022","AQS","360310003","1","0.4","ppb","0","WHITEFACE BASE","24","100.0000","42401","Sulfur dioxide","","","36","New York","031","Essex","44.39308","-73.8589"
"05/31/2022","AQS","360310003","1","0.3","ppb","0","WHITEFACE BASE","24","100.0000","42401","Sulfur dioxide","","","36","New York","031","Essex","44.39308","-73.8589"
"06/01/2022","AQS","360310003","1","0.1","ppb","0","WHITEFACE BASE","24","100.0000","42401","Sulfur dioxide","","","36","New York","031","Essex","44.39308","-73.8589"
"06/02/2022","AQS","360310003","1","0","ppb","0","WHITEFACE BASE","24","100.0000","42401","Sulfur dioxide","","","36","New York","031","Essex","44.39308","-73.8589"
"06/03/2022","AQS","360310003","1","0.1","ppb","0","WHITEFACE BASE","22","92.0000","42401","Sulfur dioxide","","","36","New York","031","Essex","44.39308","-73.8589"
"06/04/2022","AQS","360310003","1","0.3","ppb","0","WHITEFACE BASE","24","100.0000","42401","Sulfur dioxide","","","36","New York","031","Essex","44.39308","-73.8589"
"06/05/2022","AQS","360310003","1","0.5","ppb","0","WHITEFACE BASE","24","100.0000","42401","Sulfur dioxide","","","36","New York","031","Essex","44.39308","-73.8589"
"06/06/2022","AQS","360310003","1","0.4","ppb","0","WHITEFACE BASE","24","100.0000","42401","Sulfur dioxide","","","36","New York","031","Essex","44.39308","-73.8589"
"06/07/2022","AQS","360310003","1","0.2","ppb","0","WHITEFACE BASE","24","100.0000","42401","Sulfur dioxide","","","36","New York","031","Essex","44.39308","-73.8589"
"06/08/2022","AQS","360310003","1","0.1","ppb","0","WHITEFACE BASE","24","100.0000","42401","Sulfur dioxide","","","36","New York","031","Essex","44.39308","-73.8589"
"06/09/2022","AQS","360310003","1","0.1","ppb","0","WHITEFACE BASE","24","100.0000","42401","Sulfur dioxide","","","36","New York","031","Essex","44.39308","-73.8589"
"06/10/2022","AQS","360310003","1","0.1","ppb","0","WHITEFACE BASE","22","92.0000","42401","Sulfur dioxide","","","36","New York","031","Essex","44.39308","-73.8589"
"06/11/2022","AQS","360310003","1","0.1","ppb","0","WHITEFACE BASE","24","100.0000","42401","Sulfur dioxide","","","36","New York","031","Essex","44.39308","-73.8589"
"06/12/2022","AQS","360310003","1","0.1","ppb","0","WHITEFACE BASE","24","100.0000","42401","Sulfur dioxide","","","36","New York","031","Essex","44.39308","-73.8589"
"06/13/2022","AQS","360310003","1","0.1","ppb","0","WHITEFACE BASE","24","100.0000","42401","Sulfur dioxide","","","36","New York","031","Essex","44.39308","-73.8589"
"06/14/2022","AQS","360310003","1","0.2","ppb","0","WHITEFACE BASE","24","100.0000","42401","Sulfur dioxide","","","36","New York","031","Essex","44.39308","-73.8589"
"06/15/2022","AQS","360310003","1","0.1","ppb","0","WHITEFACE BASE","24","100.0000","42401","Sulfur dioxide","","","36","New York","031","Essex","44.39308","-73.8589"
"06/16/2022","AQS","360310003","1","0.2","ppb","0","WHITEFACE BASE","24","100.0000","42401","Sulfur dioxide","","","36","New York","031","Essex","44.39308","-73.8589"
"06/17/2022","AQS","360310003","1","0.2","ppb","0","WHITEFACE BASE","24","100.0000","42401","Sulfur dioxide","","","36","New York","031","Essex","44.39308","-73.8589"
"06/18/2022","AQS","360310003","1","0.1","ppb","0","WHITEFACE BASE","24","100.0000","42401","Sulfur dioxide","","","36","New York","031","Essex","44.39308","-73.8589"
"06/19/2022","AQS","360310003","1","0.1","ppb","0","WHITEFACE BASE","24","100.0000","42401","Sulfur dioxide","","","36","New York","031","Essex","44.39308","-73.8589"
"06/20/2022","AQS","360310003","1","0.2","ppb","0","WHITEFACE BASE","24","100.0000","42401","Sulfur dioxide","","","36","New York","031","Essex","44.39308","-73.8589"
"06/21/2022","AQS","360310003","1","0.3","ppb","0","WHITEFACE BASE","24","100.0000","42401","Sulfur dioxide","","","36","New York","031","Essex","44.39308","-73.8589"
"06/22/2022","AQS","360310003","1","0.1","ppb","0","WHITEFACE BASE","21","88.0000","42401","Sulfur dioxide","","","36","New York","031","Essex","44.39308","-73.8589"
"06/23/2022","AQS","360310003","1","0.1","ppb","0","WHITEFACE BASE","24","100.0000","42401","Sulfur dioxide","","","36","New York","031","Essex","44.39308","-73.8589"
"06/24/2022","AQS","360310003","1","0.1","ppb","0","WHITEFACE BASE","24","100.0000","42401","Sulfur dioxide","","","36","New York","031","Essex","44.39308","-73.8589"
"06/25/2022","AQS","360310003","1","0.2","ppb","0","WHITEFACE BASE","24","100.0000","42401","Sulfur dioxide","","","36","New York","031","Essex","44.39308","-73.8589"
"06/26/2022","AQS","360310003","1","0.1","ppb","0","WHITEFACE BASE","24","100.0000","42401","Sulfur dioxide","","","36","New York","031","Essex","44.39308","-73.8589"
"06/27/2022","AQS","360310003","1","0.1","ppb","0","WHITEFACE BASE","24","100.0000","42401","Sulfur dioxide","","","36","New York","031","Essex","44.39308","-73.8589"
"06/28/2022","AQS","360310003","1","0.1","ppb","0","WHITEFACE BASE","24","100.0000","42401","Sulfur dioxide","","","36","New York","031","Essex","44.39308","-73.8589"
"06/29/2022","AQS","360310003","1","0.2","ppb","0","WHITEFACE BASE","24","100.0000","42401","Sulfur dioxide","","","36","New York","031","Essex","44.39308","-73.8589"
"06/30/2022","AQS","360310003","1","0.2","ppb","0","WHITEFACE BASE","24","100.0000","42401","Sulfur dioxide","","","36","New York","031","Essex","44.39308","-73.8589"
"07/01/2022","AQS","360310003","1","0.6","ppb","0","WHITEFACE BASE","24","100.0000","42401","Sulfur dioxide","","","36","New York","031","Essex","44.39308","-73.8589"
"07/02/2022","AQS","360310003","1","0.2","ppb","0","WHITEFACE BASE","22","92.0000","42401","Sulfur dioxide","","","36","New York","031","Essex","44.39308","-73.8589"
"07/03/2022","AQS","360310003","1","0.2","ppb","0","WHITEFACE BASE","24","100.0000","42401","Sulfur dioxide","","","36","New York","031","Essex","44.39308","-73.8589"
"07/04/2022","AQS","360310003","1","0.3","ppb","0","WHITEFACE BASE","24","100.0000","42401","Sulfur dioxide","","","36","New York","031","Essex","44.39308","-73.8589"
"07/05/2022","AQS","360310003","1","0.1","ppb","0","WHITEFACE BASE","24","100.0000","42401","Sulfur dioxide","","","36","New York","031","Essex","44.39308","-73.8589"
"07/06/2022","AQS","360310003","1","0.1","ppb","0","WHITEFACE BASE","24","100.0000","42401","Sulfur dioxide","","","36","New York","031","Essex","44.39308","-73.8589"
"07/07/2022","AQS","360310003","1","0.1","ppb","0","WHITEFACE BASE","24","100.0000","42401","Sulfur dioxide","","","36","New York","031","Essex","44.39308","-73.8589"
"07/08/2022","AQS","360310003","1","0.1","ppb","0","WHITEFACE BASE","22","92.0000","42401","Sulfur dioxide","","","36","New York","031","Essex","44.39308","-73.8589"
"07/09/2022","AQS","360310003","1","0.3","ppb","0","WHITEFACE BASE","24","100.0000","42401","Sulfur dioxide","","","36","New York","031","Essex","44.39308","-73.8589"
"07/10/2022","AQS","360310003","1","0.2","ppb","0","WHITEFACE BASE","24","100.0000","42401","Sulfur dioxide","","","36","New York","031","Essex","44.39308","-73.8589"
"07/11/2022","AQS","360310003","1","0.2","ppb","0","WHITEFACE BASE","24","100.0000","42401","Sulfur dioxide","","","36","New York","031","Essex","44.39308","-73.8589"
"07/12/2022","AQS","360310003","1","0.1","ppb","0","WHITEFACE BASE","24","100.0000","42401","Sulfur dioxide","","","36","New York","031","Essex","44.39308","-73.8589"
"07/13/2022","AQS","360310003","1","0.1","ppb","0","WHITEFACE BASE","24","100.0000","42401","Sulfur dioxide","","","36","New York","031","Essex","44.39308","-73.8589"
"07/14/2022","AQS","360310003","1","0.2","ppb","0","WHITEFACE BASE","24","100.0000","42401","Sulfur dioxide","","","36","New York","031","Essex","44.39308","-73.8589"
"07/15/2022","AQS","360310003","1","0.6","ppb","0","WHITEFACE BASE","22","92.0000","42401","Sulfur dioxide","","","36","New York","031","Essex","44.39308","-73.8589"
"07/16/2022","AQS","360310003","1","0.1","ppb","0","WHITEFACE BASE","24","100.0000","42401","Sulfur dioxide","","","36","New York","031","Essex","44.39308","-73.8589"
"07/17/2022","AQS","360310003","1","0.1","ppb","0","WHITEFACE BASE","24","100.0000","42401","Sulfur dioxide","","","36","New York","031","Essex","44.39308","-73.8589"
"07/18/2022","AQS","360310003","1","0.1","ppb","0","WHITEFACE BASE","24","100.0000","42401","Sulfur dioxide","","","36","New York","031","Essex","44.39308","-73.8589"
"07/19/2022","AQS","360310003","1","0.1","ppb","0","WHITEFACE BASE","24","100.0000","42401","Sulfur dioxide","","","36","New York","031","Essex","44.39308","-73.8589"
"07/20/2022","AQS","360310003","1","0.1","ppb","0","WHITEFACE BASE","24","100.0000","42401","Sulfur dioxide","","","36","New York","031","Essex","44.39308","-73.8589"
"07/21/2022","AQS","360310003","1","0.1","ppb","0","WHITEFACE BASE","24","100.0000","42401","Sulfur dioxide","","","36","New York","031","Essex","44.39308","-73.8589"
"07/22/2022","AQS","360310003","1","0.1","ppb","0","WHITEFACE BASE","23","96.0000","42401","Sulfur dioxide","","","36","New York","031","Essex","44.39308","-73.8589"
"07/23/2022","AQS","360310003","1","0.3","ppb","0","WHITEFACE BASE","24","100.0000","42401","Sulfur dioxide","","","36","New York","031","Essex","44.39308","-73.8589"
"07/24/2022","AQS","360310003","1","0.2","ppb","0","WHITEFACE BASE","24","100.0000","42401","Sulfur dioxide","","","36","New York","031","Essex","44.39308","-73.8589"
"07/25/2022","AQS","360310003","1","0.1","ppb","0","WHITEFACE BASE","24","100.0000","42401","Sulfur dioxide","","","36","New York","031","Essex","44.39308","-73.8589"
"07/26/2022","AQS","360310003","1","0.1","ppb","0","WHITEFACE BASE","24","100.0000","42401","Sulfur dioxide","","","36","New York","031","Essex","44.39308","-73.8589"
"07/27/2022","AQS","360310003","1","0.3","ppb","0","WHITEFACE BASE","24","100.0000","42401","Sulfur dioxide","","","36","New York","031","Essex","44.39308","-73.8589"
"07/28/2022","AQS","360310003","1","0.2","ppb","0","WHITEFACE BASE","24","100.0000","42401","Sulfur dioxide","","","36","New York","031","Essex","44.39308","-73.8589"
"07/29/2022","AQS","360310003","1","0.4","ppb","0","WHITEFACE BASE","22","92.0000","42401","Sulfur dioxide","","","36","New York","031","Essex","44.39308","-73.8589"
"07/30/2022","AQS","360310003","1","0.3","ppb","0","WHITEFACE BASE","24","100.0000","42401","Sulfur dioxide","","","36","New York","031","Essex","44.39308","-73.8589"
"07/31/2022","AQS","360310003","1","0.2","ppb","0","WHITEFACE BASE","24","100.0000","42401","Sulfur dioxide","","","36","New York","031","Essex","44.39308","-73.8589"
"08/01/2022","AQS","360310003","1","0.1","ppb","0","WHITEFACE BASE","24","100.0000","42401","Sulfur dioxide","","","36","New York","031","Essex","44.39308","-73.8589"
"08/02/2022","AQS","360310003","1","0.1","ppb","0","WHITEFACE BASE","24","100.0000","42401","Sulfur dioxide","","","36","New York","031","Essex","44.39308","-73.8589"
"08/03/2022","AQS","360310003","1","0.1","ppb","0","WHITEFACE BASE","24","100.0000","42401","Sulfur dioxide","","","36","New York","031","Essex","44.39308","-73.8589"
"08/04/2022","AQS","360310003","1","0.2","ppb","0","WHITEFACE BASE","24","100.0000","42401","Sulfur dioxide","","","36","New York","031","Essex","44.39308","-73.8589"
"08/05/2022","AQS","360310003","1","0","ppb","0","WHITEFACE BASE","24","100.0000","42401","Sulfur dioxide","","","36","New York","031","Essex","44.39308","-73.8589"
"08/06/2022","AQS","360310003","1","0","ppb","0","WHITEFACE BASE","24","100.0000","42401","Sulfur dioxide","","","36","New York","031","Essex","44.39308","-73.8589"
"08/07/2022","AQS","360310003","1","0.2","ppb","0","WHITEFACE BASE","24","100.0000","42401","Sulfur dioxide","","","36","New York","031","Essex","44.39308","-73.8589"
"08/08/2022","AQS","360310003","1","0.1","ppb","0","WHITEFACE BASE","24","100.0000","42401","Sulfur dioxide","","","36","New York","031","Essex","44.39308","-73.8589"
"08/09/2022","AQS","360310003","1","0","ppb","0","WHITEFACE BASE","24","100.0000","42401","Sulfur dioxide","","","36","New York","031","Essex","44.39308","-73.8589"
"08/10/2022","AQS","360310003","1","0","ppb","0","WHITEFACE BASE","24","100.0000","42401","Sulfur dioxide","","","36","New York","031","Essex","44.39308","-73.8589"
"08/11/2022","AQS","360310003","1","0.4","ppb","0","WHITEFACE BASE","24","100.0000","42401","Sulfur dioxide","","","36","New York","031","Essex","44.39308","-73.8589"
"08/12/2022","AQS","360310003","1","0.2","ppb","0","WHITEFACE BASE","22","92.0000","42401","Sulfur dioxide","","","36","New York","031","Essex","44.39308","-73.8589"
"08/13/2022","AQS","360310003","1","0.9","ppb","0","WHITEFACE BASE","24","100.0000","42401","Sulfur dioxide","","","36","New York","031","Essex","44.39308","-73.8589"
"08/14/2022","AQS","360310003","1","0.1","ppb","0","WHITEFACE BASE","24","100.0000","42401","Sulfur dioxide","","","36","New York","031","Essex","44.39308","-73.8589"
"08/15/2022","AQS","360310003","1","0.2","ppb","0","WHITEFACE BASE","24","100.0000","42401","Sulfur dioxide","","","36","New York","031","Essex","44.39308","-73.8589"
"08/16/2022","AQS","360310003","1","0.2","ppb","0","WHITEFACE BASE","24","100.0000","42401","Sulfur dioxide","","","36","New York","031","Essex","44.39308","-73.8589"
"08/17/2022","AQS","360310003","1","0.1","ppb","0","WHITEFACE BASE","24","100.0000","42401","Sulfur dioxide","","","36","New York","031","Essex","44.39308","-73.8589"
"08/18/2022","AQS","360310003","1","0.2","ppb","0","WHITEFACE BASE","24","100.0000","42401","Sulfur dioxide","","","36","New York","031","Essex","44.39308","-73.8589"
"08/19/2022","AQS","360310003","1","0.1","ppb","0","WHITEFACE BASE","21","88.0000","42401","Sulfur dioxide","","","36","New York","031","Essex","44.39308","-73.8589"
"08/20/2022","AQS","360310003","1","0.1","ppb","0","WHITEFACE BASE","24","100.0000","42401","Sulfur dioxide","","","36","New York","031","Essex","44.39308","-73.8589"
"08/21/2022","AQS","360310003","1","0.1","ppb","0","WHITEFACE BASE","24","100.0000","42401","Sulfur dioxide","","","36","New York","031","Essex","44.39308","-73.8589"
"08/22/2022","AQS","360310003","1","0.1","ppb","0","WHITEFACE BASE","24","100.0000","42401","Sulfur dioxide","","","36","New York","031","Essex","44.39308","-73.8589"
"08/23/2022","AQS","360310003","1","0","ppb","0","WHITEFACE BASE","24","100.0000","42401","Sulfur dioxide","","","36","New York","031","Essex","44.39308","-73.8589"
"08/24/2022","AQS","360310003","1","0.1","ppb","0","WHITEFACE BASE","24","100.0000","42401","Sulfur dioxide","","","36","New York","031","Essex","44.39308","-73.8589"
"08/25/2022","AQS","360310003","1","0.1","ppb","0","WHITEFACE BASE","24","100.0000","42401","Sulfur dioxide","","","36","New York","031","Essex","44.39308","-73.8589"
"08/26/2022","AQS","360310003","1","0.1","ppb","0","WHITEFACE BASE","22","92.0000","42401","Sulfur dioxide","","","36","New York","031","Essex","44.39308","-73.8589"
"08/27/2022","AQS","360310003","1","0","ppb","0","WHITEFACE BASE","24","100.0000","42401","Sulfur dioxide","","","36","New York","031","Essex","44.39308","-73.8589"
"08/28/2022","AQS","360310003","1","0","ppb","0","WHITEFACE BASE","24","100.0000","42401","Sulfur dioxide","","","36","New York","031","Essex","44.39308","-73.8589"
"08/29/2022","AQS","360310003","1","0.1","ppb","0","WHITEFACE BASE","24","100.0000","42401","Sulfur dioxide","","","36","New York","031","Essex","44.39308","-73.8589"
"08/30/2022","AQS","360310003","1","0.1","ppb","0","WHITEFACE BASE","24","100.0000","42401","Sulfur dioxide","","","36","New York","031","Essex","44.39308","-73.8589"
"08/31/2022","AQS","360310003","1","0","ppb","0","WHITEFACE BASE","24","100.0000","42401","Sulfur dioxide","","","36","New York","031","Essex","44.39308","-73.8589"
"09/01/2022","AQS","360310003","1","0","ppb","0","WHITEFACE BASE","24","100.0000","42401","Sulfur dioxide","","","36","New York","031","Essex","44.39308","-73.8589"
"09/02/2022","AQS","360310003","1","0.1","ppb","0","WHITEFACE BASE","22","92.0000","42401","Sulfur dioxide","","","36","New York","031","Essex","44.39308","-73.8589"
"09/03/2022","AQS","360310003","1","0.3","ppb","0","WHITEFACE BASE","24","100.0000","42401","Sulfur dioxide","","","36","New York","031","Essex","44.39308","-73.8589"
"09/04/2022","AQS","360310003","1","0.4","ppb","0","WHITEFACE BASE","24","100.0000","42401","Sulfur dioxide","","","36","New York","031","Essex","44.39308","-73.8589"
"09/05/2022","AQS","360310003","1","0.1","ppb","0","WHITEFACE BASE","24","100.0000","42401","Sulfur dioxide","","","36","New York","031","Essex","44.39308","-73.8589"
"09/06/2022","AQS","360310003","1","0.1","ppb","0","WHITEFACE BASE","24","100.0000","42401","Sulfur dioxide","","","36","New York","031","Essex","44.39308","-73.8589"
"09/07/2022","AQS","360310003","1","0.1","ppb","0","WHITEFACE BASE","24","100.0000","42401","Sulfur dioxide","","","36","New York","031","Essex","44.39308","-73.8589"
"09/08/2022","AQS","360310003","1","0.2","ppb","0","WHITEFACE BASE","20","83.0000","42401","Sulfur dioxide","","","36","New York","031","Essex","44.39308","-73.8589"
"09/09/2022","AQS","360310003","1","0.1","ppb","0","WHITEFACE BASE","24","100.0000","42401","Sulfur dioxide","","","36","New York","031","Essex","44.39308","-73.8589"
"09/10/2022","AQS","360310003","1","0.1","ppb","0","WHITEFACE BASE","24","100.0000","42401","Sulfur dioxide","","","36","New York","031","Essex","44.39308","-73.8589"
"09/11/2022","AQS","360310003","1","0.1","ppb","0","WHITEFACE BASE","24","100.0000","42401","Sulfur dioxide","","","36","New York","031","Essex","44.39308","-73.8589"
"09/12/2022","AQS","360310003","1","0.1","ppb","0","WHITEFACE BASE","24","100.0000","42401","Sulfur dioxide","","","36","New York","031","Essex","44.39308","-73.8589"
"09/13/2022","AQS","360310003","1","0","ppb","0","WHITEFACE BASE","24","100.0000","42401","Sulfur dioxide","","","36","New York","031","Essex","44.39308","-73.8589"
"09/14/2022","AQS","360310003","1","0","ppb","0","WHITEFACE BASE","22","92.0000","42401","Sulfur dioxide","","","36","New York","031","Essex","44.39308","-73.8589"
"09/15/2022","AQS","360310003","1","0.1","ppb","0","WHITEFACE BASE","21","88.0000","42401","Sulfur dioxide","","","36","New York","031","Essex","44.39308","-73.8589"
"09/16/2022","AQS","360310003","1","0.1","ppb","0","WHITEFACE BASE","24","100.0000","42401","Sulfur dioxide","","","36","New York","031","Essex","44.39308","-73.8589"
"09/17/2022","AQS","360310003","1","0.2","ppb","0","WHITEFACE BASE","24","100.0000","42401","Sulfur dioxide","","","36","New York","031","Essex","44.39308","-73.8589"
"09/18/2022","AQS","360310003","1","0.5","ppb","0","WHITEFACE BASE","24","100.0000","42401","Sulfur dioxide","","","36","New York","031","Essex","44.39308","-73.8589"
"09/19/2022","AQS","360310003","1","0.1","ppb","0","WHITEFACE BASE","24","100.0000","42401","Sulfur dioxide","","","36","New York","031","Essex","44.39308","-73.8589"
"09/20/2022","AQS","360310003","1","0.1","ppb","0","WHITEFACE BASE","24","100.0000","42401","Sulfur dioxide","","","36","New York","031","Essex","44.39308","-73.8589"
"09/21/2022","AQS","360310003","1","0.1","ppb","0","WHITEFACE BASE","22","92.0000","42401","Sulfur dioxide","","","36","New York","031","Essex","44.39308","-73.8589"
"09/22/2022","AQS","360310003","1","0.1","ppb","0","WHITEFACE BASE","24","100.0000","42401","Sulfur dioxide","","","36","New York","031","Essex","44.39308","-73.8589"
"09/23/2022","AQS","360310003","1","0.1","ppb","0","WHITEFACE BASE","24","100.0000","42401","Sulfur dioxide","","","36","New York","031","Essex","44.39308","-73.8589"
"09/24/2022","AQS","360310003","1","0.2","ppb","0","WHITEFACE BASE","24","100.0000","42401","Sulfur dioxide","","","36","New York","031","Essex","44.39308","-73.8589"
"09/25/2022","AQS","360310003","1","0.2","ppb","0","WHITEFACE BASE","24","100.0000","42401","Sulfur dioxide","","","36","New York","031","Essex","44.39308","-73.8589"
"09/26/2022","AQS","360310003","1","0.1","ppb","0","WHITEFACE BASE","24","100.0000","42401","Sulfur dioxide","","","36","New York","031","Essex","44.39308","-73.8589"
"09/27/2022","AQS","360310003","1","0.1","ppb","0","WHITEFACE BASE","24","100.0000","42401","Sulfur dioxide","","","36","New York","031","Essex","44.39308","-73.8589"
"09/28/2022","AQS","360310003","1","0.1","ppb","0","WHITEFACE BASE","24","100.0000","42401","Sulfur dioxide","","","36","New York","031","Essex","44.39308","-73.8589"
"09/29/2022","AQS","360310003","1","0.1","ppb","0","WHITEFACE BASE","20","83.0000","42401","Sulfur dioxide","","","36","New York","031","Essex","44.39308","-73.8589"
"09/30/2022","AQS","360310003","1","0.1","ppb","0","WHITEFACE BASE","24","100.0000","42401","Sulfur dioxide","","","36","New York","031","Essex","44.39308","-73.8589"
"10/01/2022","AQS","360310003","1","0.2","ppb","0","WHITEFACE BASE","24","100.0000","42401","Sulfur dioxide","","","36","New York","031","Essex","44.39308","-73.8589"
"10/02/2022","AQS","360310003","1","0.3","ppb","0","WHITEFACE BASE","24","100.0000","42401","Sulfur dioxide","","","36","New York","031","Essex","44.39308","-73.8589"
"10/03/2022","AQS","360310003","1","0.3","ppb","0","WHITEFACE BASE","24","100.0000","42401","Sulfur dioxide","","","36","New York","031","Essex","44.39308","-73.8589"
"10/04/2022","AQS","360310003","1","0.3","ppb","0","WHITEFACE BASE","24","100.0000","42401","Sulfur dioxide","","","36","New York","031","Essex","44.39308","-73.8589"
"10/05/2022","AQS","360310003","1","0.3","ppb","0","WHITEFACE BASE","24","100.0000","42401","Sulfur dioxide","","","36","New York","031","Essex","44.39308","-73.8589"
"10/06/2022","AQS","360310003","1","1","ppb","1","WHITEFACE BASE","22","92.0000","42401","Sulfur dioxide","","","36","New York","031","Essex","44.39308","-73.8589"
"10/07/2022","AQS","360310003","1","0.2","ppb","0","WHITEFACE BASE","24","100.0000","42401","Sulfur dioxide","","","36","New York","031","Essex","44.39308","-73.8589"
"10/08/2022","AQS","360310003","1","0.2","ppb","0","WHITEFACE BASE","24","100.0000","42401","Sulfur dioxide","","","36","New York","031","Essex","44.39308","-73.8589"
"10/09/2022","AQS","360310003","1","0.2","ppb","0","WHITEFACE BASE","24","100.0000","42401","Sulfur dioxide","","","36","New York","031","Essex","44.39308","-73.8589"
"10/10/2022","AQS","360310003","1","0.2","ppb","0","WHITEFACE BASE","24","100.0000","42401","Sulfur dioxide","","","36","New York","031","Essex","44.39308","-73.8589"
"10/11/2022","AQS","360310003","1","0.6","ppb","0","WHITEFACE BASE","24","100.0000","42401","Sulfur dioxide","","","36","New York","031","Essex","44.39308","-73.8589"
"10/12/2022","AQS","360310003","1","0.4","ppb","0","WHITEFACE BASE","24","100.0000","42401","Sulfur dioxide","","","36","New York","031","Essex","44.39308","-73.8589"
"10/13/2022","AQS","360310003","1","0.2","ppb","0","WHITEFACE BASE","24","100.0000","42401","Sulfur dioxide","","","36","New York","031","Essex","44.39308","-73.8589"
"10/14/2022","AQS","360310003","1","0.1","ppb","0","WHITEFACE BASE","22","92.0000","42401","Sulfur dioxide","","","36","New York","031","Essex","44.39308","-73.8589"
"10/15/2022","AQS","360310003","1","0.2","ppb","0","WHITEFACE BASE","24","100.0000","42401","Sulfur dioxide","","","36","New York","031","Essex","44.39308","-73.8589"
"10/16/2022","AQS","360310003","1","0.2","ppb","0","WHITEFACE BASE","24","100.0000","42401","Sulfur dioxide","","","36","New York","031","Essex","44.39308","-73.8589"
"10/17/2022","AQS","360310003","1","0.3","ppb","0","WHITEFACE BASE","24","100.0000","42401","Sulfur dioxide","","","36","New York","031","Essex","44.39308","-73.8589"
"10/18/2022","AQS","360310003","1","0.1","ppb","0","WHITEFACE BASE","24","100.0000","42401","Sulfur dioxide","","","36","New York","031","Essex","44.39308","-73.8589"
"10/19/2022","AQS","360310003","1","0.1","ppb","0","WHITEFACE BASE","24","100.0000","42401","Sulfur dioxide","","","36","New York","031","Essex","44.39308","-73.8589"
"10/20/2022","AQS","360310003","1","0.4","ppb","0","WHITEFACE BASE","24","100.0000","42401","Sulfur dioxide","","","36","New York","031","Essex","44.39308","-73.8589"
"10/21/2022","AQS","360310003","1","0.4","ppb","0","WHITEFACE BASE","22","92.0000","42401","Sulfur dioxide","","","36","New York","031","Essex","44.39308","-73.8589"
"10/22/2022","AQS","360310003","1","0.7","ppb","0","WHITEFACE BASE","24","100.0000","42401","Sulfur dioxide","","","36","New York","031","Essex","44.39308","-73.8589"
"10/23/2022","AQS","360310003","1","0.4","ppb","0","WHITEFACE BASE","24","100.0000","42401","Sulfur dioxide","","","36","New York","031","Essex","44.39308","-73.8589"
"10/24/2022","AQS","360310003","1","0.2","ppb","0","WHITEFACE BASE","24","100.0000","42401","Sulfur dioxide","","","36","New York","031","Essex","44.39308","-73.8589"
"10/25/2022","AQS","360310003","1","0.1","ppb","0","WHITEFACE BASE","24","100.0000","42401","Sulfur dioxide","","","36","New York","031","Essex","44.39308","-73.8589"
"10/26/2022","AQS","360310003","1","0.1","ppb","0","WHITEFACE BASE","24","100.0000","42401","Sulfur dioxide","","","36","New York","031","Essex","44.39308","-73.8589"
"10/27/2022","AQS","360310003","1","0.1","ppb","0","WHITEFACE BASE","22","92.0000","42401","Sulfur dioxide","","","36","New York","031","Essex","44.39308","-73.8589"
"10/28/2022","AQS","360310003","1","0.1","ppb","0","WHITEFACE BASE","24","100.0000","42401","Sulfur dioxide","","","36","New York","031","Essex","44.39308","-73.8589"
"10/29/2022","AQS","360310003","1","0.1","ppb","0","WHITEFACE BASE","24","100.0000","42401","Sulfur dioxide","","","36","New York","031","Essex","44.39308","-73.8589"
"10/30/2022","AQS","360310003","1","0.2","ppb","0","WHITEFACE BASE","24","100.0000","42401","Sulfur dioxide","","","36","New York","031","Essex","44.39308","-73.8589"
"10/31/2022","AQS","360310003","1","0.2","ppb","0","WHITEFACE BASE","24","100.0000","42401","Sulfur dioxide","","","36","New York","031","Essex","44.39308","-73.8589"
"11/01/2022","AQS","360310003","1","0.2","ppb","0","WHITEFACE BASE","24","100.0000","42401","Sulfur dioxide","","","36","New York","031","Essex","44.39308","-73.8589"
"11/02/2022","AQS","360310003","1","0.3","ppb","0","WHITEFACE BASE","24","100.0000","42401","Sulfur dioxide","","","36","New York","031","Essex","44.39308","-73.8589"
"11/03/2022","AQS","360310003","1","0.2","ppb","0","WHITEFACE BASE","24","100.0000","42401","Sulfur dioxide","","","36","New York","031","Essex","44.39308","-73.8589"
"11/04/2022","AQS","360310003","1","0.5","ppb","0","WHITEFACE BASE","22","92.0000","42401","Sulfur dioxide","","","36","New York","031","Essex","44.39308","-73.8589"
"11/05/2022","AQS","360310003","1","0.2","ppb","0","WHITEFACE BASE","24","100.0000","42401","Sulfur dioxide","","","36","New York","031","Essex","44.39308","-73.8589"
"11/06/2022","AQS","360310003","1","0.1","ppb","0","WHITEFACE BASE","24","100.0000","42401","Sulfur dioxide","","","36","New York","031","Essex","44.39308","-73.8589"
"11/07/2022","AQS","360310003","1","0.4","ppb","0","WHITEFACE BASE","24","100.0000","42401","Sulfur dioxide","","","36","New York","031","Essex","44.39308","-73.8589"
"11/08/2022","AQS","360310003","1","0.2","ppb","0","WHITEFACE BASE","24","100.0000","42401","Sulfur dioxide","","","36","New York","031","Essex","44.39308","-73.8589"
"11/09/2022","AQS","360310003","1","0.2","ppb","0","WHITEFACE BASE","24","100.0000","42401","Sulfur dioxide","","","36","New York","031","Essex","44.39308","-73.8589"
"11/10/2022","AQS","360310003","1","0.7","ppb","0","WHITEFACE BASE","24","100.0000","42401","Sulfur dioxide","","","36","New York","031","Essex","44.39308","-73.8589"
"11/11/2022","AQS","360310003","1","0.2","ppb","0","WHITEFACE BASE","24","100.0000","42401","Sulfur dioxide","","","36","New York","031","Essex","44.39308","-73.8589"
"11/12/2022","AQS","360310003","1","0.1","ppb","0","WHITEFACE BASE","24","100.0000","42401","Sulfur dioxide","","","36","New York","031","Essex","44.39308","-73.8589"
"11/13/2022","AQS","360310003","1","0.1","ppb","0","WHITEFACE BASE","24","100.0000","42401","Sulfur dioxide","","","36","New York","031","Essex","44.39308","-73.8589"
"11/14/2022","AQS","360310003","1","0.3","ppb","0","WHITEFACE BASE","24","100.0000","42401","Sulfur dioxide","","","36","New York","031","Essex","44.39308","-73.8589"
"11/15/2022","AQS","360310003","1","0.3","ppb","0","WHITEFACE BASE","24","100.0000","42401","Sulfur dioxide","","","36","New York","031","Essex","44.39308","-73.8589"
"11/16/2022","AQS","360310003","1","0.2","ppb","0","WHITEFACE BASE","24","100.0000","42401","Sulfur dioxide","","","36","New York","031","Essex","44.39308","-73.8589"
"11/17/2022","AQS","360310003","1","0.2","ppb","0","WHITEFACE BASE","24","100.0000","42401","Sulfur dioxide","","","36","New York","031","Essex","44.39308","-73.8589"
"11/18/2022","AQS","360310003","1","0.2","ppb","0","WHITEFACE BASE","22","92.0000","42401","Sulfur dioxide","","","36","New York","031","Essex","44.39308","-73.8589"
"11/19/2022","AQS","360310003","1","0.2","ppb","0","WHITEFACE BASE","24","100.0000","42401","Sulfur dioxide","","","36","New York","031","Essex","44.39308","-73.8589"
"11/20/2022","AQS","360310003","1","0.3","ppb","0","WHITEFACE BASE","24","100.0000","42401","Sulfur dioxide","","","36","New York","031","Essex","44.39308","-73.8589"
"11/21/2022","AQS","360310003","1","0.6","ppb","0","WHITEFACE BASE","24","100.0000","42401","Sulfur dioxide","","","36","New York","031","Essex","44.39308","-73.8589"
"11/22/2022","AQS","360310003","1","0.4","ppb","0","WHITEFACE BASE","24","100.0000","42401","Sulfur dioxide","","","36","New York","031","Essex","44.39308","-73.8589"
"11/23/2022","AQS","360310003","1","0.4","ppb","0","WHITEFACE BASE","24","100.0000","42401","Sulfur dioxide","","","36","New York","031","Essex","44.39308","-73.8589"
"11/24/2022","AQS","360310003","1","0.6","ppb","0","WHITEFACE BASE","24","100.0000","42401","Sulfur dioxide","","","36","New York","031","Essex","44.39308","-73.8589"
"11/25/2022","AQS","360310003","1","0.9","ppb","0","WHITEFACE BASE","24","100.0000","42401","Sulfur dioxide","","","36","New York","031","Essex","44.39308","-73.8589"
"11/26/2022","AQS","360310003","1","0.3","ppb","0","WHITEFACE BASE","24","100.0000","42401","Sulfur dioxide","","","36","New York","031","Essex","44.39308","-73.8589"
"11/27/2022","AQS","360310003","1","0.4","ppb","0","WHITEFACE BASE","24","100.0000","42401","Sulfur dioxide","","","36","New York","031","Essex","44.39308","-73.8589"
"11/28/2022","AQS","360310003","1","0.2","ppb","0","WHITEFACE BASE","24","100.0000","42401","Sulfur dioxide","","","36","New York","031","Essex","44.39308","-73.8589"
"11/29/2022","AQS","360310003","1","0.2","ppb","0","WHITEFACE BASE","24","100.0000","42401","Sulfur dioxide","","","36","New York","031","Essex","44.39308","-73.8589"
"11/30/2022","AQS","360310003","1","0.2","ppb","0","WHITEFACE BASE","24","100.0000","42401","Sulfur dioxide","","","36","New York","031","Essex","44.39308","-73.8589"
"12/01/2022","AQS","360310003","1","0.2","ppb","0","WHITEFACE BASE","21","88.0000","42401","Sulfur dioxide","","","36","New York","031","Essex","44.39308","-73.8589"
"12/02/2022","AQS","360310003","1","0.1","ppb","0","WHITEFACE BASE","24","100.0000","42401","Sulfur dioxide","","","36","New York","031","Essex","44.39308","-73.8589"
"12/03/2022","AQS","360310003","1","0.2","ppb","0","WHITEFACE BASE","24","100.0000","42401","Sulfur dioxide","","","36","New York","031","Essex","44.39308","-73.8589"
"12/04/2022","AQS","360310003","1","0.1","ppb","0","WHITEFACE BASE","24","100.0000","42401","Sulfur dioxide","","","36","New York","031","Essex","44.39308","-73.8589"
"12/05/2022","AQS","360310003","1","0.2","ppb","0","WHITEFACE BASE","24","100.0000","42401","Sulfur dioxide","","","36","New York","031","Essex","44.39308","-73.8589"
"12/06/2022","AQS","360310003","1","0.2","ppb","0","WHITEFACE BASE","24","100.0000","42401","Sulfur dioxide","","","36","New York","031","Essex","44.39308","-73.8589"
"12/07/2022","AQS","360310003","1","0","ppb","0","WHITEFACE BASE","22","92.0000","42401","Sulfur dioxide","","","36","New York","031","Essex","44.39308","-73.8589"
"12/08/2022","AQS","360310003","1","0","ppb","0","WHITEFACE BASE","24","100.0000","42401","Sulfur dioxide","","","36","New York","031","Essex","44.39308","-73.8589"
"12/09/2022","AQS","360310003","1","0.5","ppb","0","WHITEFACE BASE","24","100.0000","42401","Sulfur dioxide","","","36","New York","031","Essex","44.39308","-73.8589"
"12/10/2022","AQS","360310003","1","0.2","ppb","0","WHITEFACE BASE","24","100.0000","42401","Sulfur dioxide","","","36","New York","031","Essex","44.39308","-73.8589"
"12/11/2022","AQS","360310003","1","0.1","ppb","0","WHITEFACE BASE","24","100.0000","42401","Sulfur dioxide","","","36","New York","031","Essex","44.39308","-73.8589"
"12/12/2022","AQS","360310003","1","0.2","ppb","0","WHITEFACE BASE","24","100.0000","42401","Sulfur dioxide","","","36","New York","031","Essex","44.39308","-73.8589"
"12/13/2022","AQS","360310003","1","0.1","ppb","0","WHITEFACE BASE","24","100.0000","42401","Sulfur dioxide","","","36","New York","031","Essex","44.39308","-73.8589"
"12/14/2022","AQS","360310003","1","0.2","ppb","0","WHITEFACE BASE","24","100.0000","42401","Sulfur dioxide","","","36","New York","031","Essex","44.39308","-73.8589"
"12/15/2022","AQS","360310003","1","0.2","ppb","0","WHITEFACE BASE","21","88.0000","42401","Sulfur dioxide","","","36","New York","031","Essex","44.39308","-73.8589"
"12/16/2022","AQS","360310003","1","0.1","ppb","0","WHITEFACE BASE","23","96.0000","42401","Sulfur dioxide","","","36","New York","031","Essex","44.39308","-73.8589"
"12/18/2022","AQS","360310003","1","0.3","ppb","0","WHITEFACE BASE","24","100.0000","42401","Sulfur dioxide","","","36","New York","031","Essex","44.39308","-73.8589"
"12/19/2022","AQS","360310003","1","0.3","ppb","0","WHITEFACE BASE","24","100.0000","42401","Sulfur dioxide","","","36","New York","031","Essex","44.39308","-73.8589"
"12/20/2022","AQS","360310003","1","0.2","ppb","0","WHITEFACE BASE","24","100.0000","42401","Sulfur dioxide","","","36","New York","031","Essex","44.39308","-73.8589"
"12/21/2022","AQS","360310003","1","0.3","ppb","0","WHITEFACE BASE","24","100.0000","42401","Sulfur dioxide","","","36","New York","031","Essex","44.39308","-73.8589"
"12/22/2022","AQS","360310003","1","0.2","ppb","0","WHITEFACE BASE","22","92.0000","42401","Sulfur dioxide","","","36","New York","031","Essex","44.39308","-73.8589"
"12/23/2022","AQS","360310003","1","0.1","ppb","0","WHITEFACE BASE","24","100.0000","42401","Sulfur dioxide","","","36","New York","031","Essex","44.39308","-73.8589"
"12/24/2022","AQS","360310003","1","0.1","ppb","0","WHITEFACE BASE","24","100.0000","42401","Sulfur dioxide","","","36","New York","031","Essex","44.39308","-73.8589"
"12/25/2022","AQS","360310003","1","0.1","ppb","0","WHITEFACE BASE","24","100.0000","42401","Sulfur dioxide","","","36","New York","031","Essex","44.39308","-73.8589"
"12/26/2022","AQS","360310003","1","0.2","ppb","0","WHITEFACE BASE","24","100.0000","42401","Sulfur dioxide","","","36","New York","031","Essex","44.39308","-73.8589"
"12/27/2022","AQS","360310003","1","0.4","ppb","0","WHITEFACE BASE","24","100.0000","42401","Sulfur dioxide","","","36","New York","031","Essex","44.39308","-73.8589"
"12/28/2022","AQS","360310003","1","0.6","ppb","0","WHITEFACE BASE","24","100.0000","42401","Sulfur dioxide","","","36","New York","031","Essex","44.39308","-73.8589"
"12/29/2022","AQS","360310003","1","0.4","ppb","0","WHITEFACE BASE","22","92.0000","42401","Sulfur dioxide","","","36","New York","031","Essex","44.39308","-73.8589"
"12/30/2022","AQS","360310003","1","0.2","ppb","0","WHITEFACE BASE","24","100.0000","42401","Sulfur dioxide","","","36","New York","031","Essex","44.39308","-73.8589"
"12/31/2022","AQS","360310003","1","0.2","ppb","0","WHITEFACE BASE","24","100.0000","42401","Sulfur dioxide","","","36","New York","031","Essex","44.39308","-73.8589"
"01/01/2022","AQS","360410005","1","0.4","ppb","0","PISECO LAKE","24","100.0000","42401","Sulfur dioxide","","","36","New York","041","Hamilton","43.44957","-74.51625"
"01/02/2022","AQS","360410005","1","0","ppb","0","PISECO LAKE","24","100.0000","42401","Sulfur dioxide","","","36","New York","041","Hamilton","43.44957","-74.51625"
"01/03/2022","AQS","360410005","1","0","ppb","0","PISECO LAKE","24","100.0000","42401","Sulfur dioxide","","","36","New York","041","Hamilton","43.44957","-74.51625"
"01/04/2022","AQS","360410005","1","0.2","ppb","0","PISECO LAKE","22","92.0000","42401","Sulfur dioxide","","","36","New York","041","Hamilton","43.44957","-74.51625"
"01/05/2022","AQS","360410005","1","0.1","ppb","0","PISECO LAKE","24","100.0000","42401","Sulfur dioxide","","","36","New York","041","Hamilton","43.44957","-74.51625"
"01/06/2022","AQS","360410005","1","0.1","ppb","0","PISECO LAKE","24","100.0000","42401","Sulfur dioxide","","","36","New York","041","Hamilton","43.44957","-74.51625"
"01/07/2022","AQS","360410005","1","0.1","ppb","0","PISECO LAKE","24","100.0000","42401","Sulfur dioxide","","","36","New York","041","Hamilton","43.44957","-74.51625"
"01/08/2022","AQS","360410005","1","0.1","ppb","0","PISECO LAKE","24","100.0000","42401","Sulfur dioxide","","","36","New York","041","Hamilton","43.44957","-74.51625"
"01/09/2022","AQS","360410005","1","0.2","ppb","0","PISECO LAKE","24","100.0000","42401","Sulfur dioxide","","","36","New York","041","Hamilton","43.44957","-74.51625"
"01/10/2022","AQS","360410005","1","0.1","ppb","0","PISECO LAKE","24","100.0000","42401","Sulfur dioxide","","","36","New York","041","Hamilton","43.44957","-74.51625"
"01/11/2022","AQS","360410005","1","0.1","ppb","0","PISECO LAKE","21","88.0000","42401","Sulfur dioxide","","","36","New York","041","Hamilton","43.44957","-74.51625"
"01/12/2022","AQS","360410005","1","0.6","ppb","0","PISECO LAKE","24","100.0000","42401","Sulfur dioxide","","","36","New York","041","Hamilton","43.44957","-74.51625"
"01/13/2022","AQS","360410005","1","0.3","ppb","0","PISECO LAKE","24","100.0000","42401","Sulfur dioxide","","","36","New York","041","Hamilton","43.44957","-74.51625"
"01/14/2022","AQS","360410005","1","0.3","ppb","0","PISECO LAKE","24","100.0000","42401","Sulfur dioxide","","","36","New York","041","Hamilton","43.44957","-74.51625"
"01/15/2022","AQS","360410005","1","0.5","ppb","0","PISECO LAKE","24","100.0000","42401","Sulfur dioxide","","","36","New York","041","Hamilton","43.44957","-74.51625"
"01/16/2022","AQS","360410005","1","0.2","ppb","0","PISECO LAKE","24","100.0000","42401","Sulfur dioxide","","","36","New York","041","Hamilton","43.44957","-74.51625"
"01/17/2022","AQS","360410005","1","0.2","ppb","0","PISECO LAKE","24","100.0000","42401","Sulfur dioxide","","","36","New York","041","Hamilton","43.44957","-74.51625"
"01/18/2022","AQS","360410005","1","0.3","ppb","0","PISECO LAKE","21","88.0000","42401","Sulfur dioxide","","","36","New York","041","Hamilton","43.44957","-74.51625"
"01/19/2022","AQS","360410005","1","0.4","ppb","0","PISECO LAKE","24","100.0000","42401","Sulfur dioxide","","","36","New York","041","Hamilton","43.44957","-74.51625"
"01/20/2022","AQS","360410005","1","0.2","ppb","0","PISECO LAKE","24","100.0000","42401","Sulfur dioxide","","","36","New York","041","Hamilton","43.44957","-74.51625"
"01/21/2022","AQS","360410005","1","0.2","ppb","0","PISECO LAKE","24","100.0000","42401","Sulfur dioxide","","","36","New York","041","Hamilton","43.44957","-74.51625"
"01/22/2022","AQS","360410005","1","0.6","ppb","0","PISECO LAKE","24","100.0000","42401","Sulfur dioxide","","","36","New York","041","Hamilton","43.44957","-74.51625"
"01/23/2022","AQS","360410005","1","0.8","ppb","0","PISECO LAKE","24","100.0000","42401","Sulfur dioxide","","","36","New York","041","Hamilton","43.44957","-74.51625"
"01/24/2022","AQS","360410005","1","0.2","ppb","0","PISECO LAKE","24","100.0000","42401","Sulfur dioxide","","","36","New York","041","Hamilton","43.44957","-74.51625"
"01/25/2022","AQS","360410005","1","0.5","ppb","0","PISECO LAKE","24","100.0000","42401","Sulfur dioxide","","","36","New York","041","Hamilton","43.44957","-74.51625"
"01/26/2022","AQS","360410005","1","0.7","ppb","0","PISECO LAKE","24","100.0000","42401","Sulfur dioxide","","","36","New York","041","Hamilton","43.44957","-74.51625"
"01/27/2022","AQS","360410005","1","0.9","ppb","0","PISECO LAKE","19","79.0000","42401","Sulfur dioxide","","","36","New York","041","Hamilton","43.44957","-74.51625"
"01/28/2022","AQS","360410005","1","0.9","ppb","0","PISECO LAKE","24","100.0000","42401","Sulfur dioxide","","","36","New York","041","Hamilton","43.44957","-74.51625"
"01/29/2022","AQS","360410005","1","0.4","ppb","0","PISECO LAKE","24","100.0000","42401","Sulfur dioxide","","","36","New York","041","Hamilton","43.44957","-74.51625"
"01/30/2022","AQS","360410005","1","0.2","ppb","0","PISECO LAKE","24","100.0000","42401","Sulfur dioxide","","","36","New York","041","Hamilton","43.44957","-74.51625"
"01/31/2022","AQS","360410005","1","0.4","ppb","0","PISECO LAKE","24","100.0000","42401","Sulfur dioxide","","","36","New York","041","Hamilton","43.44957","-74.51625"
"02/01/2022","AQS","360410005","1","0.4","ppb","0","PISECO LAKE","21","88.0000","42401","Sulfur dioxide","","","36","New York","041","Hamilton","43.44957","-74.51625"
"02/02/2022","AQS","360410005","1","1.6","ppb","1","PISECO LAKE","24","100.0000","42401","Sulfur dioxide","","","36","New York","041","Hamilton","43.44957","-74.51625"
"02/03/2022","AQS","360410005","1","0.2","ppb","0","PISECO LAKE","24","100.0000","42401","Sulfur dioxide","","","36","New York","041","Hamilton","43.44957","-74.51625"
"02/04/2022","AQS","360410005","1","0.2","ppb","0","PISECO LAKE","24","100.0000","42401","Sulfur dioxide","","","36","New York","041","Hamilton","43.44957","-74.51625"
"02/05/2022","AQS","360410005","1","0.2","ppb","0","PISECO LAKE","24","100.0000","42401","Sulfur dioxide","","","36","New York","041","Hamilton","43.44957","-74.51625"
"02/06/2022","AQS","360410005","1","0.2","ppb","0","PISECO LAKE","24","100.0000","42401","Sulfur dioxide","","","36","New York","041","Hamilton","43.44957","-74.51625"
"02/07/2022","AQS","360410005","1","0.3","ppb","0","PISECO LAKE","24","100.0000","42401","Sulfur dioxide","","","36","New York","041","Hamilton","43.44957","-74.51625"
"02/08/2022","AQS","360410005","1","0.4","ppb","0","PISECO LAKE","20","83.0000","42401","Sulfur dioxide","","","36","New York","041","Hamilton","43.44957","-74.51625"
"02/09/2022","AQS","360410005","1","0.7","ppb","0","PISECO LAKE","24","100.0000","42401","Sulfur dioxide","","","36","New York","041","Hamilton","43.44957","-74.51625"
"02/10/2022","AQS","360410005","1","0.2","ppb","0","PISECO LAKE","24","100.0000","42401","Sulfur dioxide","","","36","New York","041","Hamilton","43.44957","-74.51625"
"02/11/2022","AQS","360410005","1","0.6","ppb","0","PISECO LAKE","24","100.0000","42401","Sulfur dioxide","","","36","New York","041","Hamilton","43.44957","-74.51625"
"02/12/2022","AQS","360410005","1","0.2","ppb","0","PISECO LAKE","24","100.0000","42401","Sulfur dioxide","","","36","New York","041","Hamilton","43.44957","-74.51625"
"02/13/2022","AQS","360410005","1","0.1","ppb","0","PISECO LAKE","24","100.0000","42401","Sulfur dioxide","","","36","New York","041","Hamilton","43.44957","-74.51625"
"02/14/2022","AQS","360410005","1","0.3","ppb","0","PISECO LAKE","24","100.0000","42401","Sulfur dioxide","","","36","New York","041","Hamilton","43.44957","-74.51625"
"02/15/2022","AQS","360410005","1","0.4","ppb","0","PISECO LAKE","21","88.0000","42401","Sulfur dioxide","","","36","New York","041","Hamilton","43.44957","-74.51625"
"02/16/2022","AQS","360410005","1","0.6","ppb","0","PISECO LAKE","24","100.0000","42401","Sulfur dioxide","","","36","New York","041","Hamilton","43.44957","-74.51625"
"02/17/2022","AQS","360410005","1","0.2","ppb","0","PISECO LAKE","24","100.0000","42401","Sulfur dioxide","","","36","New York","041","Hamilton","43.44957","-74.51625"
"02/18/2022","AQS","360410005","1","0.1","ppb","0","PISECO LAKE","24","100.0000","42401","Sulfur dioxide","","","36","New York","041","Hamilton","43.44957","-74.51625"
"02/19/2022","AQS","360410005","1","0.2","ppb","0","PISECO LAKE","24","100.0000","42401","Sulfur dioxide","","","36","New York","041","Hamilton","43.44957","-74.51625"
"02/20/2022","AQS","360410005","1","0.2","ppb","0","PISECO LAKE","24","100.0000","42401","Sulfur dioxide","","","36","New York","041","Hamilton","43.44957","-74.51625"
"02/21/2022","AQS","360410005","1","0.4","ppb","0","PISECO LAKE","24","100.0000","42401","Sulfur dioxide","","","36","New York","041","Hamilton","43.44957","-74.51625"
"02/22/2022","AQS","360410005","1","0.3","ppb","0","PISECO LAKE","21","88.0000","42401","Sulfur dioxide","","","36","New York","041","Hamilton","43.44957","-74.51625"
"02/23/2022","AQS","360410005","1","0.1","ppb","0","PISECO LAKE","24","100.0000","42401","Sulfur dioxide","","","36","New York","041","Hamilton","43.44957","-74.51625"
"02/24/2022","AQS","360410005","1","0.1","ppb","0","PISECO LAKE","24","100.0000","42401","Sulfur dioxide","","","36","New York","041","Hamilton","43.44957","-74.51625"
"02/25/2022","AQS","360410005","1","0.3","ppb","0","PISECO LAKE","24","100.0000","42401","Sulfur dioxide","","","36","New York","041","Hamilton","43.44957","-74.51625"
"02/26/2022","AQS","360410005","1","0.3","ppb","0","PISECO LAKE","24","100.0000","42401","Sulfur dioxide","","","36","New York","041","Hamilton","43.44957","-74.51625"
"02/27/2022","AQS","360410005","1","0.2","ppb","0","PISECO LAKE","24","100.0000","42401","Sulfur dioxide","","","36","New York","041","Hamilton","43.44957","-74.51625"
"02/28/2022","AQS","360410005","1","0.2","ppb","0","PISECO LAKE","24","100.0000","42401","Sulfur dioxide","","","36","New York","041","Hamilton","43.44957","-74.51625"
"03/01/2022","AQS","360410005","1","0.3","ppb","0","PISECO LAKE","20","83.0000","42401","Sulfur dioxide","","","36","New York","041","Hamilton","43.44957","-74.51625"
"03/02/2022","AQS","360410005","1","0.2","ppb","0","PISECO LAKE","24","100.0000","42401","Sulfur dioxide","","","36","New York","041","Hamilton","43.44957","-74.51625"
"03/03/2022","AQS","360410005","1","0.2","ppb","0","PISECO LAKE","24","100.0000","42401","Sulfur dioxide","","","36","New York","041","Hamilton","43.44957","-74.51625"
"03/04/2022","AQS","360410005","1","0.2","ppb","0","PISECO LAKE","24","100.0000","42401","Sulfur dioxide","","","36","New York","041","Hamilton","43.44957","-74.51625"
"03/05/2022","AQS","360410005","1","0.3","ppb","0","PISECO LAKE","24","100.0000","42401","Sulfur dioxide","","","36","New York","041","Hamilton","43.44957","-74.51625"
"03/06/2022","AQS","360410005","1","0.5","ppb","0","PISECO LAKE","24","100.0000","42401","Sulfur dioxide","","","36","New York","041","Hamilton","43.44957","-74.51625"
"03/07/2022","AQS","360410005","1","0.1","ppb","0","PISECO LAKE","24","100.0000","42401","Sulfur dioxide","","","36","New York","041","Hamilton","43.44957","-74.51625"
"03/08/2022","AQS","360410005","1","0.1","ppb","0","PISECO LAKE","21","88.0000","42401","Sulfur dioxide","","","36","New York","041","Hamilton","43.44957","-74.51625"
"03/09/2022","AQS","360410005","1","0.2","ppb","0","PISECO LAKE","24","100.0000","42401","Sulfur dioxide","","","36","New York","041","Hamilton","43.44957","-74.51625"
"03/10/2022","AQS","360410005","1","0.2","ppb","0","PISECO LAKE","24","100.0000","42401","Sulfur dioxide","","","36","New York","041","Hamilton","43.44957","-74.51625"
"03/11/2022","AQS","360410005","1","0.5","ppb","0","PISECO LAKE","24","100.0000","42401","Sulfur dioxide","","","36","New York","041","Hamilton","43.44957","-74.51625"
"03/12/2022","AQS","360410005","1","0.2","ppb","0","PISECO LAKE","24","100.0000","42401","Sulfur dioxide","","","36","New York","041","Hamilton","43.44957","-74.51625"
"03/13/2022","AQS","360410005","1","0.3","ppb","0","PISECO LAKE","24","100.0000","42401","Sulfur dioxide","","","36","New York","041","Hamilton","43.44957","-74.51625"
"03/14/2022","AQS","360410005","1","0.5","ppb","0","PISECO LAKE","24","100.0000","42401","Sulfur dioxide","","","36","New York","041","Hamilton","43.44957","-74.51625"
"03/15/2022","AQS","360410005","1","0.7","ppb","0","PISECO LAKE","20","83.0000","42401","Sulfur dioxide","","","36","New York","041","Hamilton","43.44957","-74.51625"
"03/16/2022","AQS","360410005","1","0.1","ppb","0","PISECO LAKE","24","100.0000","42401","Sulfur dioxide","","","36","New York","041","Hamilton","43.44957","-74.51625"
"03/17/2022","AQS","360410005","1","0.5","ppb","0","PISECO LAKE","24","100.0000","42401","Sulfur dioxide","","","36","New York","041","Hamilton","43.44957","-74.51625"
"03/18/2022","AQS","360410005","1","1.2","ppb","1","PISECO LAKE","24","100.0000","42401","Sulfur dioxide","","","36","New York","041","Hamilton","43.44957","-74.51625"
"03/19/2022","AQS","360410005","1","0.3","ppb","0","PISECO LAKE","24","100.0000","42401","Sulfur dioxide","","","36","New York","041","Hamilton","43.44957","-74.51625"
"03/20/2022","AQS","360410005","1","0.1","ppb","0","PISECO LAKE","24","100.0000","42401","Sulfur dioxide","","","36","New York","041","Hamilton","43.44957","-74.51625"
"03/21/2022","AQS","360410005","1","0.2","ppb","0","PISECO LAKE","24","100.0000","42401","Sulfur dioxide","","","36","New York","041","Hamilton","43.44957","-74.51625"
"03/22/2022","AQS","360410005","1","0.1","ppb","0","PISECO LAKE","21","88.0000","42401","Sulfur dioxide","","","36","New York","041","Hamilton","43.44957","-74.51625"
"03/23/2022","AQS","360410005","1","0.1","ppb","0","PISECO LAKE","24","100.0000","42401","Sulfur dioxide","","","36","New York","041","Hamilton","43.44957","-74.51625"
"03/24/2022","AQS","360410005","1","0.1","ppb","0","PISECO LAKE","24","100.0000","42401","Sulfur dioxide","","","36","New York","041","Hamilton","43.44957","-74.51625"
"03/25/2022","AQS","360410005","1","0.1","ppb","0","PISECO LAKE","24","100.0000","42401","Sulfur dioxide","","","36","New York","041","Hamilton","43.44957","-74.51625"
"03/26/2022","AQS","360410005","1","0.1","ppb","0","PISECO LAKE","24","100.0000","42401","Sulfur dioxide","","","36","New York","041","Hamilton","43.44957","-74.51625"
"03/27/2022","AQS","360410005","1","0.1","ppb","0","PISECO LAKE","24","100.0000","42401","Sulfur dioxide","","","36","New York","041","Hamilton","43.44957","-74.51625"
"03/28/2022","AQS","360410005","1","0.2","ppb","0","PISECO LAKE","24","100.0000","42401","Sulfur dioxide","","","36","New York","041","Hamilton","43.44957","-74.51625"
"03/29/2022","AQS","360410005","1","0.4","ppb","0","PISECO LAKE","21","88.0000","42401","Sulfur dioxide","","","36","New York","041","Hamilton","43.44957","-74.51625"
"03/30/2022","AQS","360410005","1","0.3","ppb","0","PISECO LAKE","24","100.0000","42401","Sulfur dioxide","","","36","New York","041","Hamilton","43.44957","-74.51625"
"03/31/2022","AQS","360410005","1","0.2","ppb","0","PISECO LAKE","24","100.0000","42401","Sulfur dioxide","","","36","New York","041","Hamilton","43.44957","-74.51625"
"04/02/2022","AQS","360410005","1","0.1","ppb","0","PISECO LAKE","24","100.0000","42401","Sulfur dioxide","","","36","New York","041","Hamilton","43.44957","-74.51625"
"04/03/2022","AQS","360410005","1","0.2","ppb","0","PISECO LAKE","24","100.0000","42401","Sulfur dioxide","","","36","New York","041","Hamilton","43.44957","-74.51625"
"04/04/2022","AQS","360410005","1","0","ppb","0","PISECO LAKE","24","100.0000","42401","Sulfur dioxide","","","36","New York","041","Hamilton","43.44957","-74.51625"
"04/05/2022","AQS","360410005","1","0.1","ppb","0","PISECO LAKE","21","88.0000","42401","Sulfur dioxide","","","36","New York","041","Hamilton","43.44957","-74.51625"
"04/06/2022","AQS","360410005","1","0.1","ppb","0","PISECO LAKE","24","100.0000","42401","Sulfur dioxide","","","36","New York","041","Hamilton","43.44957","-74.51625"
"04/07/2022","AQS","360410005","1","0","ppb","0","PISECO LAKE","24","100.0000","42401","Sulfur dioxide","","","36","New York","041","Hamilton","43.44957","-74.51625"
"04/08/2022","AQS","360410005","1","0","ppb","0","PISECO LAKE","24","100.0000","42401","Sulfur dioxide","","","36","New York","041","Hamilton","43.44957","-74.51625"
"04/09/2022","AQS","360410005","1","0","ppb","0","PISECO LAKE","24","100.0000","42401","Sulfur dioxide","","","36","New York","041","Hamilton","43.44957","-74.51625"
"04/10/2022","AQS","360410005","1","0","ppb","0","PISECO LAKE","24","100.0000","42401","Sulfur dioxide","","","36","New York","041","Hamilton","43.44957","-74.51625"
"04/11/2022","AQS","360410005","1","0","ppb","0","PISECO LAKE","24","100.0000","42401","Sulfur dioxide","","","36","New York","041","Hamilton","43.44957","-74.51625"
"04/12/2022","AQS","360410005","1","0","ppb","0","PISECO LAKE","22","92.0000","42401","Sulfur dioxide","","","36","New York","041","Hamilton","43.44957","-74.51625"
"04/13/2022","AQS","360410005","1","0.1","ppb","0","PISECO LAKE","24","100.0000","42401","Sulfur dioxide","","","36","New York","041","Hamilton","43.44957","-74.51625"
"04/14/2022","AQS","360410005","1","0.3","ppb","0","PISECO LAKE","24","100.0000","42401","Sulfur dioxide","","","36","New York","041","Hamilton","43.44957","-74.51625"
"04/15/2022","AQS","360410005","1","0.1","ppb","0","PISECO LAKE","24","100.0000","42401","Sulfur dioxide","","","36","New York","041","Hamilton","43.44957","-74.51625"
"04/16/2022","AQS","360410005","1","0","ppb","0","PISECO LAKE","24","100.0000","42401","Sulfur dioxide","","","36","New York","041","Hamilton","43.44957","-74.51625"
"04/17/2022","AQS","360410005","1","0","ppb","0","PISECO LAKE","24","100.0000","42401","Sulfur dioxide","","","36","New York","041","Hamilton","43.44957","-74.51625"
"04/27/2022","AQS","360410005","1","0","ppb","0","PISECO LAKE","24","100.0000","42401","Sulfur dioxide","","","36","New York","041","Hamilton","43.44957","-74.51625"
"04/28/2022","AQS","360410005","1","0","ppb","0","PISECO LAKE","24","100.0000","42401","Sulfur dioxide","","","36","New York","041","Hamilton","43.44957","-74.51625"
"04/29/2022","AQS","360410005","1","0.1","ppb","0","PISECO LAKE","24","100.0000","42401","Sulfur dioxide","","","36","New York","041","Hamilton","43.44957","-74.51625"
"04/30/2022","AQS","360410005","1","0.2","ppb","0","PISECO LAKE","24","100.0000","42401","Sulfur dioxide","","","36","New York","041","Hamilton","43.44957","-74.51625"
"05/01/2022","AQS","360410005","1","0.1","ppb","0","PISECO LAKE","24","100.0000","42401","Sulfur dioxide","","","36","New York","041","Hamilton","43.44957","-74.51625"
"05/02/2022","AQS","360410005","1","0.2","ppb","0","PISECO LAKE","21","88.0000","42401","Sulfur dioxide","","","36","New York","041","Hamilton","43.44957","-74.51625"
"05/03/2022","AQS","360410005","1","0.1","ppb","0","PISECO LAKE","24","100.0000","42401","Sulfur dioxide","","","36","New York","041","Hamilton","43.44957","-74.51625"
"05/04/2022","AQS","360410005","1","0","ppb","0","PISECO LAKE","24","100.0000","42401","Sulfur dioxide","","","36","New York","041","Hamilton","43.44957","-74.51625"
"05/05/2022","AQS","360410005","1","0.2","ppb","0","PISECO LAKE","20","83.0000","42401","Sulfur dioxide","","","36","New York","041","Hamilton","43.44957","-74.51625"
"05/06/2022","AQS","360410005","1","0.1","ppb","0","PISECO LAKE","21","88.0000","42401","Sulfur dioxide","","","36","New York","041","Hamilton","43.44957","-74.51625"
"05/07/2022","AQS","360410005","1","0.1","ppb","0","PISECO LAKE","24","100.0000","42401","Sulfur dioxide","","","36","New York","041","Hamilton","43.44957","-74.51625"
"05/08/2022","AQS","360410005","1","0.1","ppb","0","PISECO LAKE","24","100.0000","42401","Sulfur dioxide","","","36","New York","041","Hamilton","43.44957","-74.51625"
"05/09/2022","AQS","360410005","1","0.1","ppb","0","PISECO LAKE","24","100.0000","42401","Sulfur dioxide","","","36","New York","041","Hamilton","43.44957","-74.51625"
"05/10/2022","AQS","360410005","1","0.2","ppb","0","PISECO LAKE","21","88.0000","42401","Sulfur dioxide","","","36","New York","041","Hamilton","43.44957","-74.51625"
"05/11/2022","AQS","360410005","1","0.1","ppb","0","PISECO LAKE","24","100.0000","42401","Sulfur dioxide","","","36","New York","041","Hamilton","43.44957","-74.51625"
"05/12/2022","AQS","360410005","1","0.1","ppb","0","PISECO LAKE","24","100.0000","42401","Sulfur dioxide","","","36","New York","041","Hamilton","43.44957","-74.51625"
"05/13/2022","AQS","360410005","1","0.1","ppb","0","PISECO LAKE","24","100.0000","42401","Sulfur dioxide","","","36","New York","041","Hamilton","43.44957","-74.51625"
"05/14/2022","AQS","360410005","1","0","ppb","0","PISECO LAKE","24","100.0000","42401","Sulfur dioxide","","","36","New York","041","Hamilton","43.44957","-74.51625"
"05/15/2022","AQS","360410005","1","0","ppb","0","PISECO LAKE","24","100.0000","42401","Sulfur dioxide","","","36","New York","041","Hamilton","43.44957","-74.51625"
"05/16/2022","AQS","360410005","1","0.1","ppb","0","PISECO LAKE","24","100.0000","42401","Sulfur dioxide","","","36","New York","041","Hamilton","43.44957","-74.51625"
"05/17/2022","AQS","360410005","1","0","ppb","0","PISECO LAKE","21","88.0000","42401","Sulfur dioxide","","","36","New York","041","Hamilton","43.44957","-74.51625"
"05/18/2022","AQS","360410005","1","0.1","ppb","0","PISECO LAKE","24","100.0000","42401","Sulfur dioxide","","","36","New York","041","Hamilton","43.44957","-74.51625"
"05/19/2022","AQS","360410005","1","0.1","ppb","0","PISECO LAKE","18","75.0000","42401","Sulfur dioxide","","","36","New York","041","Hamilton","43.44957","-74.51625"
"05/25/2022","AQS","360410005","1","0.1","ppb","0","PISECO LAKE","24","100.0000","42401","Sulfur dioxide","","","36","New York","041","Hamilton","43.44957","-74.51625"
"05/26/2022","AQS","360410005","1","0.1","ppb","0","PISECO LAKE","24","100.0000","42401","Sulfur dioxide","","","36","New York","041","Hamilton","43.44957","-74.51625"
"05/27/2022","AQS","360410005","1","0.1","ppb","0","PISECO LAKE","24","100.0000","42401","Sulfur dioxide","","","36","New York","041","Hamilton","43.44957","-74.51625"
"05/28/2022","AQS","360410005","1","0","ppb","0","PISECO LAKE","24","100.0000","42401","Sulfur dioxide","","","36","New York","041","Hamilton","43.44957","-74.51625"
"05/29/2022","AQS","360410005","1","0.1","ppb","0","PISECO LAKE","24","100.0000","42401","Sulfur dioxide","","","36","New York","041","Hamilton","43.44957","-74.51625"
"05/30/2022","AQS","360410005","1","0.4","ppb","0","PISECO LAKE","24","100.0000","42401","Sulfur dioxide","","","36","New York","041","Hamilton","43.44957","-74.51625"
"05/31/2022","AQS","360410005","1","0.4","ppb","0","PISECO LAKE","19","79.0000","42401","Sulfur dioxide","","","36","New York","041","Hamilton","43.44957","-74.51625"
"06/01/2022","AQS","360410005","1","0.2","ppb","0","PISECO LAKE","24","100.0000","42401","Sulfur dioxide","","","36","New York","041","Hamilton","43.44957","-74.51625"
"06/02/2022","AQS","360410005","1","0.1","ppb","0","PISECO LAKE","24","100.0000","42401","Sulfur dioxide","","","36","New York","041","Hamilton","43.44957","-74.51625"
"06/03/2022","AQS","360410005","1","0.1","ppb","0","PISECO LAKE","24","100.0000","42401","Sulfur dioxide","","","36","New York","041","Hamilton","43.44957","-74.51625"
"06/04/2022","AQS","360410005","1","0.3","ppb","0","PISECO LAKE","24","100.0000","42401","Sulfur dioxide","","","36","New York","041","Hamilton","43.44957","-74.51625"
"06/05/2022","AQS","360410005","1","0.1","ppb","0","PISECO LAKE","24","100.0000","42401","Sulfur dioxide","","","36","New York","041","Hamilton","43.44957","-74.51625"
"06/06/2022","AQS","360410005","1","0.1","ppb","0","PISECO LAKE","24","100.0000","42401","Sulfur dioxide","","","36","New York","041","Hamilton","43.44957","-74.51625"
"06/07/2022","AQS","360410005","1","0.1","ppb","0","PISECO LAKE","21","88.0000","42401","Sulfur dioxide","","","36","New York","041","Hamilton","43.44957","-74.51625"
"06/08/2022","AQS","360410005","1","0","ppb","0","PISECO LAKE","24","100.0000","42401","Sulfur dioxide","","","36","New York","041","Hamilton","43.44957","-74.51625"
"06/09/2022","AQS","360410005","1","0","ppb","0","PISECO LAKE","24","100.0000","42401","Sulfur dioxide","","","36","New York","041","Hamilton","43.44957","-74.51625"
"06/10/2022","AQS","360410005","1","0","ppb","0","PISECO LAKE","24","100.0000","42401","Sulfur dioxide","","","36","New York","041","Hamilton","43.44957","-74.51625"
"06/11/2022","AQS","360410005","1","0","ppb","0","PISECO LAKE","24","100.0000","42401","Sulfur dioxide","","","36","New York","041","Hamilton","43.44957","-74.51625"
"06/12/2022","AQS","360410005","1","0","ppb","0","PISECO LAKE","24","100.0000","42401","Sulfur dioxide","","","36","New York","041","Hamilton","43.44957","-74.51625"
"06/13/2022","AQS","360410005","1","0","ppb","0","PISECO LAKE","24","100.0000","42401","Sulfur dioxide","","","36","New York","041","Hamilton","43.44957","-74.51625"
"06/14/2022","AQS","360410005","1","0","ppb","0","PISECO LAKE","21","88.0000","42401","Sulfur dioxide","","","36","New York","041","Hamilton","43.44957","-74.51625"
"06/15/2022","AQS","360410005","1","0","ppb","0","PISECO LAKE","24","100.0000","42401","Sulfur dioxide","","","36","New York","041","Hamilton","43.44957","-74.51625"
"06/16/2022","AQS","360410005","1","0","ppb","0","PISECO LAKE","24","100.0000","42401","Sulfur dioxide","","","36","New York","041","Hamilton","43.44957","-74.51625"
"06/17/2022","AQS","360410005","1","0","ppb","0","PISECO LAKE","24","100.0000","42401","Sulfur dioxide","","","36","New York","041","Hamilton","43.44957","-74.51625"
"06/18/2022","AQS","360410005","1","0","ppb","0","PISECO LAKE","24","100.0000","42401","Sulfur dioxide","","","36","New York","041","Hamilton","43.44957","-74.51625"
"06/19/2022","AQS","360410005","1","0","ppb","0","PISECO LAKE","24","100.0000","42401","Sulfur dioxide","","","36","New York","041","Hamilton","43.44957","-74.51625"
"06/20/2022","AQS","360410005","1","0","ppb","0","PISECO LAKE","24","100.0000","42401","Sulfur dioxide","","","36","New York","041","Hamilton","43.44957","-74.51625"
"06/21/2022","AQS","360410005","1","0","ppb","0","PISECO LAKE","18","75.0000","42401","Sulfur dioxide","","","36","New York","041","Hamilton","43.44957","-74.51625"
"06/22/2022","AQS","360410005","1","0","ppb","0","PISECO LAKE","24","100.0000","42401","Sulfur dioxide","","","36","New York","041","Hamilton","43.44957","-74.51625"
"06/23/2022","AQS","360410005","1","0","ppb","0","PISECO LAKE","21","88.0000","42401","Sulfur dioxide","","","36","New York","041","Hamilton","43.44957","-74.51625"
"06/24/2022","AQS","360410005","1","0","ppb","0","PISECO LAKE","24","100.0000","42401","Sulfur dioxide","","","36","New York","041","Hamilton","43.44957","-74.51625"
"06/25/2022","AQS","360410005","1","0","ppb","0","PISECO LAKE","24","100.0000","42401","Sulfur dioxide","","","36","New York","041","Hamilton","43.44957","-74.51625"
"06/26/2022","AQS","360410005","1","0","ppb","0","PISECO LAKE","24","100.0000","42401","Sulfur dioxide","","","36","New York","041","Hamilton","43.44957","-74.51625"
"06/27/2022","AQS","360410005","1","0","ppb","0","PISECO LAKE","24","100.0000","42401","Sulfur dioxide","","","36","New York","041","Hamilton","43.44957","-74.51625"
"06/28/2022","AQS","360410005","1","0","ppb","0","PISECO LAKE","21","88.0000","42401","Sulfur dioxide","","","36","New York","041","Hamilton","43.44957","-74.51625"
"06/29/2022","AQS","360410005","1","0","ppb","0","PISECO LAKE","24","100.0000","42401","Sulfur dioxide","","","36","New York","041","Hamilton","43.44957","-74.51625"
"06/30/2022","AQS","360410005","1","0","ppb","0","PISECO LAKE","24","100.0000","42401","Sulfur dioxide","","","36","New York","041","Hamilton","43.44957","-74.51625"
"07/01/2022","AQS","360410005","1","0.4","ppb","0","PISECO LAKE","24","100.0000","42401","Sulfur dioxide","","","36","New York","041","Hamilton","43.44957","-74.51625"
"07/02/2022","AQS","360410005","1","0","ppb","0","PISECO LAKE","24","100.0000","42401","Sulfur dioxide","","","36","New York","041","Hamilton","43.44957","-74.51625"
"07/03/2022","AQS","360410005","1","0","ppb","0","PISECO LAKE","24","100.0000","42401","Sulfur dioxide","","","36","New York","041","Hamilton","43.44957","-74.51625"
"07/04/2022","AQS","360410005","1","0","ppb","0","PISECO LAKE","24","100.0000","42401","Sulfur dioxide","","","36","New York","041","Hamilton","43.44957","-74.51625"
"07/05/2022","AQS","360410005","1","0","ppb","0","PISECO LAKE","24","100.0000","42401","Sulfur dioxide","","","36","New York","041","Hamilton","43.44957","-74.51625"
"07/06/2022","AQS","360410005","1","0","ppb","0","PISECO LAKE","24","100.0000","42401","Sulfur dioxide","","","36","New York","041","Hamilton","43.44957","-74.51625"
"07/07/2022","AQS","360410005","1","0","ppb","0","PISECO LAKE","24","100.0000","42401","Sulfur dioxide","","","36","New York","041","Hamilton","43.44957","-74.51625"
"07/08/2022","AQS","360410005","1","0","ppb","0","PISECO LAKE","19","79.0000","42401","Sulfur dioxide","","","36","New York","041","Hamilton","43.44957","-74.51625"
"07/09/2022","AQS","360410005","1","0","ppb","0","PISECO LAKE","24","100.0000","42401","Sulfur dioxide","","","36","New York","041","Hamilton","43.44957","-74.51625"
"07/10/2022","AQS","360410005","1","0","ppb","0","PISECO LAKE","24","100.0000","42401","Sulfur dioxide","","","36","New York","041","Hamilton","43.44957","-74.51625"
"07/11/2022","AQS","360410005","1","0","ppb","0","PISECO LAKE","24","100.0000","42401","Sulfur dioxide","","","36","New York","041","Hamilton","43.44957","-74.51625"
"07/12/2022","AQS","360410005","1","0","ppb","0","PISECO LAKE","21","88.0000","42401","Sulfur dioxide","","","36","New York","041","Hamilton","43.44957","-74.51625"
"07/13/2022","AQS","360410005","1","0","ppb","0","PISECO LAKE","24","100.0000","42401","Sulfur dioxide","","","36","New York","041","Hamilton","43.44957","-74.51625"
"07/14/2022","AQS","360410005","1","0","ppb","0","PISECO LAKE","24","100.0000","42401","Sulfur dioxide","","","36","New York","041","Hamilton","43.44957","-74.51625"
"07/15/2022","AQS","360410005","1","0","ppb","0","PISECO LAKE","24","100.0000","42401","Sulfur dioxide","","","36","New York","041","Hamilton","43.44957","-74.51625"
"07/16/2022","AQS","360410005","1","0","ppb","0","PISECO LAKE","24","100.0000","42401","Sulfur dioxide","","","36","New York","041","Hamilton","43.44957","-74.51625"
"07/17/2022","AQS","360410005","1","0","ppb","0","PISECO LAKE","24","100.0000","42401","Sulfur dioxide","","","36","New York","041","Hamilton","43.44957","-74.51625"
"07/18/2022","AQS","360410005","1","0","ppb","0","PISECO LAKE","21","88.0000","42401","Sulfur dioxide","","","36","New York","041","Hamilton","43.44957","-74.51625"
"07/19/2022","AQS","360410005","1","0","ppb","0","PISECO LAKE","24","100.0000","42401","Sulfur dioxide","","","36","New York","041","Hamilton","43.44957","-74.51625"
"07/20/2022","AQS","360410005","1","0","ppb","0","PISECO LAKE","24","100.0000","42401","Sulfur dioxide","","","36","New York","041","Hamilton","43.44957","-74.51625"
"07/21/2022","AQS","360410005","1","0","ppb","0","PISECO LAKE","24","100.0000","42401","Sulfur dioxide","","","36","New York","041","Hamilton","43.44957","-74.51625"
"07/22/2022","AQS","360410005","1","0","ppb","0","PISECO LAKE","24","100.0000","42401","Sulfur dioxide","","","36","New York","041","Hamilton","43.44957","-74.51625"
"07/23/2022","AQS","360410005","1","0.1","ppb","0","PISECO LAKE","24","100.0000","42401","Sulfur dioxide","","","36","New York","041","Hamilton","43.44957","-74.51625"
"07/24/2022","AQS","360410005","1","0","ppb","0","PISECO LAKE","24","100.0000","42401","Sulfur dioxide","","","36","New York","041","Hamilton","43.44957","-74.51625"
"07/25/2022","AQS","360410005","1","0","ppb","0","PISECO LAKE","24","100.0000","42401","Sulfur dioxide","","","36","New York","041","Hamilton","43.44957","-74.51625"
"07/26/2022","AQS","360410005","1","0","ppb","0","PISECO LAKE","23","96.0000","42401","Sulfur dioxide","","","36","New York","041","Hamilton","43.44957","-74.51625"
"07/27/2022","AQS","360410005","1","0","ppb","0","PISECO LAKE","24","100.0000","42401","Sulfur dioxide","","","36","New York","041","Hamilton","43.44957","-74.51625"
"07/28/2022","AQS","360410005","1","0","ppb","0","PISECO LAKE","24","100.0000","42401","Sulfur dioxide","","","36","New York","041","Hamilton","43.44957","-74.51625"
"07/29/2022","AQS","360410005","1","0","ppb","0","PISECO LAKE","24","100.0000","42401","Sulfur dioxide","","","36","New York","041","Hamilton","43.44957","-74.51625"
"07/30/2022","AQS","360410005","1","0","ppb","0","PISECO LAKE","24","100.0000","42401","Sulfur dioxide","","","36","New York","041","Hamilton","43.44957","-74.51625"
"07/31/2022","AQS","360410005","1","0","ppb","0","PISECO LAKE","24","100.0000","42401","Sulfur dioxide","","","36","New York","041","Hamilton","43.44957","-74.51625"
"08/01/2022","AQS","360410005","1","0","ppb","0","PISECO LAKE","24","100.0000","42401","Sulfur dioxide","","","36","New York","041","Hamilton","43.44957","-74.51625"
"08/02/2022","AQS","360410005","1","0","ppb","0","PISECO LAKE","21","88.0000","42401","Sulfur dioxide","","","36","New York","041","Hamilton","43.44957","-74.51625"
"08/03/2022","AQS","360410005","1","0","ppb","0","PISECO LAKE","24","100.0000","42401","Sulfur dioxide","","","36","New York","041","Hamilton","43.44957","-74.51625"
"08/04/2022","AQS","360410005","1","0.1","ppb","0","PISECO LAKE","24","100.0000","42401","Sulfur dioxide","","","36","New York","041","Hamilton","43.44957","-74.51625"
"08/05/2022","AQS","360410005","1","0","ppb","0","PISECO LAKE","24","100.0000","42401","Sulfur dioxide","","","36","New York","041","Hamilton","43.44957","-74.51625"
"08/06/2022","AQS","360410005","1","0","ppb","0","PISECO LAKE","24","100.0000","42401","Sulfur dioxide","","","36","New York","041","Hamilton","43.44957","-74.51625"
"08/07/2022","AQS","360410005","1","0","ppb","0","PISECO LAKE","24","100.0000","42401","Sulfur dioxide","","","36","New York","041","Hamilton","43.44957","-74.51625"
"08/08/2022","AQS","360410005","1","0","ppb","0","PISECO LAKE","24","100.0000","42401","Sulfur dioxide","","","36","New York","041","Hamilton","43.44957","-74.51625"
"08/09/2022","AQS","360410005","1","0","ppb","0","PISECO LAKE","21","88.0000","42401","Sulfur dioxide","","","36","New York","041","Hamilton","43.44957","-74.51625"
"08/10/2022","AQS","360410005","1","0","ppb","0","PISECO LAKE","24","100.0000","42401","Sulfur dioxide","","","36","New York","041","Hamilton","43.44957","-74.51625"
"08/11/2022","AQS","360410005","1","0","ppb","0","PISECO LAKE","24","100.0000","42401","Sulfur dioxide","","","36","New York","041","Hamilton","43.44957","-74.51625"
"08/12/2022","AQS","360410005","1","0","ppb","0","PISECO LAKE","24","100.0000","42401","Sulfur dioxide","","","36","New York","041","Hamilton","43.44957","-74.51625"
"08/13/2022","AQS","360410005","1","0","ppb","0","PISECO LAKE","24","100.0000","42401","Sulfur dioxide","","","36","New York","041","Hamilton","43.44957","-74.51625"
"08/14/2022","AQS","360410005","1","0","ppb","0","PISECO LAKE","24","100.0000","42401","Sulfur dioxide","","","36","New York","041","Hamilton","43.44957","-74.51625"
"08/15/2022","AQS","360410005","1","0","ppb","0","PISECO LAKE","24","100.0000","42401","Sulfur dioxide","","","36","New York","041","Hamilton","43.44957","-74.51625"
"08/16/2022","AQS","360410005","1","0","ppb","0","PISECO LAKE","21","88.0000","42401","Sulfur dioxide","","","36","New York","041","Hamilton","43.44957","-74.51625"
"08/17/2022","AQS","360410005","1","0","ppb","0","PISECO LAKE","24","100.0000","42401","Sulfur dioxide","","","36","New York","041","Hamilton","43.44957","-74.51625"
"08/18/2022","AQS","360410005","1","0","ppb","0","PISECO LAKE","22","92.0000","42401","Sulfur dioxide","","","36","New York","041","Hamilton","43.44957","-74.51625"
"08/19/2022","AQS","360410005","1","0","ppb","0","PISECO LAKE","24","100.0000","42401","Sulfur dioxide","","","36","New York","041","Hamilton","43.44957","-74.51625"
"08/20/2022","AQS","360410005","1","0","ppb","0","PISECO LAKE","24","100.0000","42401","Sulfur dioxide","","","36","New York","041","Hamilton","43.44957","-74.51625"
"08/21/2022","AQS","360410005","1","0","ppb","0","PISECO LAKE","24","100.0000","42401","Sulfur dioxide","","","36","New York","041","Hamilton","43.44957","-74.51625"
"08/22/2022","AQS","360410005","1","0","ppb","0","PISECO LAKE","24","100.0000","42401","Sulfur dioxide","","","36","New York","041","Hamilton","43.44957","-74.51625"
"08/23/2022","AQS","360410005","1","0","ppb","0","PISECO LAKE","21","88.0000","42401","Sulfur dioxide","","","36","New York","041","Hamilton","43.44957","-74.51625"
"08/24/2022","AQS","360410005","1","0","ppb","0","PISECO LAKE","24","100.0000","42401","Sulfur dioxide","","","36","New York","041","Hamilton","43.44957","-74.51625"
"08/25/2022","AQS","360410005","1","0","ppb","0","PISECO LAKE","24","100.0000","42401","Sulfur dioxide","","","36","New York","041","Hamilton","43.44957","-74.51625"
"08/26/2022","AQS","360410005","1","0","ppb","0","PISECO LAKE","24","100.0000","42401","Sulfur dioxide","","","36","New York","041","Hamilton","43.44957","-74.51625"
"08/27/2022","AQS","360410005","1","0","ppb","0","PISECO LAKE","24","100.0000","42401","Sulfur dioxide","","","36","New York","041","Hamilton","43.44957","-74.51625"
"08/28/2022","AQS","360410005","1","0","ppb","0","PISECO LAKE","24","100.0000","42401","Sulfur dioxide","","","36","New York","041","Hamilton","43.44957","-74.51625"
"08/29/2022","AQS","360410005","1","0","ppb","0","PISECO LAKE","24","100.0000","42401","Sulfur dioxide","","","36","New York","041","Hamilton","43.44957","-74.51625"
"08/30/2022","AQS","360410005","1","0","ppb","0","PISECO LAKE","22","92.0000","42401","Sulfur dioxide","","","36","New York","041","Hamilton","43.44957","-74.51625"
"08/31/2022","AQS","360410005","1","0","ppb","0","PISECO LAKE","24","100.0000","42401","Sulfur dioxide","","","36","New York","041","Hamilton","43.44957","-74.51625"
"09/01/2022","AQS","360410005","1","0","ppb","0","PISECO LAKE","24","100.0000","42401","Sulfur dioxide","","","36","New York","041","Hamilton","43.44957","-74.51625"
"09/02/2022","AQS","360410005","1","0","ppb","0","PISECO LAKE","24","100.0000","42401","Sulfur dioxide","","","36","New York","041","Hamilton","43.44957","-74.51625"
"09/03/2022","AQS","360410005","1","0","ppb","0","PISECO LAKE","24","100.0000","42401","Sulfur dioxide","","","36","New York","041","Hamilton","43.44957","-74.51625"
"09/04/2022","AQS","360410005","1","0","ppb","0","PISECO LAKE","24","100.0000","42401","Sulfur dioxide","","","36","New York","041","Hamilton","43.44957","-74.51625"
"09/05/2022","AQS","360410005","1","0","ppb","0","PISECO LAKE","24","100.0000","42401","Sulfur dioxide","","","36","New York","041","Hamilton","43.44957","-74.51625"
"09/06/2022","AQS","360410005","1","0","ppb","0","PISECO LAKE","24","100.0000","42401","Sulfur dioxide","","","36","New York","041","Hamilton","43.44957","-74.51625"
"09/07/2022","AQS","360410005","1","0","ppb","0","PISECO LAKE","24","100.0000","42401","Sulfur dioxide","","","36","New York","041","Hamilton","43.44957","-74.51625"
"09/08/2022","AQS","360410005","1","0","ppb","0","PISECO LAKE","21","88.0000","42401","Sulfur dioxide","","","36","New York","041","Hamilton","43.44957","-74.51625"
"09/09/2022","AQS","360410005","1","0","ppb","0","PISECO LAKE","24","100.0000","42401","Sulfur dioxide","","","36","New York","041","Hamilton","43.44957","-74.51625"
"09/10/2022","AQS","360410005","1","0","ppb","0","PISECO LAKE","24","100.0000","42401","Sulfur dioxide","","","36","New York","041","Hamilton","43.44957","-74.51625"
"09/11/2022","AQS","360410005","1","0","ppb","0","PISECO LAKE","24","100.0000","42401","Sulfur dioxide","","","36","New York","041","Hamilton","43.44957","-74.51625"
"09/12/2022","AQS","360410005","1","0","ppb","0","PISECO LAKE","24","100.0000","42401","Sulfur dioxide","","","36","New York","041","Hamilton","43.44957","-74.51625"
"09/13/2022","AQS","360410005","1","0","ppb","0","PISECO LAKE","22","92.0000","42401","Sulfur dioxide","","","36","New York","041","Hamilton","43.44957","-74.51625"
"09/14/2022","AQS","360410005","1","0","ppb","0","PISECO LAKE","24","100.0000","42401","Sulfur dioxide","","","36","New York","041","Hamilton","43.44957","-74.51625"
"09/15/2022","AQS","360410005","1","0","ppb","0","PISECO LAKE","24","100.0000","42401","Sulfur dioxide","","","36","New York","041","Hamilton","43.44957","-74.51625"
"09/16/2022","AQS","360410005","1","0.1","ppb","0","PISECO LAKE","24","100.0000","42401","Sulfur dioxide","","","36","New York","041","Hamilton","43.44957","-74.51625"
"09/17/2022","AQS","360410005","1","0","ppb","0","PISECO LAKE","24","100.0000","42401","Sulfur dioxide","","","36","New York","041","Hamilton","43.44957","-74.51625"
"09/18/2022","AQS","360410005","1","0.1","ppb","0","PISECO LAKE","24","100.0000","42401","Sulfur dioxide","","","36","New York","041","Hamilton","43.44957","-74.51625"
"09/19/2022","AQS","360410005","1","0","ppb","0","PISECO LAKE","24","100.0000","42401","Sulfur dioxide","","","36","New York","041","Hamilton","43.44957","-74.51625"
"09/20/2022","AQS","360410005","1","0","ppb","0","PISECO LAKE","20","83.0000","42401","Sulfur dioxide","","","36","New York","041","Hamilton","43.44957","-74.51625"
"09/21/2022","AQS","360410005","1","0","ppb","0","PISECO LAKE","24","100.0000","42401","Sulfur dioxide","","","36","New York","041","Hamilton","43.44957","-74.51625"
"09/22/2022","AQS","360410005","1","0","ppb","0","PISECO LAKE","24","100.0000","42401","Sulfur dioxide","","","36","New York","041","Hamilton","43.44957","-74.51625"
"09/23/2022","AQS","360410005","1","0","ppb","0","PISECO LAKE","24","100.0000","42401","Sulfur dioxide","","","36","New York","041","Hamilton","43.44957","-74.51625"
"09/24/2022","AQS","360410005","1","0.1","ppb","0","PISECO LAKE","24","100.0000","42401","Sulfur dioxide","","","36","New York","041","Hamilton","43.44957","-74.51625"
"09/25/2022","AQS","360410005","1","0","ppb","0","PISECO LAKE","24","100.0000","42401","Sulfur dioxide","","","36","New York","041","Hamilton","43.44957","-74.51625"
"09/26/2022","AQS","360410005","1","0","ppb","0","PISECO LAKE","24","100.0000","42401","Sulfur dioxide","","","36","New York","041","Hamilton","43.44957","-74.51625"
"09/27/2022","AQS","360410005","1","0","ppb","0","PISECO LAKE","24","100.0000","42401","Sulfur dioxide","","","36","New York","041","Hamilton","43.44957","-74.51625"
"09/28/2022","AQS","360410005","1","0","ppb","0","PISECO LAKE","24","100.0000","42401","Sulfur dioxide","","","36","New York","041","Hamilton","43.44957","-74.51625"
"09/29/2022","AQS","360410005","1","0.2","ppb","0","PISECO LAKE","20","83.0000","42401","Sulfur dioxide","","","36","New York","041","Hamilton","43.44957","-74.51625"
"09/30/2022","AQS","360410005","1","0","ppb","0","PISECO LAKE","24","100.0000","42401","Sulfur dioxide","","","36","New York","041","Hamilton","43.44957","-74.51625"
"10/01/2022","AQS","360410005","1","0","ppb","0","PISECO LAKE","24","100.0000","42401","Sulfur dioxide","","","36","New York","041","Hamilton","43.44957","-74.51625"
"10/02/2022","AQS","360410005","1","0.1","ppb","0","PISECO LAKE","24","100.0000","42401","Sulfur dioxide","","","36","New York","041","Hamilton","43.44957","-74.51625"
"10/03/2022","AQS","360410005","1","0.1","ppb","0","PISECO LAKE","24","100.0000","42401","Sulfur dioxide","","","36","New York","041","Hamilton","43.44957","-74.51625"
"10/04/2022","AQS","360410005","1","0.1","ppb","0","PISECO LAKE","19","79.0000","42401","Sulfur dioxide","","","36","New York","041","Hamilton","43.44957","-74.51625"
"10/05/2022","AQS","360410005","1","0","ppb","0","PISECO LAKE","24","100.0000","42401","Sulfur dioxide","","","36","New York","041","Hamilton","43.44957","-74.51625"
"10/06/2022","AQS","360410005","1","0.2","ppb","0","PISECO LAKE","24","100.0000","42401","Sulfur dioxide","","","36","New York","041","Hamilton","43.44957","-74.51625"
"10/07/2022","AQS","360410005","1","0","ppb","0","PISECO LAKE","24","100.0000","42401","Sulfur dioxide","","","36","New York","041","Hamilton","43.44957","-74.51625"
"10/08/2022","AQS","360410005","1","0.1","ppb","0","PISECO LAKE","24","100.0000","42401","Sulfur dioxide","","","36","New York","041","Hamilton","43.44957","-74.51625"
"10/09/2022","AQS","360410005","1","0.1","ppb","0","PISECO LAKE","24","100.0000","42401","Sulfur dioxide","","","36","New York","041","Hamilton","43.44957","-74.51625"
"10/10/2022","AQS","360410005","1","0","ppb","0","PISECO LAKE","24","100.0000","42401","Sulfur dioxide","","","36","New York","041","Hamilton","43.44957","-74.51625"
"10/11/2022","AQS","360410005","1","0.3","ppb","0","PISECO LAKE","22","92.0000","42401","Sulfur dioxide","","","36","New York","041","Hamilton","43.44957","-74.51625"
"10/12/2022","AQS","360410005","1","0.1","ppb","0","PISECO LAKE","24","100.0000","42401","Sulfur dioxide","","","36","New York","041","Hamilton","43.44957","-74.51625"
"10/13/2022","AQS","360410005","1","0","ppb","0","PISECO LAKE","24","100.0000","42401","Sulfur dioxide","","","36","New York","041","Hamilton","43.44957","-74.51625"
"10/14/2022","AQS","360410005","1","0","ppb","0","PISECO LAKE","24","100.0000","42401","Sulfur dioxide","","","36","New York","041","Hamilton","43.44957","-74.51625"
"10/15/2022","AQS","360410005","1","0.2","ppb","0","PISECO LAKE","24","100.0000","42401","Sulfur dioxide","","","36","New York","041","Hamilton","43.44957","-74.51625"
"10/16/2022","AQS","360410005","1","0.1","ppb","0","PISECO LAKE","24","100.0000","42401","Sulfur dioxide","","","36","New York","041","Hamilton","43.44957","-74.51625"
"10/17/2022","AQS","360410005","1","0.1","ppb","0","PISECO LAKE","22","92.0000","42401","Sulfur dioxide","","","36","New York","041","Hamilton","43.44957","-74.51625"
"10/18/2022","AQS","360410005","1","0","ppb","0","PISECO LAKE","24","100.0000","42401","Sulfur dioxide","","","36","New York","041","Hamilton","43.44957","-74.51625"
"10/19/2022","AQS","360410005","1","0.1","ppb","0","PISECO LAKE","21","88.0000","42401","Sulfur dioxide","","","36","New York","041","Hamilton","43.44957","-74.51625"
"10/20/2022","AQS","360410005","1","0.2","ppb","0","PISECO LAKE","24","100.0000","42401","Sulfur dioxide","","","36","New York","041","Hamilton","43.44957","-74.51625"
"10/21/2022","AQS","360410005","1","0.3","ppb","0","PISECO LAKE","24","100.0000","42401","Sulfur dioxide","","","36","New York","041","Hamilton","43.44957","-74.51625"
"10/22/2022","AQS","360410005","1","0.3","ppb","0","PISECO LAKE","24","100.0000","42401","Sulfur dioxide","","","36","New York","041","Hamilton","43.44957","-74.51625"
"10/23/2022","AQS","360410005","1","0.2","ppb","0","PISECO LAKE","24","100.0000","42401","Sulfur dioxide","","","36","New York","041","Hamilton","43.44957","-74.51625"
"10/24/2022","AQS","360410005","1","0.1","ppb","0","PISECO LAKE","24","100.0000","42401","Sulfur dioxide","","","36","New York","041","Hamilton","43.44957","-74.51625"
"10/25/2022","AQS","360410005","1","0","ppb","0","PISECO LAKE","21","88.0000","42401","Sulfur dioxide","","","36","New York","041","Hamilton","43.44957","-74.51625"
"10/26/2022","AQS","360410005","1","0","ppb","0","PISECO LAKE","24","100.0000","42401","Sulfur dioxide","","","36","New York","041","Hamilton","43.44957","-74.51625"
"10/27/2022","AQS","360410005","1","0.2","ppb","0","PISECO LAKE","24","100.0000","42401","Sulfur dioxide","","","36","New York","041","Hamilton","43.44957","-74.51625"
"10/28/2022","AQS","360410005","1","0.1","ppb","0","PISECO LAKE","24","100.0000","42401","Sulfur dioxide","","","36","New York","041","Hamilton","43.44957","-74.51625"
"10/29/2022","AQS","360410005","1","0.1","ppb","0","PISECO LAKE","24","100.0000","42401","Sulfur dioxide","","","36","New York","041","Hamilton","43.44957","-74.51625"
"10/30/2022","AQS","360410005","1","0.1","ppb","0","PISECO LAKE","24","100.0000","42401","Sulfur dioxide","","","36","New York","041","Hamilton","43.44957","-74.51625"
"10/31/2022","AQS","360410005","1","0.3","ppb","0","PISECO LAKE","24","100.0000","42401","Sulfur dioxide","","","36","New York","041","Hamilton","43.44957","-74.51625"
"11/01/2022","AQS","360410005","1","0","ppb","0","PISECO LAKE","21","88.0000","42401","Sulfur dioxide","","","36","New York","041","Hamilton","43.44957","-74.51625"
"11/02/2022","AQS","360410005","1","0.1","ppb","0","PISECO LAKE","24","100.0000","42401","Sulfur dioxide","","","36","New York","041","Hamilton","43.44957","-74.51625"
"11/03/2022","AQS","360410005","1","0.2","ppb","0","PISECO LAKE","24","100.0000","42401","Sulfur dioxide","","","36","New York","041","Hamilton","43.44957","-74.51625"
"11/04/2022","AQS","360410005","1","0.2","ppb","0","PISECO LAKE","24","100.0000","42401","Sulfur dioxide","","","36","New York","041","Hamilton","43.44957","-74.51625"
"11/05/2022","AQS","360410005","1","0","ppb","0","PISECO LAKE","24","100.0000","42401","Sulfur dioxide","","","36","New York","041","Hamilton","43.44957","-74.51625"
"11/06/2022","AQS","360410005","1","0","ppb","0","PISECO LAKE","24","100.0000","42401","Sulfur dioxide","","","36","New York","041","Hamilton","43.44957","-74.51625"
"11/07/2022","AQS","360410005","1","0.2","ppb","0","PISECO LAKE","24","100.0000","42401","Sulfur dioxide","","","36","New York","041","Hamilton","43.44957","-74.51625"
"11/08/2022","AQS","360410005","1","0.1","ppb","0","PISECO LAKE","24","100.0000","42401","Sulfur dioxide","","","36","New York","041","Hamilton","43.44957","-74.51625"
"11/09/2022","AQS","360410005","1","0.1","ppb","0","PISECO LAKE","21","88.0000","42401","Sulfur dioxide","","","36","New York","041","Hamilton","43.44957","-74.51625"
"11/10/2022","AQS","360410005","1","0.2","ppb","0","PISECO LAKE","24","100.0000","42401","Sulfur dioxide","","","36","New York","041","Hamilton","43.44957","-74.51625"
"11/11/2022","AQS","360410005","1","0.1","ppb","0","PISECO LAKE","24","100.0000","42401","Sulfur dioxide","","","36","New York","041","Hamilton","43.44957","-74.51625"
"11/12/2022","AQS","360410005","1","0","ppb","0","PISECO LAKE","24","100.0000","42401","Sulfur dioxide","","","36","New York","041","Hamilton","43.44957","-74.51625"
"11/13/2022","AQS","360410005","1","0.1","ppb","0","PISECO LAKE","24","100.0000","42401","Sulfur dioxide","","","36","New York","041","Hamilton","43.44957","-74.51625"
"11/14/2022","AQS","360410005","1","0.1","ppb","0","PISECO LAKE","24","100.0000","42401","Sulfur dioxide","","","36","New York","041","Hamilton","43.44957","-74.51625"
"11/15/2022","AQS","360410005","1","0.2","ppb","0","PISECO LAKE","21","88.0000","42401","Sulfur dioxide","","","36","New York","041","Hamilton","43.44957","-74.51625"
"11/16/2022","AQS","360410005","1","0.3","ppb","0","PISECO LAKE","24","100.0000","42401","Sulfur dioxide","","","36","New York","041","Hamilton","43.44957","-74.51625"
"11/17/2022","AQS","360410005","1","0.1","ppb","0","PISECO LAKE","24","100.0000","42401","Sulfur dioxide","","","36","New York","041","Hamilton","43.44957","-74.51625"
"11/18/2022","AQS","360410005","1","0.1","ppb","0","PISECO LAKE","24","100.0000","42401","Sulfur dioxide","","","36","New York","041","Hamilton","43.44957","-74.51625"
"11/19/2022","AQS","360410005","1","0.3","ppb","0","PISECO LAKE","24","100.0000","42401","Sulfur dioxide","","","36","New York","041","Hamilton","43.44957","-74.51625"
"11/20/2022","AQS","360410005","1","0.3","ppb","0","PISECO LAKE","24","100.0000","42401","Sulfur dioxide","","","36","New York","041","Hamilton","43.44957","-74.51625"
"11/21/2022","AQS","360410005","1","0.5","ppb","0","PISECO LAKE","24","100.0000","42401","Sulfur dioxide","","","36","New York","041","Hamilton","43.44957","-74.51625"
"11/22/2022","AQS","360410005","1","0.2","ppb","0","PISECO LAKE","21","88.0000","42401","Sulfur dioxide","","","36","New York","041","Hamilton","43.44957","-74.51625"
"11/23/2022","AQS","360410005","1","0.5","ppb","0","PISECO LAKE","24","100.0000","42401","Sulfur dioxide","","","36","New York","041","Hamilton","43.44957","-74.51625"
"11/24/2022","AQS","360410005","1","0.4","ppb","0","PISECO LAKE","24","100.0000","42401","Sulfur dioxide","","","36","New York","041","Hamilton","43.44957","-74.51625"
"11/25/2022","AQS","360410005","1","0.2","ppb","0","PISECO LAKE","24","100.0000","42401","Sulfur dioxide","","","36","New York","041","Hamilton","43.44957","-74.51625"
"11/26/2022","AQS","360410005","1","0.2","ppb","0","PISECO LAKE","24","100.0000","42401","Sulfur dioxide","","","36","New York","041","Hamilton","43.44957","-74.51625"
"11/27/2022","AQS","360410005","1","0.2","ppb","0","PISECO LAKE","24","100.0000","42401","Sulfur dioxide","","","36","New York","041","Hamilton","43.44957","-74.51625"
"11/28/2022","AQS","360410005","1","0.1","ppb","0","PISECO LAKE","24","100.0000","42401","Sulfur dioxide","","","36","New York","041","Hamilton","43.44957","-74.51625"
"11/29/2022","AQS","360410005","1","0.1","ppb","0","PISECO LAKE","21","88.0000","42401","Sulfur dioxide","","","36","New York","041","Hamilton","43.44957","-74.51625"
"11/30/2022","AQS","360410005","1","0.1","ppb","0","PISECO LAKE","24","100.0000","42401","Sulfur dioxide","","","36","New York","041","Hamilton","43.44957","-74.51625"
"12/01/2022","AQS","360410005","1","0.1","ppb","0","PISECO LAKE","24","100.0000","42401","Sulfur dioxide","","","36","New York","041","Hamilton","43.44957","-74.51625"
"12/02/2022","AQS","360410005","1","0.2","ppb","0","PISECO LAKE","24","100.0000","42401","Sulfur dioxide","","","36","New York","041","Hamilton","43.44957","-74.51625"
"12/03/2022","AQS","360410005","1","0.2","ppb","0","PISECO LAKE","24","100.0000","42401","Sulfur dioxide","","","36","New York","041","Hamilton","43.44957","-74.51625"
"12/04/2022","AQS","360410005","1","0.1","ppb","0","PISECO LAKE","24","100.0000","42401","Sulfur dioxide","","","36","New York","041","Hamilton","43.44957","-74.51625"
"12/05/2022","AQS","360410005","1","0.5","ppb","0","PISECO LAKE","24","100.0000","42401","Sulfur dioxide","","","36","New York","041","Hamilton","43.44957","-74.51625"
"12/06/2022","AQS","360410005","1","0.2","ppb","0","PISECO LAKE","22","92.0000","42401","Sulfur dioxide","","","36","New York","041","Hamilton","43.44957","-74.51625"
"12/07/2022","AQS","360410005","1","0.1","ppb","0","PISECO LAKE","24","100.0000","42401","Sulfur dioxide","","","36","New York","041","Hamilton","43.44957","-74.51625"
"12/08/2022","AQS","360410005","1","0.1","ppb","0","PISECO LAKE","24","100.0000","42401","Sulfur dioxide","","","36","New York","041","Hamilton","43.44957","-74.51625"
"12/09/2022","AQS","360410005","1","0.1","ppb","0","PISECO LAKE","24","100.0000","42401","Sulfur dioxide","","","36","New York","041","Hamilton","43.44957","-74.51625"
"12/10/2022","AQS","360410005","1","0.2","ppb","0","PISECO LAKE","24","100.0000","42401","Sulfur dioxide","","","36","New York","041","Hamilton","43.44957","-74.51625"
"12/11/2022","AQS","360410005","1","0.1","ppb","0","PISECO LAKE","24","100.0000","42401","Sulfur dioxide","","","36","New York","041","Hamilton","43.44957","-74.51625"
"12/12/2022","AQS","360410005","1","0.2","ppb","0","PISECO LAKE","18","75.0000","42401","Sulfur dioxide","","","36","New York","041","Hamilton","43.44957","-74.51625"
"12/13/2022","AQS","360410005","1","0.2","ppb","0","PISECO LAKE","21","88.0000","42401","Sulfur dioxide","","","36","New York","041","Hamilton","43.44957","-74.51625"
"12/14/2022","AQS","360410005","1","0.2","ppb","0","PISECO LAKE","24","100.0000","42401","Sulfur dioxide","","","36","New York","041","Hamilton","43.44957","-74.51625"
"12/15/2022","AQS","360410005","1","0.2","ppb","0","PISECO LAKE","24","100.0000","42401","Sulfur dioxide","","","36","New York","041","Hamilton","43.44957","-74.51625"
"12/16/2022","AQS","360410005","1","0.1","ppb","0","PISECO LAKE","24","100.0000","42401","Sulfur dioxide","","","36","New York","041","Hamilton","43.44957","-74.51625"
"12/17/2022","AQS","360410005","1","0.2","ppb","0","PISECO LAKE","24","100.0000","42401","Sulfur dioxide","","","36","New York","041","Hamilton","43.44957","-74.51625"
"12/18/2022","AQS","360410005","1","0.2","ppb","0","PISECO LAKE","24","100.0000","42401","Sulfur dioxide","","","36","New York","041","Hamilton","43.44957","-74.51625"
"12/19/2022","AQS","360410005","1","0.3","ppb","0","PISECO LAKE","24","100.0000","42401","Sulfur dioxide","","","36","New York","041","Hamilton","43.44957","-74.51625"
"12/20/2022","AQS","360410005","1","0.2","ppb","0","PISECO LAKE","22","92.0000","42401","Sulfur dioxide","","","36","New York","041","Hamilton","43.44957","-74.51625"
"12/21/2022","AQS","360410005","1","0.2","ppb","0","PISECO LAKE","24","100.0000","42401","Sulfur dioxide","","","36","New York","041","Hamilton","43.44957","-74.51625"
"12/22/2022","AQS","360410005","1","0.2","ppb","0","PISECO LAKE","24","100.0000","42401","Sulfur dioxide","","","36","New York","041","Hamilton","43.44957","-74.51625"
"12/23/2022","AQS","360410005","1","0.1","ppb","0","PISECO LAKE","24","100.0000","42401","Sulfur dioxide","","","36","New York","041","Hamilton","43.44957","-74.51625"
"12/24/2022","AQS","360410005","1","0.3","ppb","0","PISECO LAKE","24","100.0000","42401","Sulfur dioxide","","","36","New York","041","Hamilton","43.44957","-74.51625"
"12/25/2022","AQS","360410005","1","0.3","ppb","0","PISECO LAKE","24","100.0000","42401","Sulfur dioxide","","","36","New York","041","Hamilton","43.44957","-74.51625"
"12/26/2022","AQS","360410005","1","0.3","ppb","0","PISECO LAKE","24","100.0000","42401","Sulfur dioxide","","","36","New York","041","Hamilton","43.44957","-74.51625"
"12/27/2022","AQS","360410005","1","0.4","ppb","0","PISECO LAKE","22","92.0000","42401","Sulfur dioxide","","","36","New York","041","Hamilton","43.44957","-74.51625"
"12/28/2022","AQS","360410005","1","0.9","ppb","0","PISECO LAKE","24","100.0000","42401","Sulfur dioxide","","","36","New York","041","Hamilton","43.44957","-74.51625"
"12/29/2022","AQS","360410005","1","0.4","ppb","0","PISECO LAKE","24","100.0000","42401","Sulfur dioxide","","","36","New York","041","Hamilton","43.44957","-74.51625"
"12/30/2022","AQS","360410005","1","0.4","ppb","0","PISECO LAKE","24","100.0000","42401","Sulfur dioxide","","","36","New York","041","Hamilton","43.44957","-74.51625"
"12/31/2022","AQS","360410005","1","0.2","ppb","0","PISECO LAKE","24","100.0000","42401","Sulfur dioxide","","","36","New York","041","Hamilton","43.44957","-74.51625"
"01/01/2022","AQS","360551007","3","0.3","ppb","0","ROCHESTER 2","24","100.0000","42401","Sulfur dioxide","40380","Rochester, NY","36","New York","055","Monroe","43.14618","-77.54817"
"01/02/2022","AQS","360551007","3","0.1","ppb","0","ROCHESTER 2","24","100.0000","42401","Sulfur dioxide","40380","Rochester, NY","36","New York","055","Monroe","43.14618","-77.54817"
"01/03/2022","AQS","360551007","3","0.3","ppb","0","ROCHESTER 2","23","96.0000","42401","Sulfur dioxide","40380","Rochester, NY","36","New York","055","Monroe","43.14618","-77.54817"
"01/04/2022","AQS","360551007","3","0.4","ppb","0","ROCHESTER 2","24","100.0000","42401","Sulfur dioxide","40380","Rochester, NY","36","New York","055","Monroe","43.14618","-77.54817"
"01/05/2022","AQS","360551007","3","0.3","ppb","0","ROCHESTER 2","24","100.0000","42401","Sulfur dioxide","40380","Rochester, NY","36","New York","055","Monroe","43.14618","-77.54817"
"01/06/2022","AQS","360551007","3","0.3","ppb","0","ROCHESTER 2","24","100.0000","42401","Sulfur dioxide","40380","Rochester, NY","36","New York","055","Monroe","43.14618","-77.54817"
"01/07/2022","AQS","360551007","3","0.6","ppb","0","ROCHESTER 2","24","100.0000","42401","Sulfur dioxide","40380","Rochester, NY","36","New York","055","Monroe","43.14618","-77.54817"
"01/08/2022","AQS","360551007","3","0.4","ppb","0","ROCHESTER 2","24","100.0000","42401","Sulfur dioxide","40380","Rochester, NY","36","New York","055","Monroe","43.14618","-77.54817"
"01/09/2022","AQS","360551007","3","0.4","ppb","0","ROCHESTER 2","24","100.0000","42401","Sulfur dioxide","40380","Rochester, NY","36","New York","055","Monroe","43.14618","-77.54817"
"01/10/2022","AQS","360551007","3","0.3","ppb","0","ROCHESTER 2","24","100.0000","42401","Sulfur dioxide","40380","Rochester, NY","36","New York","055","Monroe","43.14618","-77.54817"
"01/11/2022","AQS","360551007","3","0.3","ppb","0","ROCHESTER 2","23","96.0000","42401","Sulfur dioxide","40380","Rochester, NY","36","New York","055","Monroe","43.14618","-77.54817"
"01/12/2022","AQS","360551007","3","0.9","ppb","0","ROCHESTER 2","24","100.0000","42401","Sulfur dioxide","40380","Rochester, NY","36","New York","055","Monroe","43.14618","-77.54817"
"01/13/2022","AQS","360551007","3","0.1","ppb","0","ROCHESTER 2","22","92.0000","42401","Sulfur dioxide","40380","Rochester, NY","36","New York","055","Monroe","43.14618","-77.54817"
"01/14/2022","AQS","360551007","3","0.1","ppb","0","ROCHESTER 2","24","100.0000","42401","Sulfur dioxide","40380","Rochester, NY","36","New York","055","Monroe","43.14618","-77.54817"
"01/15/2022","AQS","360551007","3","0.2","ppb","0","ROCHESTER 2","24","100.0000","42401","Sulfur dioxide","40380","Rochester, NY","36","New York","055","Monroe","43.14618","-77.54817"
"01/16/2022","AQS","360551007","3","0.7","ppb","0","ROCHESTER 2","24","100.0000","42401","Sulfur dioxide","40380","Rochester, NY","36","New York","055","Monroe","43.14618","-77.54817"
"01/17/2022","AQS","360551007","3","0","ppb","0","ROCHESTER 2","24","100.0000","42401","Sulfur dioxide","40380","Rochester, NY","36","New York","055","Monroe","43.14618","-77.54817"
"01/18/2022","AQS","360551007","3","0.1","ppb","0","ROCHESTER 2","24","100.0000","42401","Sulfur dioxide","40380","Rochester, NY","36","New York","055","Monroe","43.14618","-77.54817"
"01/19/2022","AQS","360551007","3","0.7","ppb","0","ROCHESTER 2","24","100.0000","42401","Sulfur dioxide","40380","Rochester, NY","36","New York","055","Monroe","43.14618","-77.54817"
"01/20/2022","AQS","360551007","3","0","ppb","0","ROCHESTER 2","24","100.0000","42401","Sulfur dioxide","40380","Rochester, NY","36","New York","055","Monroe","43.14618","-77.54817"
"01/21/2022","AQS","360551007","3","0.1","ppb","0","ROCHESTER 2","24","100.0000","42401","Sulfur dioxide","40380","Rochester, NY","36","New York","055","Monroe","43.14618","-77.54817"
"01/22/2022","AQS","360551007","3","0.6","ppb","0","ROCHESTER 2","22","92.0000","42401","Sulfur dioxide","40380","Rochester, NY","36","New York","055","Monroe","43.14618","-77.54817"
"01/23/2022","AQS","360551007","3","0.3","ppb","0","ROCHESTER 2","24","100.0000","42401","Sulfur dioxide","40380","Rochester, NY","36","New York","055","Monroe","43.14618","-77.54817"
"01/24/2022","AQS","360551007","3","0.2","ppb","0","ROCHESTER 2","24","100.0000","42401","Sulfur dioxide","40380","Rochester, NY","36","New York","055","Monroe","43.14618","-77.54817"
"01/25/2022","AQS","360551007","3","0.5","ppb","0","ROCHESTER 2","24","100.0000","42401","Sulfur dioxide","40380","Rochester, NY","36","New York","055","Monroe","43.14618","-77.54817"
"01/26/2022","AQS","360551007","3","0.2","ppb","0","ROCHESTER 2","24","100.0000","42401","Sulfur dioxide","40380","Rochester, NY","36","New York","055","Monroe","43.14618","-77.54817"
"01/27/2022","AQS","360551007","3","1.3","ppb","1","ROCHESTER 2","23","96.0000","42401","Sulfur dioxide","40380","Rochester, NY","36","New York","055","Monroe","43.14618","-77.54817"
"01/28/2022","AQS","360551007","3","0.4","ppb","0","ROCHESTER 2","24","100.0000","42401","Sulfur dioxide","40380","Rochester, NY","36","New York","055","Monroe","43.14618","-77.54817"
"01/29/2022","AQS","360551007","3","0.4","ppb","0","ROCHESTER 2","24","100.0000","42401","Sulfur dioxide","40380","Rochester, NY","36","New York","055","Monroe","43.14618","-77.54817"
"01/30/2022","AQS","360551007","3","0.9","ppb","0","ROCHESTER 2","24","100.0000","42401","Sulfur dioxide","40380","Rochester, NY","36","New York","055","Monroe","43.14618","-77.54817"
"01/31/2022","AQS","360551007","3","1","ppb","1","ROCHESTER 2","22","92.0000","42401","Sulfur dioxide","40380","Rochester, NY","36","New York","055","Monroe","43.14618","-77.54817"
"02/01/2022","AQS","360551007","3","0.8","ppb","0","ROCHESTER 2","21","88.0000","42401","Sulfur dioxide","40380","Rochester, NY","36","New York","055","Monroe","43.14618","-77.54817"
"02/02/2022","AQS","360551007","3","0.4","ppb","0","ROCHESTER 2","24","100.0000","42401","Sulfur dioxide","40380","Rochester, NY","36","New York","055","Monroe","43.14618","-77.54817"
"02/03/2022","AQS","360551007","3","0","ppb","0","ROCHESTER 2","24","100.0000","42401","Sulfur dioxide","40380","Rochester, NY","36","New York","055","Monroe","43.14618","-77.54817"
"02/04/2022","AQS","360551007","3","0","ppb","0","ROCHESTER 2","24","100.0000","42401","Sulfur dioxide","40380","Rochester, NY","36","New York","055","Monroe","43.14618","-77.54817"
"02/05/2022","AQS","360551007","3","0","ppb","0","ROCHESTER 2","24","100.0000","42401","Sulfur dioxide","40380","Rochester, NY","36","New York","055","Monroe","43.14618","-77.54817"
"02/06/2022","AQS","360551007","3","0.3","ppb","0","ROCHESTER 2","24","100.0000","42401","Sulfur dioxide","40380","Rochester, NY","36","New York","055","Monroe","43.14618","-77.54817"
"02/07/2022","AQS","360551007","3","0.7","ppb","0","ROCHESTER 2","22","92.0000","42401","Sulfur dioxide","40380","Rochester, NY","36","New York","055","Monroe","43.14618","-77.54817"
"02/08/2022","AQS","360551007","3","0.1","ppb","0","ROCHESTER 2","24","100.0000","42401","Sulfur dioxide","40380","Rochester, NY","36","New York","055","Monroe","43.14618","-77.54817"
"02/09/2022","AQS","360551007","3","0.7","ppb","0","ROCHESTER 2","24","100.0000","42401","Sulfur dioxide","40380","Rochester, NY","36","New York","055","Monroe","43.14618","-77.54817"
"02/10/2022","AQS","360551007","3","0.2","ppb","0","ROCHESTER 2","24","100.0000","42401","Sulfur dioxide","40380","Rochester, NY","36","New York","055","Monroe","43.14618","-77.54817"
"02/11/2022","AQS","360551007","3","0.6","ppb","0","ROCHESTER 2","24","100.0000","42401","Sulfur dioxide","40380","Rochester, NY","36","New York","055","Monroe","43.14618","-77.54817"
"02/12/2022","AQS","360551007","3","0","ppb","0","ROCHESTER 2","24","100.0000","42401","Sulfur dioxide","40380","Rochester, NY","36","New York","055","Monroe","43.14618","-77.54817"
"02/13/2022","AQS","360551007","3","0","ppb","0","ROCHESTER 2","24","100.0000","42401","Sulfur dioxide","40380","Rochester, NY","36","New York","055","Monroe","43.14618","-77.54817"
"02/14/2022","AQS","360551007","3","0.2","ppb","0","ROCHESTER 2","24","100.0000","42401","Sulfur dioxide","40380","Rochester, NY","36","New York","055","Monroe","43.14618","-77.54817"
"02/15/2022","AQS","360551007","3","0.3","ppb","0","ROCHESTER 2","24","100.0000","42401","Sulfur dioxide","40380","Rochester, NY","36","New York","055","Monroe","43.14618","-77.54817"
"02/16/2022","AQS","360551007","3","0.4","ppb","0","ROCHESTER 2","24","100.0000","42401","Sulfur dioxide","40380","Rochester, NY","36","New York","055","Monroe","43.14618","-77.54817"
"02/17/2022","AQS","360551007","3","0.2","ppb","0","ROCHESTER 2","24","100.0000","42401","Sulfur dioxide","40380","Rochester, NY","36","New York","055","Monroe","43.14618","-77.54817"
"02/18/2022","AQS","360551007","3","0","ppb","0","ROCHESTER 2","24","100.0000","42401","Sulfur dioxide","40380","Rochester, NY","36","New York","055","Monroe","43.14618","-77.54817"
"02/19/2022","AQS","360551007","3","0.3","ppb","0","ROCHESTER 2","21","88.0000","42401","Sulfur dioxide","40380","Rochester, NY","36","New York","055","Monroe","43.14618","-77.54817"
"02/20/2022","AQS","360551007","3","0.7","ppb","0","ROCHESTER 2","24","100.0000","42401","Sulfur dioxide","40380","Rochester, NY","36","New York","055","Monroe","43.14618","-77.54817"
"02/21/2022","AQS","360551007","3","0.9","ppb","0","ROCHESTER 2","24","100.0000","42401","Sulfur dioxide","40380","Rochester, NY","36","New York","055","Monroe","43.14618","-77.54817"
"02/22/2022","AQS","360551007","3","0.4","ppb","0","ROCHESTER 2","24","100.0000","42401","Sulfur dioxide","40380","Rochester, NY","36","New York","055","Monroe","43.14618","-77.54817"
"02/23/2022","AQS","360551007","3","0.1","ppb","0","ROCHESTER 2","22","92.0000","42401","Sulfur dioxide","40380","Rochester, NY","36","New York","055","Monroe","43.14618","-77.54817"
"02/24/2022","AQS","360551007","3","0.1","ppb","0","ROCHESTER 2","24","100.0000","42401","Sulfur dioxide","40380","Rochester, NY","36","New York","055","Monroe","43.14618","-77.54817"
"02/25/2022","AQS","360551007","3","0.3","ppb","0","ROCHESTER 2","24","100.0000","42401","Sulfur dioxide","40380","Rochester, NY","36","New York","055","Monroe","43.14618","-77.54817"
"02/26/2022","AQS","360551007","3","0.6","ppb","0","ROCHESTER 2","24","100.0000","42401","Sulfur dioxide","40380","Rochester, NY","36","New York","055","Monroe","43.14618","-77.54817"
"02/27/2022","AQS","360551007","3","0.1","ppb","0","ROCHESTER 2","24","100.0000","42401","Sulfur dioxide","40380","Rochester, NY","36","New York","055","Monroe","43.14618","-77.54817"
"02/28/2022","AQS","360551007","3","0.5","ppb","0","ROCHESTER 2","22","92.0000","42401","Sulfur dioxide","40380","Rochester, NY","36","New York","055","Monroe","43.14618","-77.54817"
"03/01/2022","AQS","360551007","3","0.8","ppb","0","ROCHESTER 2","24","100.0000","42401","Sulfur dioxide","40380","Rochester, NY","36","New York","055","Monroe","43.14618","-77.54817"
"03/02/2022","AQS","360551007","3","0.3","ppb","0","ROCHESTER 2","24","100.0000","42401","Sulfur dioxide","40380","Rochester, NY","36","New York","055","Monroe","43.14618","-77.54817"
"03/03/2022","AQS","360551007","3","0.2","ppb","0","ROCHESTER 2","24","100.0000","42401","Sulfur dioxide","40380","Rochester, NY","36","New York","055","Monroe","43.14618","-77.54817"
"03/04/2022","AQS","360551007","3","0.4","ppb","0","ROCHESTER 2","24","100.0000","42401","Sulfur dioxide","40380","Rochester, NY","36","New York","055","Monroe","43.14618","-77.54817"
"03/05/2022","AQS","360551007","3","0.6","ppb","0","ROCHESTER 2","24","100.0000","42401","Sulfur dioxide","40380","Rochester, NY","36","New York","055","Monroe","43.14618","-77.54817"
"03/06/2022","AQS","360551007","3","0.5","ppb","0","ROCHESTER 2","24","100.0000","42401","Sulfur dioxide","40380","Rochester, NY","36","New York","055","Monroe","43.14618","-77.54817"
"03/07/2022","AQS","360551007","3","0.1","ppb","0","ROCHESTER 2","23","96.0000","42401","Sulfur dioxide","40380","Rochester, NY","36","New York","055","Monroe","43.14618","-77.54817"
"03/08/2022","AQS","360551007","3","0.1","ppb","0","ROCHESTER 2","24","100.0000","42401","Sulfur dioxide","40380","Rochester, NY","36","New York","055","Monroe","43.14618","-77.54817"
"03/09/2022","AQS","360551007","3","0.3","ppb","0","ROCHESTER 2","24","100.0000","42401","Sulfur dioxide","40380","Rochester, NY","36","New York","055","Monroe","43.14618","-77.54817"
"03/10/2022","AQS","360551007","3","0.3","ppb","0","ROCHESTER 2","24","100.0000","42401","Sulfur dioxide","40380","Rochester, NY","36","New York","055","Monroe","43.14618","-77.54817"
"03/11/2022","AQS","360551007","3","0.6","ppb","0","ROCHESTER 2","24","100.0000","42401","Sulfur dioxide","40380","Rochester, NY","36","New York","055","Monroe","43.14618","-77.54817"
"03/12/2022","AQS","360551007","3","0.2","ppb","0","ROCHESTER 2","24","100.0000","42401","Sulfur dioxide","40380","Rochester, NY","36","New York","055","Monroe","43.14618","-77.54817"
"03/13/2022","AQS","360551007","3","0.3","ppb","0","ROCHESTER 2","24","100.0000","42401","Sulfur dioxide","40380","Rochester, NY","36","New York","055","Monroe","43.14618","-77.54817"
"03/14/2022","AQS","360551007","3","0.6","ppb","0","ROCHESTER 2","24","100.0000","42401","Sulfur dioxide","40380","Rochester, NY","36","New York","055","Monroe","43.14618","-77.54817"
"03/15/2022","AQS","360551007","3","0.1","ppb","0","ROCHESTER 2","22","92.0000","42401","Sulfur dioxide","40380","Rochester, NY","36","New York","055","Monroe","43.14618","-77.54817"
"03/16/2022","AQS","360551007","3","0.2","ppb","0","ROCHESTER 2","24","100.0000","42401","Sulfur dioxide","40380","Rochester, NY","36","New York","055","Monroe","43.14618","-77.54817"
"03/17/2022","AQS","360551007","3","0.4","ppb","0","ROCHESTER 2","24","100.0000","42401","Sulfur dioxide","40380","Rochester, NY","36","New York","055","Monroe","43.14618","-77.54817"
"03/18/2022","AQS","360551007","3","0.9","ppb","0","ROCHESTER 2","24","100.0000","42401","Sulfur dioxide","40380","Rochester, NY","36","New York","055","Monroe","43.14618","-77.54817"
"03/19/2022","AQS","360551007","3","0","ppb","0","ROCHESTER 2","24","100.0000","42401","Sulfur dioxide","40380","Rochester, NY","36","New York","055","Monroe","43.14618","-77.54817"
"03/20/2022","AQS","360551007","3","0.1","ppb","0","ROCHESTER 2","24","100.0000","42401","Sulfur dioxide","40380","Rochester, NY","36","New York","055","Monroe","43.14618","-77.54817"
"03/21/2022","AQS","360551007","3","1.2","ppb","1","ROCHESTER 2","24","100.0000","42401","Sulfur dioxide","40380","Rochester, NY","36","New York","055","Monroe","43.14618","-77.54817"
"03/22/2022","AQS","360551007","3","0.3","ppb","0","ROCHESTER 2","22","92.0000","42401","Sulfur dioxide","40380","Rochester, NY","36","New York","055","Monroe","43.14618","-77.54817"
"03/23/2022","AQS","360551007","3","0.7","ppb","0","ROCHESTER 2","24","100.0000","42401","Sulfur dioxide","40380","Rochester, NY","36","New York","055","Monroe","43.14618","-77.54817"
"03/24/2022","AQS","360551007","3","0","ppb","0","ROCHESTER 2","24","100.0000","42401","Sulfur dioxide","40380","Rochester, NY","36","New York","055","Monroe","43.14618","-77.54817"
"03/25/2022","AQS","360551007","3","0","ppb","0","ROCHESTER 2","24","100.0000","42401","Sulfur dioxide","40380","Rochester, NY","36","New York","055","Monroe","43.14618","-77.54817"
"03/26/2022","AQS","360551007","3","0","ppb","0","ROCHESTER 2","24","100.0000","42401","Sulfur dioxide","40380","Rochester, NY","36","New York","055","Monroe","43.14618","-77.54817"
"03/27/2022","AQS","360551007","3","0.1","ppb","0","ROCHESTER 2","24","100.0000","42401","Sulfur dioxide","40380","Rochester, NY","36","New York","055","Monroe","43.14618","-77.54817"
"03/28/2022","AQS","360551007","3","0.3","ppb","0","ROCHESTER 2","24","100.0000","42401","Sulfur dioxide","40380","Rochester, NY","36","New York","055","Monroe","43.14618","-77.54817"
"03/29/2022","AQS","360551007","3","0.5","ppb","0","ROCHESTER 2","22","92.0000","42401","Sulfur dioxide","40380","Rochester, NY","36","New York","055","Monroe","43.14618","-77.54817"
"03/30/2022","AQS","360551007","3","0.2","ppb","0","ROCHESTER 2","24","100.0000","42401","Sulfur dioxide","40380","Rochester, NY","36","New York","055","Monroe","43.14618","-77.54817"
"03/31/2022","AQS","360551007","3","0.2","ppb","0","ROCHESTER 2","24","100.0000","42401","Sulfur dioxide","40380","Rochester, NY","36","New York","055","Monroe","43.14618","-77.54817"
"04/01/2022","AQS","360551007","3","0","ppb","0","ROCHESTER 2","24","100.0000","42401","Sulfur dioxide","40380","Rochester, NY","36","New York","055","Monroe","43.14618","-77.54817"
"04/02/2022","AQS","360551007","3","0","ppb","0","ROCHESTER 2","24","100.0000","42401","Sulfur dioxide","40380","Rochester, NY","36","New York","055","Monroe","43.14618","-77.54817"
"04/03/2022","AQS","360551007","3","0","ppb","0","ROCHESTER 2","24","100.0000","42401","Sulfur dioxide","40380","Rochester, NY","36","New York","055","Monroe","43.14618","-77.54817"
"04/04/2022","AQS","360551007","3","0.1","ppb","0","ROCHESTER 2","24","100.0000","42401","Sulfur dioxide","40380","Rochester, NY","36","New York","055","Monroe","43.14618","-77.54817"
"04/05/2022","AQS","360551007","3","0.2","ppb","0","ROCHESTER 2","21","88.0000","42401","Sulfur dioxide","40380","Rochester, NY","36","New York","055","Monroe","43.14618","-77.54817"
"04/06/2022","AQS","360551007","3","0.4","ppb","0","ROCHESTER 2","24","100.0000","42401","Sulfur dioxide","40380","Rochester, NY","36","New York","055","Monroe","43.14618","-77.54817"
"04/07/2022","AQS","360551007","3","0","ppb","0","ROCHESTER 2","24","100.0000","42401","Sulfur dioxide","40380","Rochester, NY","36","New York","055","Monroe","43.14618","-77.54817"
"04/08/2022","AQS","360551007","3","0","ppb","0","ROCHESTER 2","24","100.0000","42401","Sulfur dioxide","40380","Rochester, NY","36","New York","055","Monroe","43.14618","-77.54817"
"04/09/2022","AQS","360551007","3","0","ppb","0","ROCHESTER 2","24","100.0000","42401","Sulfur dioxide","40380","Rochester, NY","36","New York","055","Monroe","43.14618","-77.54817"
"04/10/2022","AQS","360551007","3","0.1","ppb","0","ROCHESTER 2","24","100.0000","42401","Sulfur dioxide","40380","Rochester, NY","36","New York","055","Monroe","43.14618","-77.54817"
"04/11/2022","AQS","360551007","3","0.2","ppb","0","ROCHESTER 2","24","100.0000","42401","Sulfur dioxide","40380","Rochester, NY","36","New York","055","Monroe","43.14618","-77.54817"
"04/12/2022","AQS","360551007","3","0.1","ppb","0","ROCHESTER 2","23","96.0000","42401","Sulfur dioxide","40380","Rochester, NY","36","New York","055","Monroe","43.14618","-77.54817"
"04/13/2022","AQS","360551007","3","0.2","ppb","0","ROCHESTER 2","24","100.0000","42401","Sulfur dioxide","40380","Rochester, NY","36","New York","055","Monroe","43.14618","-77.54817"
"04/14/2022","AQS","360551007","3","0.2","ppb","0","ROCHESTER 2","24","100.0000","42401","Sulfur dioxide","40380","Rochester, NY","36","New York","055","Monroe","43.14618","-77.54817"
"04/15/2022","AQS","360551007","3","0.1","ppb","0","ROCHESTER 2","24","100.0000","42401","Sulfur dioxide","40380","Rochester, NY","36","New York","055","Monroe","43.14618","-77.54817"
"04/16/2022","AQS","360551007","3","0","ppb","0","ROCHESTER 2","24","100.0000","42401","Sulfur dioxide","40380","Rochester, NY","36","New York","055","Monroe","43.14618","-77.54817"
"04/17/2022","AQS","360551007","3","0.2","ppb","0","ROCHESTER 2","24","100.0000","42401","Sulfur dioxide","40380","Rochester, NY","36","New York","055","Monroe","43.14618","-77.54817"
"04/18/2022","AQS","360551007","3","0.4","ppb","0","ROCHESTER 2","24","100.0000","42401","Sulfur dioxide","40380","Rochester, NY","36","New York","055","Monroe","43.14618","-77.54817"
"04/19/2022","AQS","360551007","3","0.3","ppb","0","ROCHESTER 2","22","92.0000","42401","Sulfur dioxide","40380","Rochester, NY","36","New York","055","Monroe","43.14618","-77.54817"
"04/20/2022","AQS","360551007","3","0.3","ppb","0","ROCHESTER 2","24","100.0000","42401","Sulfur dioxide","40380","Rochester, NY","36","New York","055","Monroe","43.14618","-77.54817"
"04/21/2022","AQS","360551007","3","0.2","ppb","0","ROCHESTER 2","24","100.0000","42401","Sulfur dioxide","40380","Rochester, NY","36","New York","055","Monroe","43.14618","-77.54817"
"04/22/2022","AQS","360551007","3","0.1","ppb","0","ROCHESTER 2","24","100.0000","42401","Sulfur dioxide","40380","Rochester, NY","36","New York","055","Monroe","43.14618","-77.54817"
"04/23/2022","AQS","360551007","3","0.5","ppb","0","ROCHESTER 2","24","100.0000","42401","Sulfur dioxide","40380","Rochester, NY","36","New York","055","Monroe","43.14618","-77.54817"
"04/24/2022","AQS","360551007","3","0.4","ppb","0","ROCHESTER 2","24","100.0000","42401","Sulfur dioxide","40380","Rochester, NY","36","New York","055","Monroe","43.14618","-77.54817"
"04/25/2022","AQS","360551007","3","0.3","ppb","0","ROCHESTER 2","24","100.0000","42401","Sulfur dioxide","40380","Rochester, NY","36","New York","055","Monroe","43.14618","-77.54817"
"04/26/2022","AQS","360551007","3","0.2","ppb","0","ROCHESTER 2","23","96.0000","42401","Sulfur dioxide","40380","Rochester, NY","36","New York","055","Monroe","43.14618","-77.54817"
"04/27/2022","AQS","360551007","3","0.1","ppb","0","ROCHESTER 2","24","100.0000","42401","Sulfur dioxide","40380","Rochester, NY","36","New York","055","Monroe","43.14618","-77.54817"
"04/28/2022","AQS","360551007","3","0.2","ppb","0","ROCHESTER 2","24","100.0000","42401","Sulfur dioxide","40380","Rochester, NY","36","New York","055","Monroe","43.14618","-77.54817"
"04/29/2022","AQS","360551007","3","0.2","ppb","0","ROCHESTER 2","24","100.0000","42401","Sulfur dioxide","40380","Rochester, NY","36","New York","055","Monroe","43.14618","-77.54817"
"04/30/2022","AQS","360551007","3","0.8","ppb","0","ROCHESTER 2","24","100.0000","42401","Sulfur dioxide","40380","Rochester, NY","36","New York","055","Monroe","43.14618","-77.54817"
"05/01/2022","AQS","360551007","3","0.3","ppb","0","ROCHESTER 2","24","100.0000","42401","Sulfur dioxide","40380","Rochester, NY","36","New York","055","Monroe","43.14618","-77.54817"
"05/02/2022","AQS","360551007","3","0","ppb","0","ROCHESTER 2","22","92.0000","42401","Sulfur dioxide","40380","Rochester, NY","36","New York","055","Monroe","43.14618","-77.54817"
"05/03/2022","AQS","360551007","3","0","ppb","0","ROCHESTER 2","24","100.0000","42401","Sulfur dioxide","40380","Rochester, NY","36","New York","055","Monroe","43.14618","-77.54817"
"05/04/2022","AQS","360551007","3","0","ppb","0","ROCHESTER 2","24","100.0000","42401","Sulfur dioxide","40380","Rochester, NY","36","New York","055","Monroe","43.14618","-77.54817"
"05/05/2022","AQS","360551007","3","0.3","ppb","0","ROCHESTER 2","24","100.0000","42401","Sulfur dioxide","40380","Rochester, NY","36","New York","055","Monroe","43.14618","-77.54817"
"05/06/2022","AQS","360551007","3","0","ppb","0","ROCHESTER 2","24","100.0000","42401","Sulfur dioxide","40380","Rochester, NY","36","New York","055","Monroe","43.14618","-77.54817"
"05/07/2022","AQS","360551007","3","0.2","ppb","0","ROCHESTER 2","24","100.0000","42401","Sulfur dioxide","40380","Rochester, NY","36","New York","055","Monroe","43.14618","-77.54817"
"05/08/2022","AQS","360551007","3","0.1","ppb","0","ROCHESTER 2","24","100.0000","42401","Sulfur dioxide","40380","Rochester, NY","36","New York","055","Monroe","43.14618","-77.54817"
"05/09/2022","AQS","360551007","3","0.3","ppb","0","ROCHESTER 2","22","92.0000","42401","Sulfur dioxide","40380","Rochester, NY","36","New York","055","Monroe","43.14618","-77.54817"
"05/10/2022","AQS","360551007","3","0.3","ppb","0","ROCHESTER 2","24","100.0000","42401","Sulfur dioxide","40380","Rochester, NY","36","New York","055","Monroe","43.14618","-77.54817"
"05/11/2022","AQS","360551007","3","0.2","ppb","0","ROCHESTER 2","24","100.0000","42401","Sulfur dioxide","40380","Rochester, NY","36","New York","055","Monroe","43.14618","-77.54817"
"05/12/2022","AQS","360551007","3","0.2","ppb","0","ROCHESTER 2","24","100.0000","42401","Sulfur dioxide","40380","Rochester, NY","36","New York","055","Monroe","43.14618","-77.54817"
"05/13/2022","AQS","360551007","3","0.4","ppb","0","ROCHESTER 2","24","100.0000","42401","Sulfur dioxide","40380","Rochester, NY","36","New York","055","Monroe","43.14618","-77.54817"
"05/14/2022","AQS","360551007","3","0","ppb","0","ROCHESTER 2","24","100.0000","42401","Sulfur dioxide","40380","Rochester, NY","36","New York","055","Monroe","43.14618","-77.54817"
"05/15/2022","AQS","360551007","3","1.4","ppb","1","ROCHESTER 2","24","100.0000","42401","Sulfur dioxide","40380","Rochester, NY","36","New York","055","Monroe","43.14618","-77.54817"
"05/16/2022","AQS","360551007","3","1.5","ppb","1","ROCHESTER 2","24","100.0000","42401","Sulfur dioxide","40380","Rochester, NY","36","New York","055","Monroe","43.14618","-77.54817"
"05/17/2022","AQS","360551007","3","0.3","ppb","0","ROCHESTER 2","24","100.0000","42401","Sulfur dioxide","40380","Rochester, NY","36","New York","055","Monroe","43.14618","-77.54817"
"05/18/2022","AQS","360551007","3","0.3","ppb","0","ROCHESTER 2","24","100.0000","42401","Sulfur dioxide","40380","Rochester, NY","36","New York","055","Monroe","43.14618","-77.54817"
"05/19/2022","AQS","360551007","3","0.2","ppb","0","ROCHESTER 2","22","92.0000","42401","Sulfur dioxide","40380","Rochester, NY","36","New York","055","Monroe","43.14618","-77.54817"
"05/20/2022","AQS","360551007","3","0.7","ppb","0","ROCHESTER 2","24","100.0000","42401","Sulfur dioxide","40380","Rochester, NY","36","New York","055","Monroe","43.14618","-77.54817"
"05/21/2022","AQS","360551007","3","0","ppb","0","ROCHESTER 2","24","100.0000","42401","Sulfur dioxide","40380","Rochester, NY","36","New York","055","Monroe","43.14618","-77.54817"
"05/22/2022","AQS","360551007","3","0","ppb","0","ROCHESTER 2","24","100.0000","42401","Sulfur dioxide","40380","Rochester, NY","36","New York","055","Monroe","43.14618","-77.54817"
"05/23/2022","AQS","360551007","3","0","ppb","0","ROCHESTER 2","24","100.0000","42401","Sulfur dioxide","40380","Rochester, NY","36","New York","055","Monroe","43.14618","-77.54817"
"05/24/2022","AQS","360551007","3","0.1","ppb","0","ROCHESTER 2","24","100.0000","42401","Sulfur dioxide","40380","Rochester, NY","36","New York","055","Monroe","43.14618","-77.54817"
"05/25/2022","AQS","360551007","3","0","ppb","0","ROCHESTER 2","24","100.0000","42401","Sulfur dioxide","40380","Rochester, NY","36","New York","055","Monroe","43.14618","-77.54817"
"05/26/2022","AQS","360551007","3","0","ppb","0","ROCHESTER 2","23","96.0000","42401","Sulfur dioxide","40380","Rochester, NY","36","New York","055","Monroe","43.14618","-77.54817"
"05/27/2022","AQS","360551007","3","-0.1","ppb","0","ROCHESTER 2","24","100.0000","42401","Sulfur dioxide","40380","Rochester, NY","36","New York","055","Monroe","43.14618","-77.54817"
"05/28/2022","AQS","360551007","3","0","ppb","0","ROCHESTER 2","24","100.0000","42401","Sulfur dioxide","40380","Rochester, NY","36","New York","055","Monroe","43.14618","-77.54817"
"05/29/2022","AQS","360551007","3","0.3","ppb","0","ROCHESTER 2","24","100.0000","42401","Sulfur dioxide","40380","Rochester, NY","36","New York","055","Monroe","43.14618","-77.54817"
"05/30/2022","AQS","360551007","3","0.2","ppb","0","ROCHESTER 2","24","100.0000","42401","Sulfur dioxide","40380","Rochester, NY","36","New York","055","Monroe","43.14618","-77.54817"
"05/31/2022","AQS","360551007","3","0.1","ppb","0","ROCHESTER 2","22","92.0000","42401","Sulfur dioxide","40380","Rochester, NY","36","New York","055","Monroe","43.14618","-77.54817"
"06/01/2022","AQS","360551007","3","0","ppb","0","ROCHESTER 2","24","100.0000","42401","Sulfur dioxide","40380","Rochester, NY","36","New York","055","Monroe","43.14618","-77.54817"
"06/02/2022","AQS","360551007","3","0.6","ppb","0","ROCHESTER 2","24","100.0000","42401","Sulfur dioxide","40380","Rochester, NY","36","New York","055","Monroe","43.14618","-77.54817"
"06/03/2022","AQS","360551007","3","0.2","ppb","0","ROCHESTER 2","24","100.0000","42401","Sulfur dioxide","40380","Rochester, NY","36","New York","055","Monroe","43.14618","-77.54817"
"06/04/2022","AQS","360551007","3","0.2","ppb","0","ROCHESTER 2","24","100.0000","42401","Sulfur dioxide","40380","Rochester, NY","36","New York","055","Monroe","43.14618","-77.54817"
"06/05/2022","AQS","360551007","3","0.4","ppb","0","ROCHESTER 2","24","100.0000","42401","Sulfur dioxide","40380","Rochester, NY","36","New York","055","Monroe","43.14618","-77.54817"
"06/06/2022","AQS","360551007","3","0.2","ppb","0","ROCHESTER 2","24","100.0000","42401","Sulfur dioxide","40380","Rochester, NY","36","New York","055","Monroe","43.14618","-77.54817"
"06/07/2022","AQS","360551007","3","0","ppb","0","ROCHESTER 2","23","96.0000","42401","Sulfur dioxide","40380","Rochester, NY","36","New York","055","Monroe","43.14618","-77.54817"
"06/08/2022","AQS","360551007","3","0.1","ppb","0","ROCHESTER 2","24","100.0000","42401","Sulfur dioxide","40380","Rochester, NY","36","New York","055","Monroe","43.14618","-77.54817"
"06/09/2022","AQS","360551007","3","0","ppb","0","ROCHESTER 2","24","100.0000","42401","Sulfur dioxide","40380","Rochester, NY","36","New York","055","Monroe","43.14618","-77.54817"
"06/10/2022","AQS","360551007","3","0.1","ppb","0","ROCHESTER 2","24","100.0000","42401","Sulfur dioxide","40380","Rochester, NY","36","New York","055","Monroe","43.14618","-77.54817"
"06/11/2022","AQS","360551007","3","0","ppb","0","ROCHESTER 2","24","100.0000","42401","Sulfur dioxide","40380","Rochester, NY","36","New York","055","Monroe","43.14618","-77.54817"
"06/12/2022","AQS","360551007","3","0.2","ppb","0","ROCHESTER 2","24","100.0000","42401","Sulfur dioxide","40380","Rochester, NY","36","New York","055","Monroe","43.14618","-77.54817"
"06/13/2022","AQS","360551007","3","0","ppb","0","ROCHESTER 2","21","88.0000","42401","Sulfur dioxide","40380","Rochester, NY","36","New York","055","Monroe","43.14618","-77.54817"
"06/14/2022","AQS","360551007","3","0.1","ppb","0","ROCHESTER 2","23","96.0000","42401","Sulfur dioxide","40380","Rochester, NY","36","New York","055","Monroe","43.14618","-77.54817"
"06/15/2022","AQS","360551007","3","0.7","ppb","0","ROCHESTER 2","24","100.0000","42401","Sulfur dioxide","40380","Rochester, NY","36","New York","055","Monroe","43.14618","-77.54817"
"06/16/2022","AQS","360551007","3","0","ppb","0","ROCHESTER 2","24","100.0000","42401","Sulfur dioxide","40380","Rochester, NY","36","New York","055","Monroe","43.14618","-77.54817"
"06/17/2022","AQS","360551007","3","0.6","ppb","0","ROCHESTER 2","24","100.0000","42401","Sulfur dioxide","40380","Rochester, NY","36","New York","055","Monroe","43.14618","-77.54817"
"06/18/2022","AQS","360551007","3","0","ppb","0","ROCHESTER 2","24","100.0000","42401","Sulfur dioxide","40380","Rochester, NY","36","New York","055","Monroe","43.14618","-77.54817"
"06/19/2022","AQS","360551007","3","0.4","ppb","0","ROCHESTER 2","24","100.0000","42401","Sulfur dioxide","40380","Rochester, NY","36","New York","055","Monroe","43.14618","-77.54817"
"06/20/2022","AQS","360551007","3","0.2","ppb","0","ROCHESTER 2","24","100.0000","42401","Sulfur dioxide","40380","Rochester, NY","36","New York","055","Monroe","43.14618","-77.54817"
"06/21/2022","AQS","360551007","3","0.4","ppb","0","ROCHESTER 2","24","100.0000","42401","Sulfur dioxide","40380","Rochester, NY","36","New York","055","Monroe","43.14618","-77.54817"
"06/22/2022","AQS","360551007","3","0.7","ppb","0","ROCHESTER 2","23","96.0000","42401","Sulfur dioxide","40380","Rochester, NY","36","New York","055","Monroe","43.14618","-77.54817"
"06/23/2022","AQS","360551007","3","0.5","ppb","0","ROCHESTER 2","24","100.0000","42401","Sulfur dioxide","40380","Rochester, NY","36","New York","055","Monroe","43.14618","-77.54817"
"06/24/2022","AQS","360551007","3","0.5","ppb","0","ROCHESTER 2","24","100.0000","42401","Sulfur dioxide","40380","Rochester, NY","36","New York","055","Monroe","43.14618","-77.54817"
"06/25/2022","AQS","360551007","3","0.2","ppb","0","ROCHESTER 2","24","100.0000","42401","Sulfur dioxide","40380","Rochester, NY","36","New York","055","Monroe","43.14618","-77.54817"
"06/26/2022","AQS","360551007","3","0.3","ppb","0","ROCHESTER 2","24","100.0000","42401","Sulfur dioxide","40380","Rochester, NY","36","New York","055","Monroe","43.14618","-77.54817"
"06/27/2022","AQS","360551007","3","0.2","ppb","0","ROCHESTER 2","22","92.0000","42401","Sulfur dioxide","40380","Rochester, NY","36","New York","055","Monroe","43.14618","-77.54817"
"06/28/2022","AQS","360551007","3","0.2","ppb","0","ROCHESTER 2","24","100.0000","42401","Sulfur dioxide","40380","Rochester, NY","36","New York","055","Monroe","43.14618","-77.54817"
"06/29/2022","AQS","360551007","3","0.3","ppb","0","ROCHESTER 2","24","100.0000","42401","Sulfur dioxide","40380","Rochester, NY","36","New York","055","Monroe","43.14618","-77.54817"
"06/30/2022","AQS","360551007","3","0.3","ppb","0","ROCHESTER 2","24","100.0000","42401","Sulfur dioxide","40380","Rochester, NY","36","New York","055","Monroe","43.14618","-77.54817"
"07/01/2022","AQS","360551007","3","1.8","ppb","1","ROCHESTER 2","24","100.0000","42401","Sulfur dioxide","40380","Rochester, NY","36","New York","055","Monroe","43.14618","-77.54817"
"07/02/2022","AQS","360551007","3","0.2","ppb","0","ROCHESTER 2","24","100.0000","42401","Sulfur dioxide","40380","Rochester, NY","36","New York","055","Monroe","43.14618","-77.54817"
"07/03/2022","AQS","360551007","3","2.6","ppb","3","ROCHESTER 2","24","100.0000","42401","Sulfur dioxide","40380","Rochester, NY","36","New York","055","Monroe","43.14618","-77.54817"
"07/04/2022","AQS","360551007","3","0.3","ppb","0","ROCHESTER 2","24","100.0000","42401","Sulfur dioxide","40380","Rochester, NY","36","New York","055","Monroe","43.14618","-77.54817"
"07/05/2022","AQS","360551007","3","0.1","ppb","0","ROCHESTER 2","21","88.0000","42401","Sulfur dioxide","40380","Rochester, NY","36","New York","055","Monroe","43.14618","-77.54817"
"07/06/2022","AQS","360551007","3","0","ppb","0","ROCHESTER 2","24","100.0000","42401","Sulfur dioxide","40380","Rochester, NY","36","New York","055","Monroe","43.14618","-77.54817"
"07/07/2022","AQS","360551007","3","0","ppb","0","ROCHESTER 2","23","96.0000","42401","Sulfur dioxide","40380","Rochester, NY","36","New York","055","Monroe","43.14618","-77.54817"
"07/08/2022","AQS","360551007","3","0.7","ppb","0","ROCHESTER 2","24","100.0000","42401","Sulfur dioxide","40380","Rochester, NY","36","New York","055","Monroe","43.14618","-77.54817"
"07/09/2022","AQS","360551007","3","0","ppb","0","ROCHESTER 2","24","100.0000","42401","Sulfur dioxide","40380","Rochester, NY","36","New York","055","Monroe","43.14618","-77.54817"
"07/10/2022","AQS","360551007","3","0.2","ppb","0","ROCHESTER 2","24","100.0000","42401","Sulfur dioxide","40380","Rochester, NY","36","New York","055","Monroe","43.14618","-77.54817"
"07/11/2022","AQS","360551007","3","0","ppb","0","ROCHESTER 2","23","96.0000","42401","Sulfur dioxide","40380","Rochester, NY","36","New York","055","Monroe","43.14618","-77.54817"
"07/12/2022","AQS","360551007","3","0","ppb","0","ROCHESTER 2","24","100.0000","42401","Sulfur dioxide","40380","Rochester, NY","36","New York","055","Monroe","43.14618","-77.54817"
"07/13/2022","AQS","360551007","3","0","ppb","0","ROCHESTER 2","24","100.0000","42401","Sulfur dioxide","40380","Rochester, NY","36","New York","055","Monroe","43.14618","-77.54817"
"07/14/2022","AQS","360551007","3","0.1","ppb","0","ROCHESTER 2","23","96.0000","42401","Sulfur dioxide","40380","Rochester, NY","36","New York","055","Monroe","43.14618","-77.54817"
"07/15/2022","AQS","360551007","3","0.3","ppb","0","ROCHESTER 2","24","100.0000","42401","Sulfur dioxide","40380","Rochester, NY","36","New York","055","Monroe","43.14618","-77.54817"
"07/16/2022","AQS","360551007","3","0.1","ppb","0","ROCHESTER 2","24","100.0000","42401","Sulfur dioxide","40380","Rochester, NY","36","New York","055","Monroe","43.14618","-77.54817"
"07/17/2022","AQS","360551007","3","0","ppb","0","ROCHESTER 2","24","100.0000","42401","Sulfur dioxide","40380","Rochester, NY","36","New York","055","Monroe","43.14618","-77.54817"
"07/18/2022","AQS","360551007","3","-0.1","ppb","0","ROCHESTER 2","24","100.0000","42401","Sulfur dioxide","40380","Rochester, NY","36","New York","055","Monroe","43.14618","-77.54817"
"07/19/2022","AQS","360551007","3","0.1","ppb","0","ROCHESTER 2","24","100.0000","42401","Sulfur dioxide","40380","Rochester, NY","36","New York","055","Monroe","43.14618","-77.54817"
"07/20/2022","AQS","360551007","3","0.1","ppb","0","ROCHESTER 2","24","100.0000","42401","Sulfur dioxide","40380","Rochester, NY","36","New York","055","Monroe","43.14618","-77.54817"
"07/21/2022","AQS","360551007","3","0.1","ppb","0","ROCHESTER 2","22","92.0000","42401","Sulfur dioxide","40380","Rochester, NY","36","New York","055","Monroe","43.14618","-77.54817"
"07/22/2022","AQS","360551007","3","0.3","ppb","0","ROCHESTER 2","24","100.0000","42401","Sulfur dioxide","40380","Rochester, NY","36","New York","055","Monroe","43.14618","-77.54817"
"07/23/2022","AQS","360551007","3","0.4","ppb","0","ROCHESTER 2","24","100.0000","42401","Sulfur dioxide","40380","Rochester, NY","36","New York","055","Monroe","43.14618","-77.54817"
"07/24/2022","AQS","360551007","3","0","ppb","0","ROCHESTER 2","24","100.0000","42401","Sulfur dioxide","40380","Rochester, NY","36","New York","055","Monroe","43.14618","-77.54817"
"07/25/2022","AQS","360551007","3","0","ppb","0","ROCHESTER 2","24","100.0000","42401","Sulfur dioxide","40380","Rochester, NY","36","New York","055","Monroe","43.14618","-77.54817"
"07/26/2022","AQS","360551007","3","0.2","ppb","0","ROCHESTER 2","22","92.0000","42401","Sulfur dioxide","40380","Rochester, NY","36","New York","055","Monroe","43.14618","-77.54817"
"07/27/2022","AQS","360551007","3","0.5","ppb","0","ROCHESTER 2","24","100.0000","42401","Sulfur dioxide","40380","Rochester, NY","36","New York","055","Monroe","43.14618","-77.54817"
"07/28/2022","AQS","360551007","3","0","ppb","0","ROCHESTER 2","24","100.0000","42401","Sulfur dioxide","40380","Rochester, NY","36","New York","055","Monroe","43.14618","-77.54817"
"07/29/2022","AQS","360551007","3","0.9","ppb","0","ROCHESTER 2","24","100.0000","42401","Sulfur dioxide","40380","Rochester, NY","36","New York","055","Monroe","43.14618","-77.54817"
"07/30/2022","AQS","360551007","3","0","ppb","0","ROCHESTER 2","24","100.0000","42401","Sulfur dioxide","40380","Rochester, NY","36","New York","055","Monroe","43.14618","-77.54817"
"07/31/2022","AQS","360551007","3","0.2","ppb","0","ROCHESTER 2","24","100.0000","42401","Sulfur dioxide","40380","Rochester, NY","36","New York","055","Monroe","43.14618","-77.54817"
"08/01/2022","AQS","360551007","3","0.7","ppb","0","ROCHESTER 2","24","100.0000","42401","Sulfur dioxide","40380","Rochester, NY","36","New York","055","Monroe","43.14618","-77.54817"
"08/02/2022","AQS","360551007","3","0","ppb","0","ROCHESTER 2","21","88.0000","42401","Sulfur dioxide","40380","Rochester, NY","36","New York","055","Monroe","43.14618","-77.54817"
"08/03/2022","AQS","360551007","3","0.1","ppb","0","ROCHESTER 2","24","100.0000","42401","Sulfur dioxide","40380","Rochester, NY","36","New York","055","Monroe","43.14618","-77.54817"
"08/04/2022","AQS","360551007","3","0","ppb","0","ROCHESTER 2","24","100.0000","42401","Sulfur dioxide","40380","Rochester, NY","36","New York","055","Monroe","43.14618","-77.54817"
"08/05/2022","AQS","360551007","3","0","ppb","0","ROCHESTER 2","24","100.0000","42401","Sulfur dioxide","40380","Rochester, NY","36","New York","055","Monroe","43.14618","-77.54817"
"08/06/2022","AQS","360551007","3","0","ppb","0","ROCHESTER 2","24","100.0000","42401","Sulfur dioxide","40380","Rochester, NY","36","New York","055","Monroe","43.14618","-77.54817"
"08/07/2022","AQS","360551007","3","0","ppb","0","ROCHESTER 2","24","100.0000","42401","Sulfur dioxide","40380","Rochester, NY","36","New York","055","Monroe","43.14618","-77.54817"
"08/08/2022","AQS","360551007","3","0","ppb","0","ROCHESTER 2","21","88.0000","42401","Sulfur dioxide","40380","Rochester, NY","36","New York","055","Monroe","43.14618","-77.54817"
"08/09/2022","AQS","360551007","3","0","ppb","0","ROCHESTER 2","24","100.0000","42401","Sulfur dioxide","40380","Rochester, NY","36","New York","055","Monroe","43.14618","-77.54817"
"08/10/2022","AQS","360551007","3","0","ppb","0","ROCHESTER 2","24","100.0000","42401","Sulfur dioxide","40380","Rochester, NY","36","New York","055","Monroe","43.14618","-77.54817"
"08/11/2022","AQS","360551007","3","0.2","ppb","0","ROCHESTER 2","24","100.0000","42401","Sulfur dioxide","40380","Rochester, NY","36","New York","055","Monroe","43.14618","-77.54817"
"08/12/2022","AQS","360551007","3","0","ppb","0","ROCHESTER 2","24","100.0000","42401","Sulfur dioxide","40380","Rochester, NY","36","New York","055","Monroe","43.14618","-77.54817"
"08/13/2022","AQS","360551007","3","0","ppb","0","ROCHESTER 2","24","100.0000","42401","Sulfur dioxide","40380","Rochester, NY","36","New York","055","Monroe","43.14618","-77.54817"
"08/14/2022","AQS","360551007","3","0.1","ppb","0","ROCHESTER 2","24","100.0000","42401","Sulfur dioxide","40380","Rochester, NY","36","New York","055","Monroe","43.14618","-77.54817"
"08/15/2022","AQS","360551007","3","0.4","ppb","0","ROCHESTER 2","24","100.0000","42401","Sulfur dioxide","40380","Rochester, NY","36","New York","055","Monroe","43.14618","-77.54817"
"08/16/2022","AQS","360551007","3","0","ppb","0","ROCHESTER 2","21","88.0000","42401","Sulfur dioxide","40380","Rochester, NY","36","New York","055","Monroe","43.14618","-77.54817"
"08/17/2022","AQS","360551007","3","0","ppb","0","ROCHESTER 2","24","100.0000","42401","Sulfur dioxide","40380","Rochester, NY","36","New York","055","Monroe","43.14618","-77.54817"
"08/18/2022","AQS","360551007","3","0.1","ppb","0","ROCHESTER 2","24","100.0000","42401","Sulfur dioxide","40380","Rochester, NY","36","New York","055","Monroe","43.14618","-77.54817"
"08/19/2022","AQS","360551007","3","0.6","ppb","0","ROCHESTER 2","24","100.0000","42401","Sulfur dioxide","40380","Rochester, NY","36","New York","055","Monroe","43.14618","-77.54817"
"08/20/2022","AQS","360551007","3","0.6","ppb","0","ROCHESTER 2","24","100.0000","42401","Sulfur dioxide","40380","Rochester, NY","36","New York","055","Monroe","43.14618","-77.54817"
"08/21/2022","AQS","360551007","3","0","ppb","0","ROCHESTER 2","24","100.0000","42401","Sulfur dioxide","40380","Rochester, NY","36","New York","055","Monroe","43.14618","-77.54817"
"08/22/2022","AQS","360551007","3","-0.1","ppb","0","ROCHESTER 2","24","100.0000","42401","Sulfur dioxide","40380","Rochester, NY","36","New York","055","Monroe","43.14618","-77.54817"
"08/23/2022","AQS","360551007","3","-0.1","ppb","0","ROCHESTER 2","24","100.0000","42401","Sulfur dioxide","40380","Rochester, NY","36","New York","055","Monroe","43.14618","-77.54817"
"08/24/2022","AQS","360551007","3","0.2","ppb","0","ROCHESTER 2","24","100.0000","42401","Sulfur dioxide","40380","Rochester, NY","36","New York","055","Monroe","43.14618","-77.54817"
"08/25/2022","AQS","360551007","3","0.1","ppb","0","ROCHESTER 2","22","92.0000","42401","Sulfur dioxide","40380","Rochester, NY","36","New York","055","Monroe","43.14618","-77.54817"
"08/26/2022","AQS","360551007","3","0","ppb","0","ROCHESTER 2","24","100.0000","42401","Sulfur dioxide","40380","Rochester, NY","36","New York","055","Monroe","43.14618","-77.54817"
"08/27/2022","AQS","360551007","3","0","ppb","0","ROCHESTER 2","24","100.0000","42401","Sulfur dioxide","40380","Rochester, NY","36","New York","055","Monroe","43.14618","-77.54817"
"08/28/2022","AQS","360551007","3","0","ppb","0","ROCHESTER 2","24","100.0000","42401","Sulfur dioxide","40380","Rochester, NY","36","New York","055","Monroe","43.14618","-77.54817"
"08/29/2022","AQS","360551007","3","0.2","ppb","0","ROCHESTER 2","24","100.0000","42401","Sulfur dioxide","40380","Rochester, NY","36","New York","055","Monroe","43.14618","-77.54817"
"08/30/2022","AQS","360551007","3","0.2","ppb","0","ROCHESTER 2","24","100.0000","42401","Sulfur dioxide","40380","Rochester, NY","36","New York","055","Monroe","43.14618","-77.54817"
"08/31/2022","AQS","360551007","3","0.3","ppb","0","ROCHESTER 2","24","100.0000","42401","Sulfur dioxide","40380","Rochester, NY","36","New York","055","Monroe","43.14618","-77.54817"
"09/01/2022","AQS","360551007","3","0.3","ppb","0","ROCHESTER 2","24","100.0000","42401","Sulfur dioxide","40380","Rochester, NY","36","New York","055","Monroe","43.14618","-77.54817"
"09/02/2022","AQS","360551007","3","0.9","ppb","0","ROCHESTER 2","24","100.0000","42401","Sulfur dioxide","40380","Rochester, NY","36","New York","055","Monroe","43.14618","-77.54817"
"09/03/2022","AQS","360551007","3","0.3","ppb","0","ROCHESTER 2","22","92.0000","42401","Sulfur dioxide","40380","Rochester, NY","36","New York","055","Monroe","43.14618","-77.54817"
"09/04/2022","AQS","360551007","3","0","ppb","0","ROCHESTER 2","24","100.0000","42401","Sulfur dioxide","40380","Rochester, NY","36","New York","055","Monroe","43.14618","-77.54817"
"09/05/2022","AQS","360551007","3","-0.1","ppb","0","ROCHESTER 2","24","100.0000","42401","Sulfur dioxide","40380","Rochester, NY","36","New York","055","Monroe","43.14618","-77.54817"
"09/06/2022","AQS","360551007","3","-0.1","ppb","0","ROCHESTER 2","23","96.0000","42401","Sulfur dioxide","40380","Rochester, NY","36","New York","055","Monroe","43.14618","-77.54817"
"09/07/2022","AQS","360551007","3","0","ppb","0","ROCHESTER 2","24","100.0000","42401","Sulfur dioxide","40380","Rochester, NY","36","New York","055","Monroe","43.14618","-77.54817"
"09/08/2022","AQS","360551007","3","0","ppb","0","ROCHESTER 2","24","100.0000","42401","Sulfur dioxide","40380","Rochester, NY","36","New York","055","Monroe","43.14618","-77.54817"
"09/09/2022","AQS","360551007","3","0.2","ppb","0","ROCHESTER 2","24","100.0000","42401","Sulfur dioxide","40380","Rochester, NY","36","New York","055","Monroe","43.14618","-77.54817"
"09/10/2022","AQS","360551007","3","0","ppb","0","ROCHESTER 2","24","100.0000","42401","Sulfur dioxide","40380","Rochester, NY","36","New York","055","Monroe","43.14618","-77.54817"
"09/11/2022","AQS","360551007","3","0","ppb","0","ROCHESTER 2","24","100.0000","42401","Sulfur dioxide","40380","Rochester, NY","36","New York","055","Monroe","43.14618","-77.54817"
"09/12/2022","AQS","360551007","3","0","ppb","0","ROCHESTER 2","22","92.0000","42401","Sulfur dioxide","40380","Rochester, NY","36","New York","055","Monroe","43.14618","-77.54817"
"09/13/2022","AQS","360551007","3","0.3","ppb","0","ROCHESTER 2","24","100.0000","42401","Sulfur dioxide","40380","Rochester, NY","36","New York","055","Monroe","43.14618","-77.54817"
"09/14/2022","AQS","360551007","3","0.2","ppb","0","ROCHESTER 2","24","100.0000","42401","Sulfur dioxide","40380","Rochester, NY","36","New York","055","Monroe","43.14618","-77.54817"
"09/15/2022","AQS","360551007","3","0","ppb","0","ROCHESTER 2","24","100.0000","42401","Sulfur dioxide","40380","Rochester, NY","36","New York","055","Monroe","43.14618","-77.54817"
"09/16/2022","AQS","360551007","3","0.3","ppb","0","ROCHESTER 2","24","100.0000","42401","Sulfur dioxide","40380","Rochester, NY","36","New York","055","Monroe","43.14618","-77.54817"
"09/17/2022","AQS","360551007","3","0.1","ppb","0","ROCHESTER 2","24","100.0000","42401","Sulfur dioxide","40380","Rochester, NY","36","New York","055","Monroe","43.14618","-77.54817"
"09/18/2022","AQS","360551007","3","0.1","ppb","0","ROCHESTER 2","24","100.0000","42401","Sulfur dioxide","40380","Rochester, NY","36","New York","055","Monroe","43.14618","-77.54817"
"09/19/2022","AQS","360551007","3","0","ppb","0","ROCHESTER 2","24","100.0000","42401","Sulfur dioxide","40380","Rochester, NY","36","New York","055","Monroe","43.14618","-77.54817"
"09/20/2022","AQS","360551007","3","0.2","ppb","0","ROCHESTER 2","24","100.0000","42401","Sulfur dioxide","40380","Rochester, NY","36","New York","055","Monroe","43.14618","-77.54817"
"09/21/2022","AQS","360551007","3","0.4","ppb","0","ROCHESTER 2","20","83.0000","42401","Sulfur dioxide","40380","Rochester, NY","36","New York","055","Monroe","43.14618","-77.54817"
"09/22/2022","AQS","360551007","3","0","ppb","0","ROCHESTER 2","24","100.0000","42401","Sulfur dioxide","40380","Rochester, NY","36","New York","055","Monroe","43.14618","-77.54817"
"09/23/2022","AQS","360551007","3","0.7","ppb","0","ROCHESTER 2","24","100.0000","42401","Sulfur dioxide","40380","Rochester, NY","36","New York","055","Monroe","43.14618","-77.54817"
"09/24/2022","AQS","360551007","3","0.2","ppb","0","ROCHESTER 2","23","96.0000","42401","Sulfur dioxide","40380","Rochester, NY","36","New York","055","Monroe","43.14618","-77.54817"
"09/25/2022","AQS","360551007","3","0","ppb","0","ROCHESTER 2","24","100.0000","42401","Sulfur dioxide","40380","Rochester, NY","36","New York","055","Monroe","43.14618","-77.54817"
"09/26/2022","AQS","360551007","3","0","ppb","0","ROCHESTER 2","24","100.0000","42401","Sulfur dioxide","40380","Rochester, NY","36","New York","055","Monroe","43.14618","-77.54817"
"09/27/2022","AQS","360551007","3","0","ppb","0","ROCHESTER 2","24","100.0000","42401","Sulfur dioxide","40380","Rochester, NY","36","New York","055","Monroe","43.14618","-77.54817"
"09/28/2022","AQS","360551007","3","0","ppb","0","ROCHESTER 2","24","100.0000","42401","Sulfur dioxide","40380","Rochester, NY","36","New York","055","Monroe","43.14618","-77.54817"
"09/29/2022","AQS","360551007","3","0","ppb","0","ROCHESTER 2","22","92.0000","42401","Sulfur dioxide","40380","Rochester, NY","36","New York","055","Monroe","43.14618","-77.54817"
"09/30/2022","AQS","360551007","3","0.3","ppb","0","ROCHESTER 2","24","100.0000","42401","Sulfur dioxide","40380","Rochester, NY","36","New York","055","Monroe","43.14618","-77.54817"
"10/01/2022","AQS","360551007","3","0.1","ppb","0","ROCHESTER 2","24","100.0000","42401","Sulfur dioxide","40380","Rochester, NY","36","New York","055","Monroe","43.14618","-77.54817"
"10/02/2022","AQS","360551007","3","0","ppb","0","ROCHESTER 2","24","100.0000","42401","Sulfur dioxide","40380","Rochester, NY","36","New York","055","Monroe","43.14618","-77.54817"
"10/03/2022","AQS","360551007","3","0.2","ppb","0","ROCHESTER 2","24","100.0000","42401","Sulfur dioxide","40380","Rochester, NY","36","New York","055","Monroe","43.14618","-77.54817"
"10/04/2022","AQS","360551007","3","0.1","ppb","0","ROCHESTER 2","24","100.0000","42401","Sulfur dioxide","40380","Rochester, NY","36","New York","055","Monroe","43.14618","-77.54817"
"10/05/2022","AQS","360551007","3","0.3","ppb","0","ROCHESTER 2","24","100.0000","42401","Sulfur dioxide","40380","Rochester, NY","36","New York","055","Monroe","43.14618","-77.54817"
"10/06/2022","AQS","360551007","3","0.8","ppb","0","ROCHESTER 2","24","100.0000","42401","Sulfur dioxide","40380","Rochester, NY","36","New York","055","Monroe","43.14618","-77.54817"
"10/07/2022","AQS","360551007","3","0.1","ppb","0","ROCHESTER 2","22","92.0000","42401","Sulfur dioxide","40380","Rochester, NY","36","New York","055","Monroe","43.14618","-77.54817"
"10/08/2022","AQS","360551007","3","0.1","ppb","0","ROCHESTER 2","24","100.0000","42401","Sulfur dioxide","40380","Rochester, NY","36","New York","055","Monroe","43.14618","-77.54817"
"10/09/2022","AQS","360551007","3","0.3","ppb","0","ROCHESTER 2","24","100.0000","42401","Sulfur dioxide","40380","Rochester, NY","36","New York","055","Monroe","43.14618","-77.54817"
"10/10/2022","AQS","360551007","3","0.1","ppb","0","ROCHESTER 2","24","100.0000","42401","Sulfur dioxide","40380","Rochester, NY","36","New York","055","Monroe","43.14618","-77.54817"
"10/11/2022","AQS","360551007","3","1.9","ppb","1","ROCHESTER 2","23","96.0000","42401","Sulfur dioxide","40380","Rochester, NY","36","New York","055","Monroe","43.14618","-77.54817"
"10/12/2022","AQS","360551007","3","0.4","ppb","0","ROCHESTER 2","24","100.0000","42401","Sulfur dioxide","40380","Rochester, NY","36","New York","055","Monroe","43.14618","-77.54817"
"10/13/2022","AQS","360551007","3","0","ppb","0","ROCHESTER 2","24","100.0000","42401","Sulfur dioxide","40380","Rochester, NY","36","New York","055","Monroe","43.14618","-77.54817"
"10/14/2022","AQS","360551007","3","0.1","ppb","0","ROCHESTER 2","24","100.0000","42401","Sulfur dioxide","40380","Rochester, NY","36","New York","055","Monroe","43.14618","-77.54817"
"10/15/2022","AQS","360551007","3","0.1","ppb","0","ROCHESTER 2","24","100.0000","42401","Sulfur dioxide","40380","Rochester, NY","36","New York","055","Monroe","43.14618","-77.54817"
"10/16/2022","AQS","360551007","3","0.1","ppb","0","ROCHESTER 2","24","100.0000","42401","Sulfur dioxide","40380","Rochester, NY","36","New York","055","Monroe","43.14618","-77.54817"
"10/17/2022","AQS","360551007","3","0","ppb","0","ROCHESTER 2","21","88.0000","42401","Sulfur dioxide","40380","Rochester, NY","36","New York","055","Monroe","43.14618","-77.54817"
"10/18/2022","AQS","360551007","3","0","ppb","0","ROCHESTER 2","24","100.0000","42401","Sulfur dioxide","40380","Rochester, NY","36","New York","055","Monroe","43.14618","-77.54817"
"10/19/2022","AQS","360551007","3","0.1","ppb","0","ROCHESTER 2","24","100.0000","42401","Sulfur dioxide","40380","Rochester, NY","36","New York","055","Monroe","43.14618","-77.54817"
"10/20/2022","AQS","360551007","3","0.1","ppb","0","ROCHESTER 2","24","100.0000","42401","Sulfur dioxide","40380","Rochester, NY","36","New York","055","Monroe","43.14618","-77.54817"
"10/21/2022","AQS","360551007","3","0.8","ppb","0","ROCHESTER 2","24","100.0000","42401","Sulfur dioxide","40380","Rochester, NY","36","New York","055","Monroe","43.14618","-77.54817"
"10/22/2022","AQS","360551007","3","0.8","ppb","0","ROCHESTER 2","24","100.0000","42401","Sulfur dioxide","40380","Rochester, NY","36","New York","055","Monroe","43.14618","-77.54817"
"10/23/2022","AQS","360551007","3","0.3","ppb","0","ROCHESTER 2","24","100.0000","42401","Sulfur dioxide","40380","Rochester, NY","36","New York","055","Monroe","43.14618","-77.54817"
"10/24/2022","AQS","360551007","3","0.5","ppb","0","ROCHESTER 2","24","100.0000","42401","Sulfur dioxide","40380","Rochester, NY","36","New York","055","Monroe","43.14618","-77.54817"
"10/25/2022","AQS","360551007","3","0","ppb","0","ROCHESTER 2","24","100.0000","42401","Sulfur dioxide","40380","Rochester, NY","36","New York","055","Monroe","43.14618","-77.54817"
"10/26/2022","AQS","360551007","3","0.1","ppb","0","ROCHESTER 2","21","88.0000","42401","Sulfur dioxide","40380","Rochester, NY","36","New York","055","Monroe","43.14618","-77.54817"
"10/27/2022","AQS","360551007","3","0.1","ppb","0","ROCHESTER 2","24","100.0000","42401","Sulfur dioxide","40380","Rochester, NY","36","New York","055","Monroe","43.14618","-77.54817"
"10/28/2022","AQS","360551007","3","0.4","ppb","0","ROCHESTER 2","24","100.0000","42401","Sulfur dioxide","40380","Rochester, NY","36","New York","055","Monroe","43.14618","-77.54817"
"10/29/2022","AQS","360551007","3","0.2","ppb","0","ROCHESTER 2","24","100.0000","42401","Sulfur dioxide","40380","Rochester, NY","36","New York","055","Monroe","43.14618","-77.54817"
"10/30/2022","AQS","360551007","3","0.1","ppb","0","ROCHESTER 2","24","100.0000","42401","Sulfur dioxide","40380","Rochester, NY","36","New York","055","Monroe","43.14618","-77.54817"
"10/31/2022","AQS","360551007","3","0.4","ppb","0","ROCHESTER 2","24","100.0000","42401","Sulfur dioxide","40380","Rochester, NY","36","New York","055","Monroe","43.14618","-77.54817"
"11/01/2022","AQS","360551007","3","0.2","ppb","0","ROCHESTER 2","24","100.0000","42401","Sulfur dioxide","40380","Rochester, NY","36","New York","055","Monroe","43.14618","-77.54817"
"11/02/2022","AQS","360551007","3","0.1","ppb","0","ROCHESTER 2","22","92.0000","42401","Sulfur dioxide","40380","Rochester, NY","36","New York","055","Monroe","43.14618","-77.54817"
"11/03/2022","AQS","360551007","3","1","ppb","1","ROCHESTER 2","22","92.0000","42401","Sulfur dioxide","40380","Rochester, NY","36","New York","055","Monroe","43.14618","-77.54817"
"11/04/2022","AQS","360551007","3","0.3","ppb","0","ROCHESTER 2","24","100.0000","42401","Sulfur dioxide","40380","Rochester, NY","36","New York","055","Monroe","43.14618","-77.54817"
"11/05/2022","AQS","360551007","3","0","ppb","0","ROCHESTER 2","24","100.0000","42401","Sulfur dioxide","40380","Rochester, NY","36","New York","055","Monroe","43.14618","-77.54817"
"11/06/2022","AQS","360551007","3","0.2","ppb","0","ROCHESTER 2","24","100.0000","42401","Sulfur dioxide","40380","Rochester, NY","36","New York","055","Monroe","43.14618","-77.54817"
"11/07/2022","AQS","360551007","3","0.5","ppb","0","ROCHESTER 2","24","100.0000","42401","Sulfur dioxide","40380","Rochester, NY","36","New York","055","Monroe","43.14618","-77.54817"
"11/08/2022","AQS","360551007","3","0.2","ppb","0","ROCHESTER 2","22","92.0000","42401","Sulfur dioxide","40380","Rochester, NY","36","New York","055","Monroe","43.14618","-77.54817"
"11/09/2022","AQS","360551007","3","0.3","ppb","0","ROCHESTER 2","21","88.0000","42401","Sulfur dioxide","40380","Rochester, NY","36","New York","055","Monroe","43.14618","-77.54817"
"11/10/2022","AQS","360551007","3","0.6","ppb","0","ROCHESTER 2","24","100.0000","42401","Sulfur dioxide","40380","Rochester, NY","36","New York","055","Monroe","43.14618","-77.54817"
"11/11/2022","AQS","360551007","3","0.1","ppb","0","ROCHESTER 2","24","100.0000","42401","Sulfur dioxide","40380","Rochester, NY","36","New York","055","Monroe","43.14618","-77.54817"
"11/12/2022","AQS","360551007","3","0","ppb","0","ROCHESTER 2","24","100.0000","42401","Sulfur dioxide","40380","Rochester, NY","36","New York","055","Monroe","43.14618","-77.54817"
"11/13/2022","AQS","360551007","3","0.2","ppb","0","ROCHESTER 2","24","100.0000","42401","Sulfur dioxide","40380","Rochester, NY","36","New York","055","Monroe","43.14618","-77.54817"
"11/14/2022","AQS","360551007","3","0.3","ppb","0","ROCHESTER 2","23","96.0000","42401","Sulfur dioxide","40380","Rochester, NY","36","New York","055","Monroe","43.14618","-77.54817"
"11/15/2022","AQS","360551007","3","0.5","ppb","0","ROCHESTER 2","24","100.0000","42401","Sulfur dioxide","40380","Rochester, NY","36","New York","055","Monroe","43.14618","-77.54817"
"11/16/2022","AQS","360551007","3","0.9","ppb","0","ROCHESTER 2","24","100.0000","42401","Sulfur dioxide","40380","Rochester, NY","36","New York","055","Monroe","43.14618","-77.54817"
"11/17/2022","AQS","360551007","3","0.3","ppb","0","ROCHESTER 2","24","100.0000","42401","Sulfur dioxide","40380","Rochester, NY","36","New York","055","Monroe","43.14618","-77.54817"
"11/18/2022","AQS","360551007","3","0.6","ppb","0","ROCHESTER 2","24","100.0000","42401","Sulfur dioxide","40380","Rochester, NY","36","New York","055","Monroe","43.14618","-77.54817"
"11/19/2022","AQS","360551007","3","0.2","ppb","0","ROCHESTER 2","24","100.0000","42401","Sulfur dioxide","40380","Rochester, NY","36","New York","055","Monroe","43.14618","-77.54817"
"11/20/2022","AQS","360551007","3","0.2","ppb","0","ROCHESTER 2","24","100.0000","42401","Sulfur dioxide","40380","Rochester, NY","36","New York","055","Monroe","43.14618","-77.54817"
"11/21/2022","AQS","360551007","3","0.9","ppb","0","ROCHESTER 2","24","100.0000","42401","Sulfur dioxide","40380","Rochester, NY","36","New York","055","Monroe","43.14618","-77.54817"
"11/22/2022","AQS","360551007","3","1.8","ppb","1","ROCHESTER 2","24","100.0000","42401","Sulfur dioxide","40380","Rochester, NY","36","New York","055","Monroe","43.14618","-77.54817"
"11/23/2022","AQS","360551007","3","1.2","ppb","1","ROCHESTER 2","24","100.0000","42401","Sulfur dioxide","40380","Rochester, NY","36","New York","055","Monroe","43.14618","-77.54817"
"11/24/2022","AQS","360551007","3","0.9","ppb","0","ROCHESTER 2","24","100.0000","42401","Sulfur dioxide","40380","Rochester, NY","36","New York","055","Monroe","43.14618","-77.54817"
"11/25/2022","AQS","360551007","3","0.4","ppb","0","ROCHESTER 2","22","92.0000","42401","Sulfur dioxide","40380","Rochester, NY","36","New York","055","Monroe","43.14618","-77.54817"
"11/26/2022","AQS","360551007","3","1.3","ppb","1","ROCHESTER 2","24","100.0000","42401","Sulfur dioxide","40380","Rochester, NY","36","New York","055","Monroe","43.14618","-77.54817"
"11/27/2022","AQS","360551007","3","0.6","ppb","0","ROCHESTER 2","24","100.0000","42401","Sulfur dioxide","40380","Rochester, NY","36","New York","055","Monroe","43.14618","-77.54817"
"11/28/2022","AQS","360551007","3","0.3","ppb","0","ROCHESTER 2","24","100.0000","42401","Sulfur dioxide","40380","Rochester, NY","36","New York","055","Monroe","43.14618","-77.54817"
"11/29/2022","AQS","360551007","3","0.1","ppb","0","ROCHESTER 2","24","100.0000","42401","Sulfur dioxide","40380","Rochester, NY","36","New York","055","Monroe","43.14618","-77.54817"
"11/30/2022","AQS","360551007","3","0.1","ppb","0","ROCHESTER 2","22","92.0000","42401","Sulfur dioxide","40380","Rochester, NY","36","New York","055","Monroe","43.14618","-77.54817"
"12/01/2022","AQS","360551007","3","0.2","ppb","0","ROCHESTER 2","24","100.0000","42401","Sulfur dioxide","40380","Rochester, NY","36","New York","055","Monroe","43.14618","-77.54817"
"12/02/2022","AQS","360551007","3","0.4","ppb","0","ROCHESTER 2","24","100.0000","42401","Sulfur dioxide","40380","Rochester, NY","36","New York","055","Monroe","43.14618","-77.54817"
"12/03/2022","AQS","360551007","3","0.3","ppb","0","ROCHESTER 2","24","100.0000","42401","Sulfur dioxide","40380","Rochester, NY","36","New York","055","Monroe","43.14618","-77.54817"
"12/04/2022","AQS","360551007","3","0.4","ppb","0","ROCHESTER 2","24","100.0000","42401","Sulfur dioxide","40380","Rochester, NY","36","New York","055","Monroe","43.14618","-77.54817"
"12/05/2022","AQS","360551007","3","0.9","ppb","0","ROCHESTER 2","22","92.0000","42401","Sulfur dioxide","40380","Rochester, NY","36","New York","055","Monroe","43.14618","-77.54817"
"12/06/2022","AQS","360551007","3","0.3","ppb","0","ROCHESTER 2","24","100.0000","42401","Sulfur dioxide","40380","Rochester, NY","36","New York","055","Monroe","43.14618","-77.54817"
"12/07/2022","AQS","360551007","3","0.5","ppb","0","ROCHESTER 2","24","100.0000","42401","Sulfur dioxide","40380","Rochester, NY","36","New York","055","Monroe","43.14618","-77.54817"
"12/08/2022","AQS","360551007","3","0.2","ppb","0","ROCHESTER 2","22","92.0000","42401","Sulfur dioxide","40380","Rochester, NY","36","New York","055","Monroe","43.14618","-77.54817"
"12/09/2022","AQS","360551007","3","0.1","ppb","0","ROCHESTER 2","24","100.0000","42401","Sulfur dioxide","40380","Rochester, NY","36","New York","055","Monroe","43.14618","-77.54817"
"12/10/2022","AQS","360551007","3","0.2","ppb","0","ROCHESTER 2","24","100.0000","42401","Sulfur dioxide","40380","Rochester, NY","36","New York","055","Monroe","43.14618","-77.54817"
"12/11/2022","AQS","360551007","3","0.3","ppb","0","ROCHESTER 2","24","100.0000","42401","Sulfur dioxide","40380","Rochester, NY","36","New York","055","Monroe","43.14618","-77.54817"
"12/12/2022","AQS","360551007","3","0.1","ppb","0","ROCHESTER 2","24","100.0000","42401","Sulfur dioxide","40380","Rochester, NY","36","New York","055","Monroe","43.14618","-77.54817"
"12/13/2022","AQS","360551007","3","1","ppb","1","ROCHESTER 2","24","100.0000","42401","Sulfur dioxide","40380","Rochester, NY","36","New York","055","Monroe","43.14618","-77.54817"
"12/14/2022","AQS","360551007","3","0.2","ppb","0","ROCHESTER 2","24","100.0000","42401","Sulfur dioxide","40380","Rochester, NY","36","New York","055","Monroe","43.14618","-77.54817"
"12/15/2022","AQS","360551007","3","0.2","ppb","0","ROCHESTER 2","21","88.0000","42401","Sulfur dioxide","40380","Rochester, NY","36","New York","055","Monroe","43.14618","-77.54817"
"12/16/2022","AQS","360551007","3","0.4","ppb","0","ROCHESTER 2","24","100.0000","42401","Sulfur dioxide","40380","Rochester, NY","36","New York","055","Monroe","43.14618","-77.54817"
"12/17/2022","AQS","360551007","3","0.3","ppb","0","ROCHESTER 2","24","100.0000","42401","Sulfur dioxide","40380","Rochester, NY","36","New York","055","Monroe","43.14618","-77.54817"
"12/18/2022","AQS","360551007","3","1.1","ppb","1","ROCHESTER 2","24","100.0000","42401","Sulfur dioxide","40380","Rochester, NY","36","New York","055","Monroe","43.14618","-77.54817"
"12/19/2022","AQS","360551007","3","0.3","ppb","0","ROCHESTER 2","24","100.0000","42401","Sulfur dioxide","40380","Rochester, NY","36","New York","055","Monroe","43.14618","-77.54817"
"12/20/2022","AQS","360551007","3","0.2","ppb","0","ROCHESTER 2","24","100.0000","42401","Sulfur dioxide","40380","Rochester, NY","36","New York","055","Monroe","43.14618","-77.54817"
"12/21/2022","AQS","360551007","3","0.6","ppb","0","ROCHESTER 2","21","88.0000","42401","Sulfur dioxide","40380","Rochester, NY","36","New York","055","Monroe","43.14618","-77.54817"
"12/22/2022","AQS","360551007","3","0.5","ppb","0","ROCHESTER 2","24","100.0000","42401","Sulfur dioxide","40380","Rochester, NY","36","New York","055","Monroe","43.14618","-77.54817"
"12/23/2022","AQS","360551007","3","0.1","ppb","0","ROCHESTER 2","24","100.0000","42401","Sulfur dioxide","40380","Rochester, NY","36","New York","055","Monroe","43.14618","-77.54817"
"12/24/2022","AQS","360551007","3","0.2","ppb","0","ROCHESTER 2","24","100.0000","42401","Sulfur dioxide","40380","Rochester, NY","36","New York","055","Monroe","43.14618","-77.54817"
"12/25/2022","AQS","360551007","3","0.2","ppb","0","ROCHESTER 2","24","100.0000","42401","Sulfur dioxide","40380","Rochester, NY","36","New York","055","Monroe","43.14618","-77.54817"
"12/26/2022","AQS","360551007","3","0.3","ppb","0","ROCHESTER 2","24","100.0000","42401","Sulfur dioxide","40380","Rochester, NY","36","New York","055","Monroe","43.14618","-77.54817"
"12/27/2022","AQS","360551007","3","0.6","ppb","0","ROCHESTER 2","22","92.0000","42401","Sulfur dioxide","40380","Rochester, NY","36","New York","055","Monroe","43.14618","-77.54817"
"12/28/2022","AQS","360551007","3","1.1","ppb","1","ROCHESTER 2","24","100.0000","42401","Sulfur dioxide","40380","Rochester, NY","36","New York","055","Monroe","43.14618","-77.54817"
"12/29/2022","AQS","360551007","3","1.3","ppb","1","ROCHESTER 2","24","100.0000","42401","Sulfur dioxide","40380","Rochester, NY","36","New York","055","Monroe","43.14618","-77.54817"
"12/30/2022","AQS","360551007","3","0.6","ppb","0","ROCHESTER 2","24","100.0000","42401","Sulfur dioxide","40380","Rochester, NY","36","New York","055","Monroe","43.14618","-77.54817"
"12/31/2022","AQS","360551007","3","0.1","ppb","0","ROCHESTER 2","24","100.0000","42401","Sulfur dioxide","40380","Rochester, NY","36","New York","055","Monroe","43.14618","-77.54817"
"01/01/2022","AQS","360590005","3","0.5","ppb","0","EISENHOWER PARK","24","100.0000","42401","Sulfur dioxide","35620","New York-Newark-Jersey City, NY-NJ-PA","36","New York","059","Nassau","40.74316","-73.58549"
"01/02/2022","AQS","360590005","3","0.9","ppb","0","EISENHOWER PARK","24","100.0000","42401","Sulfur dioxide","35620","New York-Newark-Jersey City, NY-NJ-PA","36","New York","059","Nassau","40.74316","-73.58549"
"01/03/2022","AQS","360590005","3","0.1","ppb","0","EISENHOWER PARK","24","100.0000","42401","Sulfur dioxide","35620","New York-Newark-Jersey City, NY-NJ-PA","36","New York","059","Nassau","40.74316","-73.58549"
"01/04/2022","AQS","360590005","3","0.5","ppb","0","EISENHOWER PARK","21","88.0000","42401","Sulfur dioxide","35620","New York-Newark-Jersey City, NY-NJ-PA","36","New York","059","Nassau","40.74316","-73.58549"
"01/05/2022","AQS","360590005","3","0.3","ppb","0","EISENHOWER PARK","24","100.0000","42401","Sulfur dioxide","35620","New York-Newark-Jersey City, NY-NJ-PA","36","New York","059","Nassau","40.74316","-73.58549"
"01/06/2022","AQS","360590005","3","0.8","ppb","0","EISENHOWER PARK","24","100.0000","42401","Sulfur dioxide","35620","New York-Newark-Jersey City, NY-NJ-PA","36","New York","059","Nassau","40.74316","-73.58549"
"01/07/2022","AQS","360590005","3","0.5","ppb","0","EISENHOWER PARK","24","100.0000","42401","Sulfur dioxide","35620","New York-Newark-Jersey City, NY-NJ-PA","36","New York","059","Nassau","40.74316","-73.58549"
"01/08/2022","AQS","360590005","3","0.7","ppb","0","EISENHOWER PARK","24","100.0000","42401","Sulfur dioxide","35620","New York-Newark-Jersey City, NY-NJ-PA","36","New York","059","Nassau","40.74316","-73.58549"
"01/09/2022","AQS","360590005","3","0.3","ppb","0","EISENHOWER PARK","24","100.0000","42401","Sulfur dioxide","35620","New York-Newark-Jersey City, NY-NJ-PA","36","New York","059","Nassau","40.74316","-73.58549"
"01/10/2022","AQS","360590005","3","0.7","ppb","0","EISENHOWER PARK","24","100.0000","42401","Sulfur dioxide","35620","New York-Newark-Jersey City, NY-NJ-PA","36","New York","059","Nassau","40.74316","-73.58549"
"01/11/2022","AQS","360590005","3","0.5","ppb","0","EISENHOWER PARK","22","92.0000","42401","Sulfur dioxide","35620","New York-Newark-Jersey City, NY-NJ-PA","36","New York","059","Nassau","40.74316","-73.58549"
"01/12/2022","AQS","360590005","3","1.8","ppb","1","EISENHOWER PARK","24","100.0000","42401","Sulfur dioxide","35620","New York-Newark-Jersey City, NY-NJ-PA","36","New York","059","Nassau","40.74316","-73.58549"
"01/13/2022","AQS","360590005","3","3.1","ppb","4","EISENHOWER PARK","24","100.0000","42401","Sulfur dioxide","35620","New York-Newark-Jersey City, NY-NJ-PA","36","New York","059","Nassau","40.74316","-73.58549"
"01/14/2022","AQS","360590005","3","0.5","ppb","0","EISENHOWER PARK","24","100.0000","42401","Sulfur dioxide","35620","New York-Newark-Jersey City, NY-NJ-PA","36","New York","059","Nassau","40.74316","-73.58549"
"01/15/2022","AQS","360590005","3","0.3","ppb","0","EISENHOWER PARK","24","100.0000","42401","Sulfur dioxide","35620","New York-Newark-Jersey City, NY-NJ-PA","36","New York","059","Nassau","40.74316","-73.58549"
"01/16/2022","AQS","360590005","3","1.2","ppb","1","EISENHOWER PARK","24","100.0000","42401","Sulfur dioxide","35620","New York-Newark-Jersey City, NY-NJ-PA","36","New York","059","Nassau","40.74316","-73.58549"
"01/17/2022","AQS","360590005","3","0.4","ppb","0","EISENHOWER PARK","24","100.0000","42401","Sulfur dioxide","35620","New York-Newark-Jersey City, NY-NJ-PA","36","New York","059","Nassau","40.74316","-73.58549"
"01/18/2022","AQS","360590005","3","0.2","ppb","0","EISENHOWER PARK","24","100.0000","42401","Sulfur dioxide","35620","New York-Newark-Jersey City, NY-NJ-PA","36","New York","059","Nassau","40.74316","-73.58549"
"01/19/2022","AQS","360590005","3","1.1","ppb","1","EISENHOWER PARK","22","92.0000","42401","Sulfur dioxide","35620","New York-Newark-Jersey City, NY-NJ-PA","36","New York","059","Nassau","40.74316","-73.58549"
"01/20/2022","AQS","360590005","3","0.5","ppb","0","EISENHOWER PARK","24","100.0000","42401","Sulfur dioxide","35620","New York-Newark-Jersey City, NY-NJ-PA","36","New York","059","Nassau","40.74316","-73.58549"
"01/21/2022","AQS","360590005","3","0.1","ppb","0","EISENHOWER PARK","21","88.0000","42401","Sulfur dioxide","35620","New York-Newark-Jersey City, NY-NJ-PA","36","New York","059","Nassau","40.74316","-73.58549"
"01/22/2022","AQS","360590005","3","3","ppb","4","EISENHOWER PARK","24","100.0000","42401","Sulfur dioxide","35620","New York-Newark-Jersey City, NY-NJ-PA","36","New York","059","Nassau","40.74316","-73.58549"
"01/23/2022","AQS","360590005","3","1.5","ppb","1","EISENHOWER PARK","24","100.0000","42401","Sulfur dioxide","35620","New York-Newark-Jersey City, NY-NJ-PA","36","New York","059","Nassau","40.74316","-73.58549"
"01/24/2022","AQS","360590005","3","2.9","ppb","3","EISENHOWER PARK","24","100.0000","42401","Sulfur dioxide","35620","New York-Newark-Jersey City, NY-NJ-PA","36","New York","059","Nassau","40.74316","-73.58549"
"01/25/2022","AQS","360590005","3","1.1","ppb","1","EISENHOWER PARK","21","88.0000","42401","Sulfur dioxide","35620","New York-Newark-Jersey City, NY-NJ-PA","36","New York","059","Nassau","40.74316","-73.58549"
"01/26/2022","AQS","360590005","3","0.5","ppb","0","EISENHOWER PARK","24","100.0000","42401","Sulfur dioxide","35620","New York-Newark-Jersey City, NY-NJ-PA","36","New York","059","Nassau","40.74316","-73.58549"
"01/27/2022","AQS","360590005","3","2.3","ppb","3","EISENHOWER PARK","24","100.0000","42401","Sulfur dioxide","35620","New York-Newark-Jersey City, NY-NJ-PA","36","New York","059","Nassau","40.74316","-73.58549"
"01/28/2022","AQS","360590005","3","2.1","ppb","3","EISENHOWER PARK","24","100.0000","42401","Sulfur dioxide","35620","New York-Newark-Jersey City, NY-NJ-PA","36","New York","059","Nassau","40.74316","-73.58549"
"01/29/2022","AQS","360590005","3","1","ppb","1","EISENHOWER PARK","24","100.0000","42401","Sulfur dioxide","35620","New York-Newark-Jersey City, NY-NJ-PA","36","New York","059","Nassau","40.74316","-73.58549"
"01/30/2022","AQS","360590005","3","0.6","ppb","0","EISENHOWER PARK","24","100.0000","42401","Sulfur dioxide","35620","New York-Newark-Jersey City, NY-NJ-PA","36","New York","059","Nassau","40.74316","-73.58549"
"01/31/2022","AQS","360590005","3","6.7","ppb","9","EISENHOWER PARK","22","92.0000","42401","Sulfur dioxide","35620","New York-Newark-Jersey City, NY-NJ-PA","36","New York","059","Nassau","40.74316","-73.58549"
"02/01/2022","AQS","360590005","3","4","ppb","6","EISENHOWER PARK","24","100.0000","42401","Sulfur dioxide","35620","New York-Newark-Jersey City, NY-NJ-PA","36","New York","059","Nassau","40.74316","-73.58549"
"02/02/2022","AQS","360590005","3","2.7","ppb","3","EISENHOWER PARK","24","100.0000","42401","Sulfur dioxide","35620","New York-Newark-Jersey City, NY-NJ-PA","36","New York","059","Nassau","40.74316","-73.58549"
"02/03/2022","AQS","360590005","3","0.3","ppb","0","EISENHOWER PARK","24","100.0000","42401","Sulfur dioxide","35620","New York-Newark-Jersey City, NY-NJ-PA","36","New York","059","Nassau","40.74316","-73.58549"
"02/04/2022","AQS","360590005","3","0","ppb","0","EISENHOWER PARK","24","100.0000","42401","Sulfur dioxide","35620","New York-Newark-Jersey City, NY-NJ-PA","36","New York","059","Nassau","40.74316","-73.58549"
"02/05/2022","AQS","360590005","3","0","ppb","0","EISENHOWER PARK","24","100.0000","42401","Sulfur dioxide","35620","New York-Newark-Jersey City, NY-NJ-PA","36","New York","059","Nassau","40.74316","-73.58549"
"02/06/2022","AQS","360590005","3","0.8","ppb","0","EISENHOWER PARK","24","100.0000","42401","Sulfur dioxide","35620","New York-Newark-Jersey City, NY-NJ-PA","36","New York","059","Nassau","40.74316","-73.58549"
"02/07/2022","AQS","360590005","3","0.7","ppb","0","EISENHOWER PARK","24","100.0000","42401","Sulfur dioxide","35620","New York-Newark-Jersey City, NY-NJ-PA","36","New York","059","Nassau","40.74316","-73.58549"
"02/08/2022","AQS","360590005","3","0.7","ppb","0","EISENHOWER PARK","22","92.0000","42401","Sulfur dioxide","35620","New York-Newark-Jersey City, NY-NJ-PA","36","New York","059","Nassau","40.74316","-73.58549"
"02/09/2022","AQS","360590005","3","1","ppb","1","EISENHOWER PARK","24","100.0000","42401","Sulfur dioxide","35620","New York-Newark-Jersey City, NY-NJ-PA","36","New York","059","Nassau","40.74316","-73.58549"
"02/10/2022","AQS","360590005","3","1.6","ppb","1","EISENHOWER PARK","24","100.0000","42401","Sulfur dioxide","35620","New York-Newark-Jersey City, NY-NJ-PA","36","New York","059","Nassau","40.74316","-73.58549"
"02/11/2022","AQS","360590005","3","2.2","ppb","3","EISENHOWER PARK","24","100.0000","42401","Sulfur dioxide","35620","New York-Newark-Jersey City, NY-NJ-PA","36","New York","059","Nassau","40.74316","-73.58549"
"02/12/2022","AQS","360590005","3","0.6","ppb","0","EISENHOWER PARK","24","100.0000","42401","Sulfur dioxide","35620","New York-Newark-Jersey City, NY-NJ-PA","36","New York","059","Nassau","40.74316","-73.58549"
"02/13/2022","AQS","360590005","3","0","ppb","0","EISENHOWER PARK","24","100.0000","42401","Sulfur dioxide","35620","New York-Newark-Jersey City, NY-NJ-PA","36","New York","059","Nassau","40.74316","-73.58549"
"02/14/2022","AQS","360590005","3","0","ppb","0","EISENHOWER PARK","24","100.0000","42401","Sulfur dioxide","35620","New York-Newark-Jersey City, NY-NJ-PA","36","New York","059","Nassau","40.74316","-73.58549"
"02/15/2022","AQS","360590005","3","0.6","ppb","0","EISENHOWER PARK","22","92.0000","42401","Sulfur dioxide","35620","New York-Newark-Jersey City, NY-NJ-PA","36","New York","059","Nassau","40.74316","-73.58549"
"02/16/2022","AQS","360590005","3","1.6","ppb","1","EISENHOWER PARK","24","100.0000","42401","Sulfur dioxide","35620","New York-Newark-Jersey City, NY-NJ-PA","36","New York","059","Nassau","40.74316","-73.58549"
"02/17/2022","AQS","360590005","3","0.1","ppb","0","EISENHOWER PARK","24","100.0000","42401","Sulfur dioxide","35620","New York-Newark-Jersey City, NY-NJ-PA","36","New York","059","Nassau","40.74316","-73.58549"
"02/18/2022","AQS","360590005","3","0","ppb","0","EISENHOWER PARK","24","100.0000","42401","Sulfur dioxide","35620","New York-Newark-Jersey City, NY-NJ-PA","36","New York","059","Nassau","40.74316","-73.58549"
"02/19/2022","AQS","360590005","3","0.3","ppb","0","EISENHOWER PARK","24","100.0000","42401","Sulfur dioxide","35620","New York-Newark-Jersey City, NY-NJ-PA","36","New York","059","Nassau","40.74316","-73.58549"
"02/20/2022","AQS","360590005","3","0.3","ppb","0","EISENHOWER PARK","24","100.0000","42401","Sulfur dioxide","35620","New York-Newark-Jersey City, NY-NJ-PA","36","New York","059","Nassau","40.74316","-73.58549"
"02/21/2022","AQS","360590005","3","0.5","ppb","0","EISENHOWER PARK","24","100.0000","42401","Sulfur dioxide","35620","New York-Newark-Jersey City, NY-NJ-PA","36","New York","059","Nassau","40.74316","-73.58549"
"02/22/2022","AQS","360590005","3","1.1","ppb","1","EISENHOWER PARK","24","100.0000","42401","Sulfur dioxide","35620","New York-Newark-Jersey City, NY-NJ-PA","36","New York","059","Nassau","40.74316","-73.58549"
"02/23/2022","AQS","360590005","3","0.5","ppb","0","EISENHOWER PARK","23","96.0000","42401","Sulfur dioxide","35620","New York-Newark-Jersey City, NY-NJ-PA","36","New York","059","Nassau","40.74316","-73.58549"
"02/24/2022","AQS","360590005","3","6.8","ppb","9","EISENHOWER PARK","24","100.0000","42401","Sulfur dioxide","35620","New York-Newark-Jersey City, NY-NJ-PA","36","New York","059","Nassau","40.74316","-73.58549"
"02/25/2022","AQS","360590005","3","7.5","ppb","10","EISENHOWER PARK","24","100.0000","42401","Sulfur dioxide","35620","New York-Newark-Jersey City, NY-NJ-PA","36","New York","059","Nassau","40.74316","-73.58549"
"02/26/2022","AQS","360590005","3","0.6","ppb","0","EISENHOWER PARK","24","100.0000","42401","Sulfur dioxide","35620","New York-Newark-Jersey City, NY-NJ-PA","36","New York","059","Nassau","40.74316","-73.58549"
"02/27/2022","AQS","360590005","3","0.6","ppb","0","EISENHOWER PARK","24","100.0000","42401","Sulfur dioxide","35620","New York-Newark-Jersey City, NY-NJ-PA","36","New York","059","Nassau","40.74316","-73.58549"
"02/28/2022","AQS","360590005","3","1","ppb","1","EISENHOWER PARK","24","100.0000","42401","Sulfur dioxide","35620","New York-Newark-Jersey City, NY-NJ-PA","36","New York","059","Nassau","40.74316","-73.58549"
"03/01/2022","AQS","360590005","3","0.8","ppb","0","EISENHOWER PARK","24","100.0000","42401","Sulfur dioxide","35620","New York-Newark-Jersey City, NY-NJ-PA","36","New York","059","Nassau","40.74316","-73.58549"
"03/02/2022","AQS","360590005","3","0.5","ppb","0","EISENHOWER PARK","23","96.0000","42401","Sulfur dioxide","35620","New York-Newark-Jersey City, NY-NJ-PA","36","New York","059","Nassau","40.74316","-73.58549"
"03/03/2022","AQS","360590005","3","0.2","ppb","0","EISENHOWER PARK","24","100.0000","42401","Sulfur dioxide","35620","New York-Newark-Jersey City, NY-NJ-PA","36","New York","059","Nassau","40.74316","-73.58549"
"03/04/2022","AQS","360590005","3","0.8","ppb","0","EISENHOWER PARK","24","100.0000","42401","Sulfur dioxide","35620","New York-Newark-Jersey City, NY-NJ-PA","36","New York","059","Nassau","40.74316","-73.58549"
"03/05/2022","AQS","360590005","3","2.6","ppb","3","EISENHOWER PARK","24","100.0000","42401","Sulfur dioxide","35620","New York-Newark-Jersey City, NY-NJ-PA","36","New York","059","Nassau","40.74316","-73.58549"
"03/06/2022","AQS","360590005","3","0.2","ppb","0","EISENHOWER PARK","24","100.0000","42401","Sulfur dioxide","35620","New York-Newark-Jersey City, NY-NJ-PA","36","New York","059","Nassau","40.74316","-73.58549"
"03/07/2022","AQS","360590005","3","0.3","ppb","0","EISENHOWER PARK","22","92.0000","42401","Sulfur dioxide","35620","New York-Newark-Jersey City, NY-NJ-PA","36","New York","059","Nassau","40.74316","-73.58549"
"03/08/2022","AQS","360590005","3","0.1","ppb","0","EISENHOWER PARK","24","100.0000","42401","Sulfur dioxide","35620","New York-Newark-Jersey City, NY-NJ-PA","36","New York","059","Nassau","40.74316","-73.58549"
"03/09/2022","AQS","360590005","3","0.3","ppb","0","EISENHOWER PARK","24","100.0000","42401","Sulfur dioxide","35620","New York-Newark-Jersey City, NY-NJ-PA","36","New York","059","Nassau","40.74316","-73.58549"
"03/10/2022","AQS","360590005","3","0.3","ppb","0","EISENHOWER PARK","24","100.0000","42401","Sulfur dioxide","35620","New York-Newark-Jersey City, NY-NJ-PA","36","New York","059","Nassau","40.74316","-73.58549"
"03/11/2022","AQS","360590005","3","1.8","ppb","1","EISENHOWER PARK","24","100.0000","42401","Sulfur dioxide","35620","New York-Newark-Jersey City, NY-NJ-PA","36","New York","059","Nassau","40.74316","-73.58549"
"03/12/2022","AQS","360590005","3","1.2","ppb","1","EISENHOWER PARK","24","100.0000","42401","Sulfur dioxide","35620","New York-Newark-Jersey City, NY-NJ-PA","36","New York","059","Nassau","40.74316","-73.58549"
"03/13/2022","AQS","360590005","3","0.5","ppb","0","EISENHOWER PARK","24","100.0000","42401","Sulfur dioxide","35620","New York-Newark-Jersey City, NY-NJ-PA","36","New York","059","Nassau","40.74316","-73.58549"
"03/14/2022","AQS","360590005","3","1.3","ppb","1","EISENHOWER PARK","22","92.0000","42401","Sulfur dioxide","35620","New York-Newark-Jersey City, NY-NJ-PA","36","New York","059","Nassau","40.74316","-73.58549"
"03/15/2022","AQS","360590005","3","1.1","ppb","1","EISENHOWER PARK","24","100.0000","42401","Sulfur dioxide","35620","New York-Newark-Jersey City, NY-NJ-PA","36","New York","059","Nassau","40.74316","-73.58549"
"03/16/2022","AQS","360590005","3","1.3","ppb","1","EISENHOWER PARK","24","100.0000","42401","Sulfur dioxide","35620","New York-Newark-Jersey City, NY-NJ-PA","36","New York","059","Nassau","40.74316","-73.58549"
"03/17/2022","AQS","360590005","3","4.8","ppb","6","EISENHOWER PARK","24","100.0000","42401","Sulfur dioxide","35620","New York-Newark-Jersey City, NY-NJ-PA","36","New York","059","Nassau","40.74316","-73.58549"
"03/18/2022","AQS","360590005","3","0.9","ppb","0","EISENHOWER PARK","24","100.0000","42401","Sulfur dioxide","35620","New York-Newark-Jersey City, NY-NJ-PA","36","New York","059","Nassau","40.74316","-73.58549"
"03/19/2022","AQS","360590005","3","0.1","ppb","0","EISENHOWER PARK","24","100.0000","42401","Sulfur dioxide","35620","New York-Newark-Jersey City, NY-NJ-PA","36","New York","059","Nassau","40.74316","-73.58549"
"03/20/2022","AQS","360590005","3","0.1","ppb","0","EISENHOWER PARK","24","100.0000","42401","Sulfur dioxide","35620","New York-Newark-Jersey City, NY-NJ-PA","36","New York","059","Nassau","40.74316","-73.58549"
"03/21/2022","AQS","360590005","3","0.4","ppb","0","EISENHOWER PARK","24","100.0000","42401","Sulfur dioxide","35620","New York-Newark-Jersey City, NY-NJ-PA","36","New York","059","Nassau","40.74316","-73.58549"
"03/22/2022","AQS","360590005","3","0.1","ppb","0","EISENHOWER PARK","22","92.0000","42401","Sulfur dioxide","35620","New York-Newark-Jersey City, NY-NJ-PA","36","New York","059","Nassau","40.74316","-73.58549"
"03/23/2022","AQS","360590005","3","3.4","ppb","4","EISENHOWER PARK","24","100.0000","42401","Sulfur dioxide","35620","New York-Newark-Jersey City, NY-NJ-PA","36","New York","059","Nassau","40.74316","-73.58549"
"03/24/2022","AQS","360590005","3","6.9","ppb","9","EISENHOWER PARK","24","100.0000","42401","Sulfur dioxide","35620","New York-Newark-Jersey City, NY-NJ-PA","36","New York","059","Nassau","40.74316","-73.58549"
"03/25/2022","AQS","360590005","3","0.6","ppb","0","EISENHOWER PARK","24","100.0000","42401","Sulfur dioxide","35620","New York-Newark-Jersey City, NY-NJ-PA","36","New York","059","Nassau","40.74316","-73.58549"
"03/26/2022","AQS","360590005","3","0.4","ppb","0","EISENHOWER PARK","24","100.0000","42401","Sulfur dioxide","35620","New York-Newark-Jersey City, NY-NJ-PA","36","New York","059","Nassau","40.74316","-73.58549"
"03/27/2022","AQS","360590005","3","0","ppb","0","EISENHOWER PARK","24","100.0000","42401","Sulfur dioxide","35620","New York-Newark-Jersey City, NY-NJ-PA","36","New York","059","Nassau","40.74316","-73.58549"
"03/28/2022","AQS","360590005","3","0.1","ppb","0","EISENHOWER PARK","24","100.0000","42401","Sulfur dioxide","35620","New York-Newark-Jersey City, NY-NJ-PA","36","New York","059","Nassau","40.74316","-73.58549"
"03/29/2022","AQS","360590005","3","0.1","ppb","0","EISENHOWER PARK","22","92.0000","42401","Sulfur dioxide","35620","New York-Newark-Jersey City, NY-NJ-PA","36","New York","059","Nassau","40.74316","-73.58549"
"03/30/2022","AQS","360590005","3","0.7","ppb","0","EISENHOWER PARK","24","100.0000","42401","Sulfur dioxide","35620","New York-Newark-Jersey City, NY-NJ-PA","36","New York","059","Nassau","40.74316","-73.58549"
"03/31/2022","AQS","360590005","3","0","ppb","0","EISENHOWER PARK","24","100.0000","42401","Sulfur dioxide","35620","New York-Newark-Jersey City, NY-NJ-PA","36","New York","059","Nassau","40.74316","-73.58549"
"04/01/2022","AQS","360590005","3","0.1","ppb","0","EISENHOWER PARK","24","100.0000","42401","Sulfur dioxide","35620","New York-Newark-Jersey City, NY-NJ-PA","36","New York","059","Nassau","40.74316","-73.58549"
"04/02/2022","AQS","360590005","3","0.2","ppb","0","EISENHOWER PARK","24","100.0000","42401","Sulfur dioxide","35620","New York-Newark-Jersey City, NY-NJ-PA","36","New York","059","Nassau","40.74316","-73.58549"
"04/03/2022","AQS","360590005","3","0","ppb","0","EISENHOWER PARK","24","100.0000","42401","Sulfur dioxide","35620","New York-Newark-Jersey City, NY-NJ-PA","36","New York","059","Nassau","40.74316","-73.58549"
"04/04/2022","AQS","360590005","3","0.1","ppb","0","EISENHOWER PARK","24","100.0000","42401","Sulfur dioxide","35620","New York-Newark-Jersey City, NY-NJ-PA","36","New York","059","Nassau","40.74316","-73.58549"
"04/05/2022","AQS","360590005","3","6.2","ppb","9","EISENHOWER PARK","22","92.0000","42401","Sulfur dioxide","35620","New York-Newark-Jersey City, NY-NJ-PA","36","New York","059","Nassau","40.74316","-73.58549"
"04/06/2022","AQS","360590005","3","13.6","ppb","19","EISENHOWER PARK","24","100.0000","42401","Sulfur dioxide","35620","New York-Newark-Jersey City, NY-NJ-PA","36","New York","059","Nassau","40.74316","-73.58549"
"04/07/2022","AQS","360590005","3","14.9","ppb","20","EISENHOWER PARK","24","100.0000","42401","Sulfur dioxide","35620","New York-Newark-Jersey City, NY-NJ-PA","36","New York","059","Nassau","40.74316","-73.58549"
"04/08/2022","AQS","360590005","3","0.1","ppb","0","EISENHOWER PARK","24","100.0000","42401","Sulfur dioxide","35620","New York-Newark-Jersey City, NY-NJ-PA","36","New York","059","Nassau","40.74316","-73.58549"
"04/09/2022","AQS","360590005","3","0.9","ppb","0","EISENHOWER PARK","24","100.0000","42401","Sulfur dioxide","35620","New York-Newark-Jersey City, NY-NJ-PA","36","New York","059","Nassau","40.74316","-73.58549"
"04/10/2022","AQS","360590005","3","0","ppb","0","EISENHOWER PARK","24","100.0000","42401","Sulfur dioxide","35620","New York-Newark-Jersey City, NY-NJ-PA","36","New York","059","Nassau","40.74316","-73.58549"
"04/11/2022","AQS","360590005","3","0.5","ppb","0","EISENHOWER PARK","24","100.0000","42401","Sulfur dioxide","35620","New York-Newark-Jersey City, NY-NJ-PA","36","New York","059","Nassau","40.74316","-73.58549"
"04/12/2022","AQS","360590005","3","0.6","ppb","0","EISENHOWER PARK","24","100.0000","42401","Sulfur dioxide","35620","New York-Newark-Jersey City, NY-NJ-PA","36","New York","059","Nassau","40.74316","-73.58549"
"04/13/2022","AQS","360590005","3","3.4","ppb","4","EISENHOWER PARK","22","92.0000","42401","Sulfur dioxide","35620","New York-Newark-Jersey City, NY-NJ-PA","36","New York","059","Nassau","40.74316","-73.58549"
"04/14/2022","AQS","360590005","3","0.3","ppb","0","EISENHOWER PARK","21","88.0000","42401","Sulfur dioxide","35620","New York-Newark-Jersey City, NY-NJ-PA","36","New York","059","Nassau","40.74316","-73.58549"
"04/15/2022","AQS","360590005","3","0.5","ppb","0","EISENHOWER PARK","24","100.0000","42401","Sulfur dioxide","35620","New York-Newark-Jersey City, NY-NJ-PA","36","New York","059","Nassau","40.74316","-73.58549"
"04/16/2022","AQS","360590005","3","0.3","ppb","0","EISENHOWER PARK","24","100.0000","42401","Sulfur dioxide","35620","New York-Newark-Jersey City, NY-NJ-PA","36","New York","059","Nassau","40.74316","-73.58549"
"04/17/2022","AQS","360590005","3","0.1","ppb","0","EISENHOWER PARK","24","100.0000","42401","Sulfur dioxide","35620","New York-Newark-Jersey City, NY-NJ-PA","36","New York","059","Nassau","40.74316","-73.58549"
"04/18/2022","AQS","360590005","3","1.8","ppb","1","EISENHOWER PARK","24","100.0000","42401","Sulfur dioxide","35620","New York-Newark-Jersey City, NY-NJ-PA","36","New York","059","Nassau","40.74316","-73.58549"
"04/19/2022","AQS","360590005","3","1.8","ppb","1","EISENHOWER PARK","22","92.0000","42401","Sulfur dioxide","35620","New York-Newark-Jersey City, NY-NJ-PA","36","New York","059","Nassau","40.74316","-73.58549"
"04/20/2022","AQS","360590005","3","0.2","ppb","0","EISENHOWER PARK","24","100.0000","42401","Sulfur dioxide","35620","New York-Newark-Jersey City, NY-NJ-PA","36","New York","059","Nassau","40.74316","-73.58549"
"04/21/2022","AQS","360590005","3","0.3","ppb","0","EISENHOWER PARK","24","100.0000","42401","Sulfur dioxide","35620","New York-Newark-Jersey City, NY-NJ-PA","36","New York","059","Nassau","40.74316","-73.58549"
"04/22/2022","AQS","360590005","3","0.9","ppb","0","EISENHOWER PARK","24","100.0000","42401","Sulfur dioxide","35620","New York-Newark-Jersey City, NY-NJ-PA","36","New York","059","Nassau","40.74316","-73.58549"
"04/23/2022","AQS","360590005","3","1.9","ppb","1","EISENHOWER PARK","24","100.0000","42401","Sulfur dioxide","35620","New York-Newark-Jersey City, NY-NJ-PA","36","New York","059","Nassau","40.74316","-73.58549"
"04/24/2022","AQS","360590005","3","0.9","ppb","0","EISENHOWER PARK","24","100.0000","42401","Sulfur dioxide","35620","New York-Newark-Jersey City, NY-NJ-PA","36","New York","059","Nassau","40.74316","-73.58549"
"04/25/2022","AQS","360590005","3","0.2","ppb","0","EISENHOWER PARK","24","100.0000","42401","Sulfur dioxide","35620","New York-Newark-Jersey City, NY-NJ-PA","36","New York","059","Nassau","40.74316","-73.58549"
"04/26/2022","AQS","360590005","3","0.4","ppb","0","EISENHOWER PARK","22","92.0000","42401","Sulfur dioxide","35620","New York-Newark-Jersey City, NY-NJ-PA","36","New York","059","Nassau","40.74316","-73.58549"
"04/27/2022","AQS","360590005","3","0.4","ppb","0","EISENHOWER PARK","23","96.0000","42401","Sulfur dioxide","35620","New York-Newark-Jersey City, NY-NJ-PA","36","New York","059","Nassau","40.74316","-73.58549"
"04/28/2022","AQS","360590005","3","0.1","ppb","0","EISENHOWER PARK","24","100.0000","42401","Sulfur dioxide","35620","New York-Newark-Jersey City, NY-NJ-PA","36","New York","059","Nassau","40.74316","-73.58549"
"04/29/2022","AQS","360590005","3","0.2","ppb","0","EISENHOWER PARK","24","100.0000","42401","Sulfur dioxide","35620","New York-Newark-Jersey City, NY-NJ-PA","36","New York","059","Nassau","40.74316","-73.58549"
"04/30/2022","AQS","360590005","3","0.2","ppb","0","EISENHOWER PARK","24","100.0000","42401","Sulfur dioxide","35620","New York-Newark-Jersey City, NY-NJ-PA","36","New York","059","Nassau","40.74316","-73.58549"
"05/01/2022","AQS","360590005","3","0.4","ppb","0","EISENHOWER PARK","24","100.0000","42401","Sulfur dioxide","35620","New York-Newark-Jersey City, NY-NJ-PA","36","New York","059","Nassau","40.74316","-73.58549"
"05/02/2022","AQS","360590005","3","1","ppb","1","EISENHOWER PARK","24","100.0000","42401","Sulfur dioxide","35620","New York-Newark-Jersey City, NY-NJ-PA","36","New York","059","Nassau","40.74316","-73.58549"
"05/03/2022","AQS","360590005","3","0.7","ppb","0","EISENHOWER PARK","22","92.0000","42401","Sulfur dioxide","35620","New York-Newark-Jersey City, NY-NJ-PA","36","New York","059","Nassau","40.74316","-73.58549"
"05/04/2022","AQS","360590005","3","0.6","ppb","0","EISENHOWER PARK","24","100.0000","42401","Sulfur dioxide","35620","New York-Newark-Jersey City, NY-NJ-PA","36","New York","059","Nassau","40.74316","-73.58549"
"05/05/2022","AQS","360590005","3","0.5","ppb","0","EISENHOWER PARK","24","100.0000","42401","Sulfur dioxide","35620","New York-Newark-Jersey City, NY-NJ-PA","36","New York","059","Nassau","40.74316","-73.58549"
"05/06/2022","AQS","360590005","3","1.1","ppb","1","EISENHOWER PARK","24","100.0000","42401","Sulfur dioxide","35620","New York-Newark-Jersey City, NY-NJ-PA","36","New York","059","Nassau","40.74316","-73.58549"
"05/07/2022","AQS","360590005","3","1.5","ppb","1","EISENHOWER PARK","24","100.0000","42401","Sulfur dioxide","35620","New York-Newark-Jersey City, NY-NJ-PA","36","New York","059","Nassau","40.74316","-73.58549"
"05/08/2022","AQS","360590005","3","0.1","ppb","0","EISENHOWER PARK","24","100.0000","42401","Sulfur dioxide","35620","New York-Newark-Jersey City, NY-NJ-PA","36","New York","059","Nassau","40.74316","-73.58549"
"05/09/2022","AQS","360590005","3","0.1","ppb","0","EISENHOWER PARK","24","100.0000","42401","Sulfur dioxide","35620","New York-Newark-Jersey City, NY-NJ-PA","36","New York","059","Nassau","40.74316","-73.58549"
"05/10/2022","AQS","360590005","3","0.1","ppb","0","EISENHOWER PARK","22","92.0000","42401","Sulfur dioxide","35620","New York-Newark-Jersey City, NY-NJ-PA","36","New York","059","Nassau","40.74316","-73.58549"
"05/11/2022","AQS","360590005","3","0.2","ppb","0","EISENHOWER PARK","24","100.0000","42401","Sulfur dioxide","35620","New York-Newark-Jersey City, NY-NJ-PA","36","New York","059","Nassau","40.74316","-73.58549"
"05/12/2022","AQS","360590005","3","0.6","ppb","0","EISENHOWER PARK","24","100.0000","42401","Sulfur dioxide","35620","New York-Newark-Jersey City, NY-NJ-PA","36","New York","059","Nassau","40.74316","-73.58549"
"05/13/2022","AQS","360590005","3","5.1","ppb","7","EISENHOWER PARK","24","100.0000","42401","Sulfur dioxide","35620","New York-Newark-Jersey City, NY-NJ-PA","36","New York","059","Nassau","40.74316","-73.58549"
"05/14/2022","AQS","360590005","3","0","ppb","0","EISENHOWER PARK","24","100.0000","42401","Sulfur dioxide","35620","New York-Newark-Jersey City, NY-NJ-PA","36","New York","059","Nassau","40.74316","-73.58549"
"05/15/2022","AQS","360590005","3","0.2","ppb","0","EISENHOWER PARK","24","100.0000","42401","Sulfur dioxide","35620","New York-Newark-Jersey City, NY-NJ-PA","36","New York","059","Nassau","40.74316","-73.58549"
"05/16/2022","AQS","360590005","3","0.4","ppb","0","EISENHOWER PARK","24","100.0000","42401","Sulfur dioxide","35620","New York-Newark-Jersey City, NY-NJ-PA","36","New York","059","Nassau","40.74316","-73.58549"
"05/17/2022","AQS","360590005","3","0.5","ppb","0","EISENHOWER PARK","23","96.0000","42401","Sulfur dioxide","35620","New York-Newark-Jersey City, NY-NJ-PA","36","New York","059","Nassau","40.74316","-73.58549"
"05/18/2022","AQS","360590005","3","0.2","ppb","0","EISENHOWER PARK","24","100.0000","42401","Sulfur dioxide","35620","New York-Newark-Jersey City, NY-NJ-PA","36","New York","059","Nassau","40.74316","-73.58549"
"05/19/2022","AQS","360590005","3","0.7","ppb","0","EISENHOWER PARK","24","100.0000","42401","Sulfur dioxide","35620","New York-Newark-Jersey City, NY-NJ-PA","36","New York","059","Nassau","40.74316","-73.58549"
"05/20/2022","AQS","360590005","3","0.1","ppb","0","EISENHOWER PARK","24","100.0000","42401","Sulfur dioxide","35620","New York-Newark-Jersey City, NY-NJ-PA","36","New York","059","Nassau","40.74316","-73.58549"
"05/21/2022","AQS","360590005","3","0.6","ppb","0","EISENHOWER PARK","24","100.0000","42401","Sulfur dioxide","35620","New York-Newark-Jersey City, NY-NJ-PA","36","New York","059","Nassau","40.74316","-73.58549"
"05/22/2022","AQS","360590005","3","0.5","ppb","0","EISENHOWER PARK","24","100.0000","42401","Sulfur dioxide","35620","New York-Newark-Jersey City, NY-NJ-PA","36","New York","059","Nassau","40.74316","-73.58549"
"05/23/2022","AQS","360590005","3","0.1","ppb","0","EISENHOWER PARK","24","100.0000","42401","Sulfur dioxide","35620","New York-Newark-Jersey City, NY-NJ-PA","36","New York","059","Nassau","40.74316","-73.58549"
"05/24/2022","AQS","360590005","3","0.7","ppb","0","EISENHOWER PARK","22","92.0000","42401","Sulfur dioxide","35620","New York-Newark-Jersey City, NY-NJ-PA","36","New York","059","Nassau","40.74316","-73.58549"
"05/25/2022","AQS","360590005","3","6.4","ppb","9","EISENHOWER PARK","24","100.0000","42401","Sulfur dioxide","35620","New York-Newark-Jersey City, NY-NJ-PA","36","New York","059","Nassau","40.74316","-73.58549"
"05/26/2022","AQS","360590005","3","0.2","ppb","0","EISENHOWER PARK","24","100.0000","42401","Sulfur dioxide","35620","New York-Newark-Jersey City, NY-NJ-PA","36","New York","059","Nassau","40.74316","-73.58549"
"05/27/2022","AQS","360590005","3","0.1","ppb","0","EISENHOWER PARK","24","100.0000","42401","Sulfur dioxide","35620","New York-Newark-Jersey City, NY-NJ-PA","36","New York","059","Nassau","40.74316","-73.58549"
"05/28/2022","AQS","360590005","3","0.1","ppb","0","EISENHOWER PARK","24","100.0000","42401","Sulfur dioxide","35620","New York-Newark-Jersey City, NY-NJ-PA","36","New York","059","Nassau","40.74316","-73.58549"
"05/29/2022","AQS","360590005","3","0.2","ppb","0","EISENHOWER PARK","24","100.0000","42401","Sulfur dioxide","35620","New York-Newark-Jersey City, NY-NJ-PA","36","New York","059","Nassau","40.74316","-73.58549"
"05/30/2022","AQS","360590005","3","0.6","ppb","0","EISENHOWER PARK","24","100.0000","42401","Sulfur dioxide","35620","New York-Newark-Jersey City, NY-NJ-PA","36","New York","059","Nassau","40.74316","-73.58549"
"05/31/2022","AQS","360590005","3","0.7","ppb","0","EISENHOWER PARK","24","100.0000","42401","Sulfur dioxide","35620","New York-Newark-Jersey City, NY-NJ-PA","36","New York","059","Nassau","40.74316","-73.58549"
"06/01/2022","AQS","360590005","3","2.7","ppb","3","EISENHOWER PARK","22","92.0000","42401","Sulfur dioxide","35620","New York-Newark-Jersey City, NY-NJ-PA","36","New York","059","Nassau","40.74316","-73.58549"
"06/02/2022","AQS","360590005","3","0.3","ppb","0","EISENHOWER PARK","24","100.0000","42401","Sulfur dioxide","35620","New York-Newark-Jersey City, NY-NJ-PA","36","New York","059","Nassau","40.74316","-73.58549"
"06/03/2022","AQS","360590005","3","0.2","ppb","0","EISENHOWER PARK","24","100.0000","42401","Sulfur dioxide","35620","New York-Newark-Jersey City, NY-NJ-PA","36","New York","059","Nassau","40.74316","-73.58549"
"06/04/2022","AQS","360590005","3","0.3","ppb","0","EISENHOWER PARK","24","100.0000","42401","Sulfur dioxide","35620","New York-Newark-Jersey City, NY-NJ-PA","36","New York","059","Nassau","40.74316","-73.58549"
"06/05/2022","AQS","360590005","3","0.3","ppb","0","EISENHOWER PARK","24","100.0000","42401","Sulfur dioxide","35620","New York-Newark-Jersey City, NY-NJ-PA","36","New York","059","Nassau","40.74316","-73.58549"
"06/06/2022","AQS","360590005","3","0.7","ppb","0","EISENHOWER PARK","24","100.0000","42401","Sulfur dioxide","35620","New York-Newark-Jersey City, NY-NJ-PA","36","New York","059","Nassau","40.74316","-73.58549"
"06/07/2022","AQS","360590005","3","0.1","ppb","0","EISENHOWER PARK","22","92.0000","42401","Sulfur dioxide","35620","New York-Newark-Jersey City, NY-NJ-PA","36","New York","059","Nassau","40.74316","-73.58549"
"06/08/2022","AQS","360590005","3","0.2","ppb","0","EISENHOWER PARK","24","100.0000","42401","Sulfur dioxide","35620","New York-Newark-Jersey City, NY-NJ-PA","36","New York","059","Nassau","40.74316","-73.58549"
"06/09/2022","AQS","360590005","3","0.2","ppb","0","EISENHOWER PARK","24","100.0000","42401","Sulfur dioxide","35620","New York-Newark-Jersey City, NY-NJ-PA","36","New York","059","Nassau","40.74316","-73.58549"
"06/10/2022","AQS","360590005","3","0.3","ppb","0","EISENHOWER PARK","24","100.0000","42401","Sulfur dioxide","35620","New York-Newark-Jersey City, NY-NJ-PA","36","New York","059","Nassau","40.74316","-73.58549"
"06/11/2022","AQS","360590005","3","0.7","ppb","0","EISENHOWER PARK","24","100.0000","42401","Sulfur dioxide","35620","New York-Newark-Jersey City, NY-NJ-PA","36","New York","059","Nassau","40.74316","-73.58549"
"06/12/2022","AQS","360590005","3","0.2","ppb","0","EISENHOWER PARK","24","100.0000","42401","Sulfur dioxide","35620","New York-Newark-Jersey City, NY-NJ-PA","36","New York","059","Nassau","40.74316","-73.58549"
"06/13/2022","AQS","360590005","3","0.5","ppb","0","EISENHOWER PARK","24","100.0000","42401","Sulfur dioxide","35620","New York-Newark-Jersey City, NY-NJ-PA","36","New York","059","Nassau","40.74316","-73.58549"
"06/14/2022","AQS","360590005","3","0.1","ppb","0","EISENHOWER PARK","22","92.0000","42401","Sulfur dioxide","35620","New York-Newark-Jersey City, NY-NJ-PA","36","New York","059","Nassau","40.74316","-73.58549"
"06/15/2022","AQS","360590005","3","0.1","ppb","0","EISENHOWER PARK","24","100.0000","42401","Sulfur dioxide","35620","New York-Newark-Jersey City, NY-NJ-PA","36","New York","059","Nassau","40.74316","-73.58549"
"06/16/2022","AQS","360590005","3","0.1","ppb","0","EISENHOWER PARK","24","100.0000","42401","Sulfur dioxide","35620","New York-Newark-Jersey City, NY-NJ-PA","36","New York","059","Nassau","40.74316","-73.58549"
"06/17/2022","AQS","360590005","3","0.4","ppb","0","EISENHOWER PARK","24","100.0000","42401","Sulfur dioxide","35620","New York-Newark-Jersey City, NY-NJ-PA","36","New York","059","Nassau","40.74316","-73.58549"
"06/18/2022","AQS","360590005","3","0","ppb","0","EISENHOWER PARK","24","100.0000","42401","Sulfur dioxide","35620","New York-Newark-Jersey City, NY-NJ-PA","36","New York","059","Nassau","40.74316","-73.58549"
"06/19/2022","AQS","360590005","3","0","ppb","0","EISENHOWER PARK","24","100.0000","42401","Sulfur dioxide","35620","New York-Newark-Jersey City, NY-NJ-PA","36","New York","059","Nassau","40.74316","-73.58549"
"06/20/2022","AQS","360590005","3","0.7","ppb","0","EISENHOWER PARK","24","100.0000","42401","Sulfur dioxide","35620","New York-Newark-Jersey City, NY-NJ-PA","36","New York","059","Nassau","40.74316","-73.58549"
"06/21/2022","AQS","360590005","3","1.6","ppb","1","EISENHOWER PARK","22","92.0000","42401","Sulfur dioxide","35620","New York-Newark-Jersey City, NY-NJ-PA","36","New York","059","Nassau","40.74316","-73.58549"
"06/22/2022","AQS","360590005","3","0","ppb","0","EISENHOWER PARK","24","100.0000","42401","Sulfur dioxide","35620","New York-Newark-Jersey City, NY-NJ-PA","36","New York","059","Nassau","40.74316","-73.58549"
"06/23/2022","AQS","360590005","3","0.3","ppb","0","EISENHOWER PARK","24","100.0000","42401","Sulfur dioxide","35620","New York-Newark-Jersey City, NY-NJ-PA","36","New York","059","Nassau","40.74316","-73.58549"
"06/24/2022","AQS","360590005","3","0.5","ppb","0","EISENHOWER PARK","24","100.0000","42401","Sulfur dioxide","35620","New York-Newark-Jersey City, NY-NJ-PA","36","New York","059","Nassau","40.74316","-73.58549"
"06/25/2022","AQS","360590005","3","0.3","ppb","0","EISENHOWER PARK","24","100.0000","42401","Sulfur dioxide","35620","New York-Newark-Jersey City, NY-NJ-PA","36","New York","059","Nassau","40.74316","-73.58549"
"06/26/2022","AQS","360590005","3","0.7","ppb","0","EISENHOWER PARK","24","100.0000","42401","Sulfur dioxide","35620","New York-Newark-Jersey City, NY-NJ-PA","36","New York","059","Nassau","40.74316","-73.58549"
"06/27/2022","AQS","360590005","3","0.2","ppb","0","EISENHOWER PARK","24","100.0000","42401","Sulfur dioxide","35620","New York-Newark-Jersey City, NY-NJ-PA","36","New York","059","Nassau","40.74316","-73.58549"
"06/28/2022","AQS","360590005","3","0.2","ppb","0","EISENHOWER PARK","23","96.0000","42401","Sulfur dioxide","35620","New York-Newark-Jersey City, NY-NJ-PA","36","New York","059","Nassau","40.74316","-73.58549"
"06/29/2022","AQS","360590005","3","0.5","ppb","0","EISENHOWER PARK","24","100.0000","42401","Sulfur dioxide","35620","New York-Newark-Jersey City, NY-NJ-PA","36","New York","059","Nassau","40.74316","-73.58549"
"06/30/2022","AQS","360590005","3","0.5","ppb","0","EISENHOWER PARK","24","100.0000","42401","Sulfur dioxide","35620","New York-Newark-Jersey City, NY-NJ-PA","36","New York","059","Nassau","40.74316","-73.58549"
"07/01/2022","AQS","360590005","3","0.5","ppb","0","EISENHOWER PARK","24","100.0000","42401","Sulfur dioxide","35620","New York-Newark-Jersey City, NY-NJ-PA","36","New York","059","Nassau","40.74316","-73.58549"
"07/02/2022","AQS","360590005","3","0.3","ppb","0","EISENHOWER PARK","24","100.0000","42401","Sulfur dioxide","35620","New York-Newark-Jersey City, NY-NJ-PA","36","New York","059","Nassau","40.74316","-73.58549"
"07/03/2022","AQS","360590005","3","3.1","ppb","4","EISENHOWER PARK","24","100.0000","42401","Sulfur dioxide","35620","New York-Newark-Jersey City, NY-NJ-PA","36","New York","059","Nassau","40.74316","-73.58549"
"07/04/2022","AQS","360590005","3","2.1","ppb","3","EISENHOWER PARK","24","100.0000","42401","Sulfur dioxide","35620","New York-Newark-Jersey City, NY-NJ-PA","36","New York","059","Nassau","40.74316","-73.58549"
"07/05/2022","AQS","360590005","3","0.9","ppb","0","EISENHOWER PARK","24","100.0000","42401","Sulfur dioxide","35620","New York-Newark-Jersey City, NY-NJ-PA","36","New York","059","Nassau","40.74316","-73.58549"
"07/06/2022","AQS","360590005","3","0.3","ppb","0","EISENHOWER PARK","24","100.0000","42401","Sulfur dioxide","35620","New York-Newark-Jersey City, NY-NJ-PA","36","New York","059","Nassau","40.74316","-73.58549"
"07/07/2022","AQS","360590005","3","0.8","ppb","0","EISENHOWER PARK","23","96.0000","42401","Sulfur dioxide","35620","New York-Newark-Jersey City, NY-NJ-PA","36","New York","059","Nassau","40.74316","-73.58549"
"07/08/2022","AQS","360590005","3","0.5","ppb","0","EISENHOWER PARK","24","100.0000","42401","Sulfur dioxide","35620","New York-Newark-Jersey City, NY-NJ-PA","36","New York","059","Nassau","40.74316","-73.58549"
"07/09/2022","AQS","360590005","3","0.2","ppb","0","EISENHOWER PARK","24","100.0000","42401","Sulfur dioxide","35620","New York-Newark-Jersey City, NY-NJ-PA","36","New York","059","Nassau","40.74316","-73.58549"
"07/10/2022","AQS","360590005","3","0.2","ppb","0","EISENHOWER PARK","24","100.0000","42401","Sulfur dioxide","35620","New York-Newark-Jersey City, NY-NJ-PA","36","New York","059","Nassau","40.74316","-73.58549"
"07/11/2022","AQS","360590005","3","0.4","ppb","0","EISENHOWER PARK","22","92.0000","42401","Sulfur dioxide","35620","New York-Newark-Jersey City, NY-NJ-PA","36","New York","059","Nassau","40.74316","-73.58549"
"07/12/2022","AQS","360590005","3","0.4","ppb","0","EISENHOWER PARK","24","100.0000","42401","Sulfur dioxide","35620","New York-Newark-Jersey City, NY-NJ-PA","36","New York","059","Nassau","40.74316","-73.58549"
"07/13/2022","AQS","360590005","3","0.4","ppb","0","EISENHOWER PARK","24","100.0000","42401","Sulfur dioxide","35620","New York-Newark-Jersey City, NY-NJ-PA","36","New York","059","Nassau","40.74316","-73.58549"
"07/14/2022","AQS","360590005","3","0.2","ppb","0","EISENHOWER PARK","24","100.0000","42401","Sulfur dioxide","35620","New York-Newark-Jersey City, NY-NJ-PA","36","New York","059","Nassau","40.74316","-73.58549"
"07/15/2022","AQS","360590005","3","0.2","ppb","0","EISENHOWER PARK","24","100.0000","42401","Sulfur dioxide","35620","New York-Newark-Jersey City, NY-NJ-PA","36","New York","059","Nassau","40.74316","-73.58549"
"07/16/2022","AQS","360590005","3","0.3","ppb","0","EISENHOWER PARK","24","100.0000","42401","Sulfur dioxide","35620","New York-Newark-Jersey City, NY-NJ-PA","36","New York","059","Nassau","40.74316","-73.58549"
"07/17/2022","AQS","360590005","3","0.4","ppb","0","EISENHOWER PARK","24","100.0000","42401","Sulfur dioxide","35620","New York-Newark-Jersey City, NY-NJ-PA","36","New York","059","Nassau","40.74316","-73.58549"
"07/18/2022","AQS","360590005","3","0.3","ppb","0","EISENHOWER PARK","24","100.0000","42401","Sulfur dioxide","35620","New York-Newark-Jersey City, NY-NJ-PA","36","New York","059","Nassau","40.74316","-73.58549"
"07/19/2022","AQS","360590005","3","0.3","ppb","0","EISENHOWER PARK","23","96.0000","42401","Sulfur dioxide","35620","New York-Newark-Jersey City, NY-NJ-PA","36","New York","059","Nassau","40.74316","-73.58549"
"07/20/2022","AQS","360590005","3","0.7","ppb","0","EISENHOWER PARK","24","100.0000","42401","Sulfur dioxide","35620","New York-Newark-Jersey City, NY-NJ-PA","36","New York","059","Nassau","40.74316","-73.58549"
"07/21/2022","AQS","360590005","3","0.5","ppb","0","EISENHOWER PARK","24","100.0000","42401","Sulfur dioxide","35620","New York-Newark-Jersey City, NY-NJ-PA","36","New York","059","Nassau","40.74316","-73.58549"
"07/22/2022","AQS","360590005","3","0.7","ppb","0","EISENHOWER PARK","24","100.0000","42401","Sulfur dioxide","35620","New York-Newark-Jersey City, NY-NJ-PA","36","New York","059","Nassau","40.74316","-73.58549"
"07/23/2022","AQS","360590005","3","0.6","ppb","0","EISENHOWER PARK","24","100.0000","42401","Sulfur dioxide","35620","New York-Newark-Jersey City, NY-NJ-PA","36","New York","059","Nassau","40.74316","-73.58549"
"07/24/2022","AQS","360590005","3","0.8","ppb","0","EISENHOWER PARK","24","100.0000","42401","Sulfur dioxide","35620","New York-Newark-Jersey City, NY-NJ-PA","36","New York","059","Nassau","40.74316","-73.58549"
"07/25/2022","AQS","360590005","3","0.4","ppb","0","EISENHOWER PARK","24","100.0000","42401","Sulfur dioxide","35620","New York-Newark-Jersey City, NY-NJ-PA","36","New York","059","Nassau","40.74316","-73.58549"
"07/26/2022","AQS","360590005","3","0.4","ppb","0","EISENHOWER PARK","24","100.0000","42401","Sulfur dioxide","35620","New York-Newark-Jersey City, NY-NJ-PA","36","New York","059","Nassau","40.74316","-73.58549"
"07/27/2022","AQS","360590005","3","1","ppb","1","EISENHOWER PARK","22","92.0000","42401","Sulfur dioxide","35620","New York-Newark-Jersey City, NY-NJ-PA","36","New York","059","Nassau","40.74316","-73.58549"
"07/28/2022","AQS","360590005","3","0.6","ppb","0","EISENHOWER PARK","24","100.0000","42401","Sulfur dioxide","35620","New York-Newark-Jersey City, NY-NJ-PA","36","New York","059","Nassau","40.74316","-73.58549"
"07/29/2022","AQS","360590005","3","0.8","ppb","0","EISENHOWER PARK","24","100.0000","42401","Sulfur dioxide","35620","New York-Newark-Jersey City, NY-NJ-PA","36","New York","059","Nassau","40.74316","-73.58549"
"07/30/2022","AQS","360590005","3","0.2","ppb","0","EISENHOWER PARK","24","100.0000","42401","Sulfur dioxide","35620","New York-Newark-Jersey City, NY-NJ-PA","36","New York","059","Nassau","40.74316","-73.58549"
"07/31/2022","AQS","360590005","3","0.4","ppb","0","EISENHOWER PARK","24","100.0000","42401","Sulfur dioxide","35620","New York-Newark-Jersey City, NY-NJ-PA","36","New York","059","Nassau","40.74316","-73.58549"
"08/01/2022","AQS","360590005","3","0.4","ppb","0","EISENHOWER PARK","24","100.0000","42401","Sulfur dioxide","35620","New York-Newark-Jersey City, NY-NJ-PA","36","New York","059","Nassau","40.74316","-73.58549"
"08/02/2022","AQS","360590005","3","0.5","ppb","0","EISENHOWER PARK","23","96.0000","42401","Sulfur dioxide","35620","New York-Newark-Jersey City, NY-NJ-PA","36","New York","059","Nassau","40.74316","-73.58549"
"08/03/2022","AQS","360590005","3","0.4","ppb","0","EISENHOWER PARK","24","100.0000","42401","Sulfur dioxide","35620","New York-Newark-Jersey City, NY-NJ-PA","36","New York","059","Nassau","40.74316","-73.58549"
"08/04/2022","AQS","360590005","3","1.2","ppb","1","EISENHOWER PARK","24","100.0000","42401","Sulfur dioxide","35620","New York-Newark-Jersey City, NY-NJ-PA","36","New York","059","Nassau","40.74316","-73.58549"
"08/05/2022","AQS","360590005","3","0.8","ppb","0","EISENHOWER PARK","24","100.0000","42401","Sulfur dioxide","35620","New York-Newark-Jersey City, NY-NJ-PA","36","New York","059","Nassau","40.74316","-73.58549"
"08/06/2022","AQS","360590005","3","0.6","ppb","0","EISENHOWER PARK","24","100.0000","42401","Sulfur dioxide","35620","New York-Newark-Jersey City, NY-NJ-PA","36","New York","059","Nassau","40.74316","-73.58549"
"08/07/2022","AQS","360590005","3","0.4","ppb","0","EISENHOWER PARK","24","100.0000","42401","Sulfur dioxide","35620","New York-Newark-Jersey City, NY-NJ-PA","36","New York","059","Nassau","40.74316","-73.58549"
"08/08/2022","AQS","360590005","3","0.5","ppb","0","EISENHOWER PARK","24","100.0000","42401","Sulfur dioxide","35620","New York-Newark-Jersey City, NY-NJ-PA","36","New York","059","Nassau","40.74316","-73.58549"
"08/09/2022","AQS","360590005","3","0.4","ppb","0","EISENHOWER PARK","22","92.0000","42401","Sulfur dioxide","35620","New York-Newark-Jersey City, NY-NJ-PA","36","New York","059","Nassau","40.74316","-73.58549"
"08/10/2022","AQS","360590005","3","0.3","ppb","0","EISENHOWER PARK","24","100.0000","42401","Sulfur dioxide","35620","New York-Newark-Jersey City, NY-NJ-PA","36","New York","059","Nassau","40.74316","-73.58549"
"08/11/2022","AQS","360590005","3","0.3","ppb","0","EISENHOWER PARK","24","100.0000","42401","Sulfur dioxide","35620","New York-Newark-Jersey City, NY-NJ-PA","36","New York","059","Nassau","40.74316","-73.58549"
"08/12/2022","AQS","360590005","3","0.1","ppb","0","EISENHOWER PARK","21","88.0000","42401","Sulfur dioxide","35620","New York-Newark-Jersey City, NY-NJ-PA","36","New York","059","Nassau","40.74316","-73.58549"
"08/13/2022","AQS","360590005","3","0.2","ppb","0","EISENHOWER PARK","24","100.0000","42401","Sulfur dioxide","35620","New York-Newark-Jersey City, NY-NJ-PA","36","New York","059","Nassau","40.74316","-73.58549"
"08/14/2022","AQS","360590005","3","0.4","ppb","0","EISENHOWER PARK","24","100.0000","42401","Sulfur dioxide","35620","New York-Newark-Jersey City, NY-NJ-PA","36","New York","059","Nassau","40.74316","-73.58549"
"08/15/2022","AQS","360590005","3","0.5","ppb","0","EISENHOWER PARK","24","100.0000","42401","Sulfur dioxide","35620","New York-Newark-Jersey City, NY-NJ-PA","36","New York","059","Nassau","40.74316","-73.58549"
"08/16/2022","AQS","360590005","3","0.1","ppb","0","EISENHOWER PARK","22","92.0000","42401","Sulfur dioxide","35620","New York-Newark-Jersey City, NY-NJ-PA","36","New York","059","Nassau","40.74316","-73.58549"
"08/17/2022","AQS","360590005","3","0.2","ppb","0","EISENHOWER PARK","24","100.0000","42401","Sulfur dioxide","35620","New York-Newark-Jersey City, NY-NJ-PA","36","New York","059","Nassau","40.74316","-73.58549"
"08/18/2022","AQS","360590005","3","0.4","ppb","0","EISENHOWER PARK","24","100.0000","42401","Sulfur dioxide","35620","New York-Newark-Jersey City, NY-NJ-PA","36","New York","059","Nassau","40.74316","-73.58549"
"08/19/2022","AQS","360590005","3","0.4","ppb","0","EISENHOWER PARK","24","100.0000","42401","Sulfur dioxide","35620","New York-Newark-Jersey City, NY-NJ-PA","36","New York","059","Nassau","40.74316","-73.58549"
"08/20/2022","AQS","360590005","3","1.1","ppb","1","EISENHOWER PARK","24","100.0000","42401","Sulfur dioxide","35620","New York-Newark-Jersey City, NY-NJ-PA","36","New York","059","Nassau","40.74316","-73.58549"
"08/21/2022","AQS","360590005","3","0.1","ppb","0","EISENHOWER PARK","24","100.0000","42401","Sulfur dioxide","35620","New York-Newark-Jersey City, NY-NJ-PA","36","New York","059","Nassau","40.74316","-73.58549"
"08/22/2022","AQS","360590005","3","0.1","ppb","0","EISENHOWER PARK","24","100.0000","42401","Sulfur dioxide","35620","New York-Newark-Jersey City, NY-NJ-PA","36","New York","059","Nassau","40.74316","-73.58549"
"08/23/2022","AQS","360590005","3","0.3","ppb","0","EISENHOWER PARK","22","92.0000","42401","Sulfur dioxide","35620","New York-Newark-Jersey City, NY-NJ-PA","36","New York","059","Nassau","40.74316","-73.58549"
"08/24/2022","AQS","360590005","3","0.4","ppb","0","EISENHOWER PARK","24","100.0000","42401","Sulfur dioxide","35620","New York-Newark-Jersey City, NY-NJ-PA","36","New York","059","Nassau","40.74316","-73.58549"
"08/25/2022","AQS","360590005","3","0.3","ppb","0","EISENHOWER PARK","24","100.0000","42401","Sulfur dioxide","35620","New York-Newark-Jersey City, NY-NJ-PA","36","New York","059","Nassau","40.74316","-73.58549"
"08/26/2022","AQS","360590005","3","0.5","ppb","0","EISENHOWER PARK","24","100.0000","42401","Sulfur dioxide","35620","New York-Newark-Jersey City, NY-NJ-PA","36","New York","059","Nassau","40.74316","-73.58549"
"08/27/2022","AQS","360590005","3","2.5","ppb","3","EISENHOWER PARK","24","100.0000","42401","Sulfur dioxide","35620","New York-Newark-Jersey City, NY-NJ-PA","36","New York","059","Nassau","40.74316","-73.58549"
"08/28/2022","AQS","360590005","3","10.5","ppb","14","EISENHOWER PARK","24","100.0000","42401","Sulfur dioxide","35620","New York-Newark-Jersey City, NY-NJ-PA","36","New York","059","Nassau","40.74316","-73.58549"
"08/29/2022","AQS","360590005","3","0.1","ppb","0","EISENHOWER PARK","24","100.0000","42401","Sulfur dioxide","35620","New York-Newark-Jersey City, NY-NJ-PA","36","New York","059","Nassau","40.74316","-73.58549"
"08/30/2022","AQS","360590005","3","0.2","ppb","0","EISENHOWER PARK","22","92.0000","42401","Sulfur dioxide","35620","New York-Newark-Jersey City, NY-NJ-PA","36","New York","059","Nassau","40.74316","-73.58549"
"08/31/2022","AQS","360590005","3","0.1","ppb","0","EISENHOWER PARK","24","100.0000","42401","Sulfur dioxide","35620","New York-Newark-Jersey City, NY-NJ-PA","36","New York","059","Nassau","40.74316","-73.58549"
"09/01/2022","AQS","360590005","3","0.9","ppb","0","EISENHOWER PARK","24","100.0000","42401","Sulfur dioxide","35620","New York-Newark-Jersey City, NY-NJ-PA","36","New York","059","Nassau","40.74316","-73.58549"
"09/02/2022","AQS","360590005","3","0.6","ppb","0","EISENHOWER PARK","24","100.0000","42401","Sulfur dioxide","35620","New York-Newark-Jersey City, NY-NJ-PA","36","New York","059","Nassau","40.74316","-73.58549"
"09/03/2022","AQS","360590005","3","2.4","ppb","3","EISENHOWER PARK","24","100.0000","42401","Sulfur dioxide","35620","New York-Newark-Jersey City, NY-NJ-PA","36","New York","059","Nassau","40.74316","-73.58549"
"09/04/2022","AQS","360590005","3","0.5","ppb","0","EISENHOWER PARK","24","100.0000","42401","Sulfur dioxide","35620","New York-Newark-Jersey City, NY-NJ-PA","36","New York","059","Nassau","40.74316","-73.58549"
"09/05/2022","AQS","360590005","3","0.5","ppb","0","EISENHOWER PARK","24","100.0000","42401","Sulfur dioxide","35620","New York-Newark-Jersey City, NY-NJ-PA","36","New York","059","Nassau","40.74316","-73.58549"
"09/06/2022","AQS","360590005","3","1.3","ppb","1","EISENHOWER PARK","24","100.0000","42401","Sulfur dioxide","35620","New York-Newark-Jersey City, NY-NJ-PA","36","New York","059","Nassau","40.74316","-73.58549"
"09/07/2022","AQS","360590005","3","0","ppb","0","EISENHOWER PARK","22","92.0000","42401","Sulfur dioxide","35620","New York-Newark-Jersey City, NY-NJ-PA","36","New York","059","Nassau","40.74316","-73.58549"
"09/08/2022","AQS","360590005","3","0","ppb","0","EISENHOWER PARK","24","100.0000","42401","Sulfur dioxide","35620","New York-Newark-Jersey City, NY-NJ-PA","36","New York","059","Nassau","40.74316","-73.58549"
"09/09/2022","AQS","360590005","3","0.3","ppb","0","EISENHOWER PARK","24","100.0000","42401","Sulfur dioxide","35620","New York-Newark-Jersey City, NY-NJ-PA","36","New York","059","Nassau","40.74316","-73.58549"
"09/10/2022","AQS","360590005","3","0.5","ppb","0","EISENHOWER PARK","24","100.0000","42401","Sulfur dioxide","35620","New York-Newark-Jersey City, NY-NJ-PA","36","New York","059","Nassau","40.74316","-73.58549"
"09/11/2022","AQS","360590005","3","0.6","ppb","0","EISENHOWER PARK","24","100.0000","42401","Sulfur dioxide","35620","New York-Newark-Jersey City, NY-NJ-PA","36","New York","059","Nassau","40.74316","-73.58549"
"09/12/2022","AQS","360590005","3","0.2","ppb","0","EISENHOWER PARK","24","100.0000","42401","Sulfur dioxide","35620","New York-Newark-Jersey City, NY-NJ-PA","36","New York","059","Nassau","40.74316","-73.58549"
"09/13/2022","AQS","360590005","3","0.4","ppb","0","EISENHOWER PARK","22","92.0000","42401","Sulfur dioxide","35620","New York-Newark-Jersey City, NY-NJ-PA","36","New York","059","Nassau","40.74316","-73.58549"
"09/14/2022","AQS","360590005","3","0.2","ppb","0","EISENHOWER PARK","21","88.0000","42401","Sulfur dioxide","35620","New York-Newark-Jersey City, NY-NJ-PA","36","New York","059","Nassau","40.74316","-73.58549"
"09/15/2022","AQS","360590005","3","0.2","ppb","0","EISENHOWER PARK","24","100.0000","42401","Sulfur dioxide","35620","New York-Newark-Jersey City, NY-NJ-PA","36","New York","059","Nassau","40.74316","-73.58549"
"09/16/2022","AQS","360590005","3","0.5","ppb","0","EISENHOWER PARK","24","100.0000","42401","Sulfur dioxide","35620","New York-Newark-Jersey City, NY-NJ-PA","36","New York","059","Nassau","40.74316","-73.58549"
"09/17/2022","AQS","360590005","3","1.4","ppb","1","EISENHOWER PARK","24","100.0000","42401","Sulfur dioxide","35620","New York-Newark-Jersey City, NY-NJ-PA","36","New York","059","Nassau","40.74316","-73.58549"
"09/18/2022","AQS","360590005","3","0.8","ppb","0","EISENHOWER PARK","24","100.0000","42401","Sulfur dioxide","35620","New York-Newark-Jersey City, NY-NJ-PA","36","New York","059","Nassau","40.74316","-73.58549"
"09/19/2022","AQS","360590005","3","0.7","ppb","0","EISENHOWER PARK","24","100.0000","42401","Sulfur dioxide","35620","New York-Newark-Jersey City, NY-NJ-PA","36","New York","059","Nassau","40.74316","-73.58549"
"09/20/2022","AQS","360590005","3","0.3","ppb","0","EISENHOWER PARK","23","96.0000","42401","Sulfur dioxide","35620","New York-Newark-Jersey City, NY-NJ-PA","36","New York","059","Nassau","40.74316","-73.58549"
"09/21/2022","AQS","360590005","3","0.5","ppb","0","EISENHOWER PARK","24","100.0000","42401","Sulfur dioxide","35620","New York-Newark-Jersey City, NY-NJ-PA","36","New York","059","Nassau","40.74316","-73.58549"
"09/22/2022","AQS","360590005","3","0.3","ppb","0","EISENHOWER PARK","24","100.0000","42401","Sulfur dioxide","35620","New York-Newark-Jersey City, NY-NJ-PA","36","New York","059","Nassau","40.74316","-73.58549"
"09/23/2022","AQS","360590005","3","0","ppb","0","EISENHOWER PARK","24","100.0000","42401","Sulfur dioxide","35620","New York-Newark-Jersey City, NY-NJ-PA","36","New York","059","Nassau","40.74316","-73.58549"
"09/24/2022","AQS","360590005","3","0.4","ppb","0","EISENHOWER PARK","24","100.0000","42401","Sulfur dioxide","35620","New York-Newark-Jersey City, NY-NJ-PA","36","New York","059","Nassau","40.74316","-73.58549"
"09/25/2022","AQS","360590005","3","0.3","ppb","0","EISENHOWER PARK","24","100.0000","42401","Sulfur dioxide","35620","New York-Newark-Jersey City, NY-NJ-PA","36","New York","059","Nassau","40.74316","-73.58549"
"09/26/2022","AQS","360590005","3","0.4","ppb","0","EISENHOWER PARK","24","100.0000","42401","Sulfur dioxide","35620","New York-Newark-Jersey City, NY-NJ-PA","36","New York","059","Nassau","40.74316","-73.58549"
"09/27/2022","AQS","360590005","3","0.4","ppb","0","EISENHOWER PARK","22","92.0000","42401","Sulfur dioxide","35620","New York-Newark-Jersey City, NY-NJ-PA","36","New York","059","Nassau","40.74316","-73.58549"
"09/28/2022","AQS","360590005","3","0.3","ppb","0","EISENHOWER PARK","24","100.0000","42401","Sulfur dioxide","35620","New York-Newark-Jersey City, NY-NJ-PA","36","New York","059","Nassau","40.74316","-73.58549"
"09/29/2022","AQS","360590005","3","0","ppb","0","EISENHOWER PARK","24","100.0000","42401","Sulfur dioxide","35620","New York-Newark-Jersey City, NY-NJ-PA","36","New York","059","Nassau","40.74316","-73.58549"
"09/30/2022","AQS","360590005","3","0.3","ppb","0","EISENHOWER PARK","24","100.0000","42401","Sulfur dioxide","35620","New York-Newark-Jersey City, NY-NJ-PA","36","New York","059","Nassau","40.74316","-73.58549"
"10/01/2022","AQS","360590005","3","0","ppb","0","EISENHOWER PARK","24","100.0000","42401","Sulfur dioxide","35620","New York-Newark-Jersey City, NY-NJ-PA","36","New York","059","Nassau","40.74316","-73.58549"
"10/02/2022","AQS","360590005","3","0","ppb","0","EISENHOWER PARK","24","100.0000","42401","Sulfur dioxide","35620","New York-Newark-Jersey City, NY-NJ-PA","36","New York","059","Nassau","40.74316","-73.58549"
"10/03/2022","AQS","360590005","3","0","ppb","0","EISENHOWER PARK","24","100.0000","42401","Sulfur dioxide","35620","New York-Newark-Jersey City, NY-NJ-PA","36","New York","059","Nassau","40.74316","-73.58549"
"10/04/2022","AQS","360590005","3","0","ppb","0","EISENHOWER PARK","23","96.0000","42401","Sulfur dioxide","35620","New York-Newark-Jersey City, NY-NJ-PA","36","New York","059","Nassau","40.74316","-73.58549"
"10/05/2022","AQS","360590005","3","0","ppb","0","EISENHOWER PARK","24","100.0000","42401","Sulfur dioxide","35620","New York-Newark-Jersey City, NY-NJ-PA","36","New York","059","Nassau","40.74316","-73.58549"
"10/06/2022","AQS","360590005","3","0.2","ppb","0","EISENHOWER PARK","24","100.0000","42401","Sulfur dioxide","35620","New York-Newark-Jersey City, NY-NJ-PA","36","New York","059","Nassau","40.74316","-73.58549"
"10/07/2022","AQS","360590005","3","0.8","ppb","0","EISENHOWER PARK","24","100.0000","42401","Sulfur dioxide","35620","New York-Newark-Jersey City, NY-NJ-PA","36","New York","059","Nassau","40.74316","-73.58549"
"10/08/2022","AQS","360590005","3","0","ppb","0","EISENHOWER PARK","24","100.0000","42401","Sulfur dioxide","35620","New York-Newark-Jersey City, NY-NJ-PA","36","New York","059","Nassau","40.74316","-73.58549"
"10/09/2022","AQS","360590005","3","0.7","ppb","0","EISENHOWER PARK","24","100.0000","42401","Sulfur dioxide","35620","New York-Newark-Jersey City, NY-NJ-PA","36","New York","059","Nassau","40.74316","-73.58549"
"10/10/2022","AQS","360590005","3","0.8","ppb","0","EISENHOWER PARK","24","100.0000","42401","Sulfur dioxide","35620","New York-Newark-Jersey City, NY-NJ-PA","36","New York","059","Nassau","40.74316","-73.58549"
"10/11/2022","AQS","360590005","3","0.8","ppb","0","EISENHOWER PARK","22","92.0000","42401","Sulfur dioxide","35620","New York-Newark-Jersey City, NY-NJ-PA","36","New York","059","Nassau","40.74316","-73.58549"
"10/12/2022","AQS","360590005","3","1.3","ppb","1","EISENHOWER PARK","24","100.0000","42401","Sulfur dioxide","35620","New York-Newark-Jersey City, NY-NJ-PA","36","New York","059","Nassau","40.74316","-73.58549"
"10/13/2022","AQS","360590005","3","0","ppb","0","EISENHOWER PARK","24","100.0000","42401","Sulfur dioxide","35620","New York-Newark-Jersey City, NY-NJ-PA","36","New York","059","Nassau","40.74316","-73.58549"
"10/14/2022","AQS","360590005","3","1.3","ppb","1","EISENHOWER PARK","24","100.0000","42401","Sulfur dioxide","35620","New York-Newark-Jersey City, NY-NJ-PA","36","New York","059","Nassau","40.74316","-73.58549"
"10/15/2022","AQS","360590005","3","1.1","ppb","1","EISENHOWER PARK","24","100.0000","42401","Sulfur dioxide","35620","New York-Newark-Jersey City, NY-NJ-PA","36","New York","059","Nassau","40.74316","-73.58549"
"10/16/2022","AQS","360590005","3","0.6","ppb","0","EISENHOWER PARK","24","100.0000","42401","Sulfur dioxide","35620","New York-Newark-Jersey City, NY-NJ-PA","36","New York","059","Nassau","40.74316","-73.58549"
"10/17/2022","AQS","360590005","3","0.5","ppb","0","EISENHOWER PARK","24","100.0000","42401","Sulfur dioxide","35620","New York-Newark-Jersey City, NY-NJ-PA","36","New York","059","Nassau","40.74316","-73.58549"
"10/18/2022","AQS","360590005","3","0.4","ppb","0","EISENHOWER PARK","23","96.0000","42401","Sulfur dioxide","35620","New York-Newark-Jersey City, NY-NJ-PA","36","New York","059","Nassau","40.74316","-73.58549"
"10/19/2022","AQS","360590005","3","0.7","ppb","0","EISENHOWER PARK","24","100.0000","42401","Sulfur dioxide","35620","New York-Newark-Jersey City, NY-NJ-PA","36","New York","059","Nassau","40.74316","-73.58549"
"10/20/2022","AQS","360590005","3","0.4","ppb","0","EISENHOWER PARK","24","100.0000","42401","Sulfur dioxide","35620","New York-Newark-Jersey City, NY-NJ-PA","36","New York","059","Nassau","40.74316","-73.58549"
"10/21/2022","AQS","360590005","3","2","ppb","3","EISENHOWER PARK","24","100.0000","42401","Sulfur dioxide","35620","New York-Newark-Jersey City, NY-NJ-PA","36","New York","059","Nassau","40.74316","-73.58549"
"10/22/2022","AQS","360590005","3","1.2","ppb","1","EISENHOWER PARK","24","100.0000","42401","Sulfur dioxide","35620","New York-Newark-Jersey City, NY-NJ-PA","36","New York","059","Nassau","40.74316","-73.58549"
"10/23/2022","AQS","360590005","3","0.1","ppb","0","EISENHOWER PARK","24","100.0000","42401","Sulfur dioxide","35620","New York-Newark-Jersey City, NY-NJ-PA","36","New York","059","Nassau","40.74316","-73.58549"
"10/24/2022","AQS","360590005","3","0","ppb","0","EISENHOWER PARK","24","100.0000","42401","Sulfur dioxide","35620","New York-Newark-Jersey City, NY-NJ-PA","36","New York","059","Nassau","40.74316","-73.58549"
"10/25/2022","AQS","360590005","3","0","ppb","0","EISENHOWER PARK","22","92.0000","42401","Sulfur dioxide","35620","New York-Newark-Jersey City, NY-NJ-PA","36","New York","059","Nassau","40.74316","-73.58549"
"10/26/2022","AQS","360590005","3","0.3","ppb","0","EISENHOWER PARK","24","100.0000","42401","Sulfur dioxide","35620","New York-Newark-Jersey City, NY-NJ-PA","36","New York","059","Nassau","40.74316","-73.58549"
"10/27/2022","AQS","360590005","3","0.3","ppb","0","EISENHOWER PARK","24","100.0000","42401","Sulfur dioxide","35620","New York-Newark-Jersey City, NY-NJ-PA","36","New York","059","Nassau","40.74316","-73.58549"
"10/28/2022","AQS","360590005","3","0.2","ppb","0","EISENHOWER PARK","24","100.0000","42401","Sulfur dioxide","35620","New York-Newark-Jersey City, NY-NJ-PA","36","New York","059","Nassau","40.74316","-73.58549"
"10/29/2022","AQS","360590005","3","0.8","ppb","0","EISENHOWER PARK","24","100.0000","42401","Sulfur dioxide","35620","New York-Newark-Jersey City, NY-NJ-PA","36","New York","059","Nassau","40.74316","-73.58549"
"10/30/2022","AQS","360590005","3","0.7","ppb","0","EISENHOWER PARK","24","100.0000","42401","Sulfur dioxide","35620","New York-Newark-Jersey City, NY-NJ-PA","36","New York","059","Nassau","40.74316","-73.58549"
"10/31/2022","AQS","360590005","3","0.8","ppb","0","EISENHOWER PARK","24","100.0000","42401","Sulfur dioxide","35620","New York-Newark-Jersey City, NY-NJ-PA","36","New York","059","Nassau","40.74316","-73.58549"
"11/01/2022","AQS","360590005","3","0.3","ppb","0","EISENHOWER PARK","22","92.0000","42401","Sulfur dioxide","35620","New York-Newark-Jersey City, NY-NJ-PA","36","New York","059","Nassau","40.74316","-73.58549"
"11/02/2022","AQS","360590005","3","0.4","ppb","0","EISENHOWER PARK","24","100.0000","42401","Sulfur dioxide","35620","New York-Newark-Jersey City, NY-NJ-PA","36","New York","059","Nassau","40.74316","-73.58549"
"11/03/2022","AQS","360590005","3","2","ppb","3","EISENHOWER PARK","24","100.0000","42401","Sulfur dioxide","35620","New York-Newark-Jersey City, NY-NJ-PA","36","New York","059","Nassau","40.74316","-73.58549"
"11/04/2022","AQS","360590005","3","1","ppb","1","EISENHOWER PARK","24","100.0000","42401","Sulfur dioxide","35620","New York-Newark-Jersey City, NY-NJ-PA","36","New York","059","Nassau","40.74316","-73.58549"
"11/05/2022","AQS","360590005","3","0.1","ppb","0","EISENHOWER PARK","24","100.0000","42401","Sulfur dioxide","35620","New York-Newark-Jersey City, NY-NJ-PA","36","New York","059","Nassau","40.74316","-73.58549"
"11/06/2022","AQS","360590005","3","0.1","ppb","0","EISENHOWER PARK","24","100.0000","42401","Sulfur dioxide","35620","New York-Newark-Jersey City, NY-NJ-PA","36","New York","059","Nassau","40.74316","-73.58549"
"11/07/2022","AQS","360590005","3","0.2","ppb","0","EISENHOWER PARK","24","100.0000","42401","Sulfur dioxide","35620","New York-Newark-Jersey City, NY-NJ-PA","36","New York","059","Nassau","40.74316","-73.58549"
"11/08/2022","AQS","360590005","3","0.1","ppb","0","EISENHOWER PARK","22","92.0000","42401","Sulfur dioxide","35620","New York-Newark-Jersey City, NY-NJ-PA","36","New York","059","Nassau","40.74316","-73.58549"
"11/09/2022","AQS","360590005","3","0.7","ppb","0","EISENHOWER PARK","21","88.0000","42401","Sulfur dioxide","35620","New York-Newark-Jersey City, NY-NJ-PA","36","New York","059","Nassau","40.74316","-73.58549"
"11/10/2022","AQS","360590005","3","1.2","ppb","1","EISENHOWER PARK","24","100.0000","42401","Sulfur dioxide","35620","New York-Newark-Jersey City, NY-NJ-PA","36","New York","059","Nassau","40.74316","-73.58549"
"11/11/2022","AQS","360590005","3","0.9","ppb","0","EISENHOWER PARK","24","100.0000","42401","Sulfur dioxide","35620","New York-Newark-Jersey City, NY-NJ-PA","36","New York","059","Nassau","40.74316","-73.58549"
"11/12/2022","AQS","360590005","3","0.1","ppb","0","EISENHOWER PARK","24","100.0000","42401","Sulfur dioxide","35620","New York-Newark-Jersey City, NY-NJ-PA","36","New York","059","Nassau","40.74316","-73.58549"
"11/13/2022","AQS","360590005","3","0.2","ppb","0","EISENHOWER PARK","24","100.0000","42401","Sulfur dioxide","35620","New York-Newark-Jersey City, NY-NJ-PA","36","New York","059","Nassau","40.74316","-73.58549"
"11/14/2022","AQS","360590005","3","0.1","ppb","0","EISENHOWER PARK","24","100.0000","42401","Sulfur dioxide","35620","New York-Newark-Jersey City, NY-NJ-PA","36","New York","059","Nassau","40.74316","-73.58549"
"11/15/2022","AQS","360590005","3","0.1","ppb","0","EISENHOWER PARK","24","100.0000","42401","Sulfur dioxide","35620","New York-Newark-Jersey City, NY-NJ-PA","36","New York","059","Nassau","40.74316","-73.58549"
"11/16/2022","AQS","360590005","3","0.3","ppb","0","EISENHOWER PARK","22","92.0000","42401","Sulfur dioxide","35620","New York-Newark-Jersey City, NY-NJ-PA","36","New York","059","Nassau","40.74316","-73.58549"
"11/17/2022","AQS","360590005","3","0.5","ppb","0","EISENHOWER PARK","24","100.0000","42401","Sulfur dioxide","35620","New York-Newark-Jersey City, NY-NJ-PA","36","New York","059","Nassau","40.74316","-73.58549"
"11/18/2022","AQS","360590005","3","0.5","ppb","0","EISENHOWER PARK","24","100.0000","42401","Sulfur dioxide","35620","New York-Newark-Jersey City, NY-NJ-PA","36","New York","059","Nassau","40.74316","-73.58549"
"11/19/2022","AQS","360590005","3","0.7","ppb","0","EISENHOWER PARK","24","100.0000","42401","Sulfur dioxide","35620","New York-Newark-Jersey City, NY-NJ-PA","36","New York","059","Nassau","40.74316","-73.58549"
"11/20/2022","AQS","360590005","3","0.8","ppb","0","EISENHOWER PARK","24","100.0000","42401","Sulfur dioxide","35620","New York-Newark-Jersey City, NY-NJ-PA","36","New York","059","Nassau","40.74316","-73.58549"
"11/21/2022","AQS","360590005","3","1","ppb","1","EISENHOWER PARK","24","100.0000","42401","Sulfur dioxide","35620","New York-Newark-Jersey City, NY-NJ-PA","36","New York","059","Nassau","40.74316","-73.58549"
"11/22/2022","AQS","360590005","3","1.6","ppb","1","EISENHOWER PARK","24","100.0000","42401","Sulfur dioxide","35620","New York-Newark-Jersey City, NY-NJ-PA","36","New York","059","Nassau","40.74316","-73.58549"
"11/23/2022","AQS","360590005","3","2.3","ppb","3","EISENHOWER PARK","22","92.0000","42401","Sulfur dioxide","35620","New York-Newark-Jersey City, NY-NJ-PA","36","New York","059","Nassau","40.74316","-73.58549"
"11/24/2022","AQS","360590005","3","10.9","ppb","14","EISENHOWER PARK","24","100.0000","42401","Sulfur dioxide","35620","New York-Newark-Jersey City, NY-NJ-PA","36","New York","059","Nassau","40.74316","-73.58549"
"11/25/2022","AQS","360590005","3","0.4","ppb","0","EISENHOWER PARK","24","100.0000","42401","Sulfur dioxide","35620","New York-Newark-Jersey City, NY-NJ-PA","36","New York","059","Nassau","40.74316","-73.58549"
"11/26/2022","AQS","360590005","3","1.1","ppb","1","EISENHOWER PARK","24","100.0000","42401","Sulfur dioxide","35620","New York-Newark-Jersey City, NY-NJ-PA","36","New York","059","Nassau","40.74316","-73.58549"
"11/27/2022","AQS","360590005","3","0.7","ppb","0","EISENHOWER PARK","24","100.0000","42401","Sulfur dioxide","35620","New York-Newark-Jersey City, NY-NJ-PA","36","New York","059","Nassau","40.74316","-73.58549"
"11/28/2022","AQS","360590005","3","0.3","ppb","0","EISENHOWER PARK","22","92.0000","42401","Sulfur dioxide","35620","New York-Newark-Jersey City, NY-NJ-PA","36","New York","059","Nassau","40.74316","-73.58549"
"11/29/2022","AQS","360590005","3","1.4","ppb","1","EISENHOWER PARK","24","100.0000","42401","Sulfur dioxide","35620","New York-Newark-Jersey City, NY-NJ-PA","36","New York","059","Nassau","40.74316","-73.58549"
"11/30/2022","AQS","360590005","3","1","ppb","1","EISENHOWER PARK","24","100.0000","42401","Sulfur dioxide","35620","New York-Newark-Jersey City, NY-NJ-PA","36","New York","059","Nassau","40.74316","-73.58549"
"12/01/2022","AQS","360590005","3","0.3","ppb","0","EISENHOWER PARK","24","100.0000","42401","Sulfur dioxide","35620","New York-Newark-Jersey City, NY-NJ-PA","36","New York","059","Nassau","40.74316","-73.58549"
"12/02/2022","AQS","360590005","3","1.5","ppb","1","EISENHOWER PARK","24","100.0000","42401","Sulfur dioxide","35620","New York-Newark-Jersey City, NY-NJ-PA","36","New York","059","Nassau","40.74316","-73.58549"
"12/03/2022","AQS","360590005","3","1.1","ppb","1","EISENHOWER PARK","24","100.0000","42401","Sulfur dioxide","35620","New York-Newark-Jersey City, NY-NJ-PA","36","New York","059","Nassau","40.74316","-73.58549"
"12/04/2022","AQS","360590005","3","0.9","ppb","0","EISENHOWER PARK","24","100.0000","42401","Sulfur dioxide","35620","New York-Newark-Jersey City, NY-NJ-PA","36","New York","059","Nassau","40.74316","-73.58549"
"12/05/2022","AQS","360590005","3","2.9","ppb","3","EISENHOWER PARK","24","100.0000","42401","Sulfur dioxide","35620","New York-Newark-Jersey City, NY-NJ-PA","36","New York","059","Nassau","40.74316","-73.58549"
"12/06/2022","AQS","360590005","3","0.8","ppb","0","EISENHOWER PARK","22","92.0000","42401","Sulfur dioxide","35620","New York-Newark-Jersey City, NY-NJ-PA","36","New York","059","Nassau","40.74316","-73.58549"
"12/07/2022","AQS","360590005","3","0.2","ppb","0","EISENHOWER PARK","24","100.0000","42401","Sulfur dioxide","35620","New York-Newark-Jersey City, NY-NJ-PA","36","New York","059","Nassau","40.74316","-73.58549"
"12/08/2022","AQS","360590005","3","0.1","ppb","0","EISENHOWER PARK","24","100.0000","42401","Sulfur dioxide","35620","New York-Newark-Jersey City, NY-NJ-PA","36","New York","059","Nassau","40.74316","-73.58549"
"12/09/2022","AQS","360590005","3","0.1","ppb","0","EISENHOWER PARK","24","100.0000","42401","Sulfur dioxide","35620","New York-Newark-Jersey City, NY-NJ-PA","36","New York","059","Nassau","40.74316","-73.58549"
"12/10/2022","AQS","360590005","3","0.2","ppb","0","EISENHOWER PARK","24","100.0000","42401","Sulfur dioxide","35620","New York-Newark-Jersey City, NY-NJ-PA","36","New York","059","Nassau","40.74316","-73.58549"
"12/11/2022","AQS","360590005","3","0.8","ppb","0","EISENHOWER PARK","24","100.0000","42401","Sulfur dioxide","35620","New York-Newark-Jersey City, NY-NJ-PA","36","New York","059","Nassau","40.74316","-73.58549"
"12/12/2022","AQS","360590005","3","0.1","ppb","0","EISENHOWER PARK","22","92.0000","42401","Sulfur dioxide","35620","New York-Newark-Jersey City, NY-NJ-PA","36","New York","059","Nassau","40.74316","-73.58549"
"12/13/2022","AQS","360590005","3","0.4","ppb","0","EISENHOWER PARK","24","100.0000","42401","Sulfur dioxide","35620","New York-Newark-Jersey City, NY-NJ-PA","36","New York","059","Nassau","40.74316","-73.58549"
"12/14/2022","AQS","360590005","3","0.2","ppb","0","EISENHOWER PARK","24","100.0000","42401","Sulfur dioxide","35620","New York-Newark-Jersey City, NY-NJ-PA","36","New York","059","Nassau","40.74316","-73.58549"
"12/15/2022","AQS","360590005","3","1","ppb","1","EISENHOWER PARK","24","100.0000","42401","Sulfur dioxide","35620","New York-Newark-Jersey City, NY-NJ-PA","36","New York","059","Nassau","40.74316","-73.58549"
"12/16/2022","AQS","360590005","3","0.1","ppb","0","EISENHOWER PARK","24","100.0000","42401","Sulfur dioxide","35620","New York-Newark-Jersey City, NY-NJ-PA","36","New York","059","Nassau","40.74316","-73.58549"
"12/17/2022","AQS","360590005","3","0.2","ppb","0","EISENHOWER PARK","24","100.0000","42401","Sulfur dioxide","35620","New York-Newark-Jersey City, NY-NJ-PA","36","New York","059","Nassau","40.74316","-73.58549"
"12/18/2022","AQS","360590005","3","0.7","ppb","0","EISENHOWER PARK","24","100.0000","42401","Sulfur dioxide","35620","New York-Newark-Jersey City, NY-NJ-PA","36","New York","059","Nassau","40.74316","-73.58549"
"12/19/2022","AQS","360590005","3","0.4","ppb","0","EISENHOWER PARK","24","100.0000","42401","Sulfur dioxide","35620","New York-Newark-Jersey City, NY-NJ-PA","36","New York","059","Nassau","40.74316","-73.58549"
"12/20/2022","AQS","360590005","3","0.3","ppb","0","EISENHOWER PARK","22","92.0000","42401","Sulfur dioxide","35620","New York-Newark-Jersey City, NY-NJ-PA","36","New York","059","Nassau","40.74316","-73.58549"
"12/21/2022","AQS","360590005","3","1.5","ppb","1","EISENHOWER PARK","24","100.0000","42401","Sulfur dioxide","35620","New York-Newark-Jersey City, NY-NJ-PA","36","New York","059","Nassau","40.74316","-73.58549"
"12/22/2022","AQS","360590005","3","6.9","ppb","9","EISENHOWER PARK","24","100.0000","42401","Sulfur dioxide","35620","New York-Newark-Jersey City, NY-NJ-PA","36","New York","059","Nassau","40.74316","-73.58549"
"12/23/2022","AQS","360590005","3","0.5","ppb","0","EISENHOWER PARK","24","100.0000","42401","Sulfur dioxide","35620","New York-Newark-Jersey City, NY-NJ-PA","36","New York","059","Nassau","40.74316","-73.58549"
"12/24/2022","AQS","360590005","3","0.9","ppb","0","EISENHOWER PARK","24","100.0000","42401","Sulfur dioxide","35620","New York-Newark-Jersey City, NY-NJ-PA","36","New York","059","Nassau","40.74316","-73.58549"
"12/25/2022","AQS","360590005","3","1.3","ppb","1","EISENHOWER PARK","24","100.0000","42401","Sulfur dioxide","35620","New York-Newark-Jersey City, NY-NJ-PA","36","New York","059","Nassau","40.74316","-73.58549"
"12/26/2022","AQS","360590005","3","1.2","ppb","1","EISENHOWER PARK","24","100.0000","42401","Sulfur dioxide","35620","New York-Newark-Jersey City, NY-NJ-PA","36","New York","059","Nassau","40.74316","-73.58549"
"12/27/2022","AQS","360590005","3","1.7","ppb","1","EISENHOWER PARK","24","100.0000","42401","Sulfur dioxide","35620","New York-Newark-Jersey City, NY-NJ-PA","36","New York","059","Nassau","40.74316","-73.58549"
"12/28/2022","AQS","360590005","3","1.6","ppb","1","EISENHOWER PARK","22","92.0000","42401","Sulfur dioxide","35620","New York-Newark-Jersey City, NY-NJ-PA","36","New York","059","Nassau","40.74316","-73.58549"
"12/29/2022","AQS","360590005","3","1.8","ppb","1","EISENHOWER PARK","24","100.0000","42401","Sulfur dioxide","35620","New York-Newark-Jersey City, NY-NJ-PA","36","New York","059","Nassau","40.74316","-73.58549"
"12/30/2022","AQS","360590005","3","1","ppb","1","EISENHOWER PARK","24","100.0000","42401","Sulfur dioxide","35620","New York-Newark-Jersey City, NY-NJ-PA","36","New York","059","Nassau","40.74316","-73.58549"
"12/31/2022","AQS","360590005","3","0.7","ppb","0","EISENHOWER PARK","24","100.0000","42401","Sulfur dioxide","35620","New York-Newark-Jersey City, NY-NJ-PA","36","New York","059","Nassau","40.74316","-73.58549"
"01/01/2022","AQS","360810124","2","0.1","ppb","0","QUEENS COLLEGE 2","24","100.0000","42401","Sulfur dioxide","35620","New York-Newark-Jersey City, NY-NJ-PA","36","New York","081","Queens","40.73614","-73.82153"
"01/02/2022","AQS","360810124","2","0.6","ppb","0","QUEENS COLLEGE 2","24","100.0000","42401","Sulfur dioxide","35620","New York-Newark-Jersey City, NY-NJ-PA","36","New York","081","Queens","40.73614","-73.82153"
"01/03/2022","AQS","360810124","2","0.3","ppb","0","QUEENS COLLEGE 2","24","100.0000","42401","Sulfur dioxide","35620","New York-Newark-Jersey City, NY-NJ-PA","36","New York","081","Queens","40.73614","-73.82153"
"01/04/2022","AQS","360810124","2","1.7","ppb","1","QUEENS COLLEGE 2","24","100.0000","42401","Sulfur dioxide","35620","New York-Newark-Jersey City, NY-NJ-PA","36","New York","081","Queens","40.73614","-73.82153"
"01/05/2022","AQS","360810124","2","0.8","ppb","0","QUEENS COLLEGE 2","24","100.0000","42401","Sulfur dioxide","35620","New York-Newark-Jersey City, NY-NJ-PA","36","New York","081","Queens","40.73614","-73.82153"
"01/06/2022","AQS","360810124","2","1.3","ppb","1","QUEENS COLLEGE 2","24","100.0000","42401","Sulfur dioxide","35620","New York-Newark-Jersey City, NY-NJ-PA","36","New York","081","Queens","40.73614","-73.82153"
"01/07/2022","AQS","360810124","2","1.3","ppb","1","QUEENS COLLEGE 2","20","83.0000","42401","Sulfur dioxide","35620","New York-Newark-Jersey City, NY-NJ-PA","36","New York","081","Queens","40.73614","-73.82153"
"01/08/2022","AQS","360810124","2","2.7","ppb","3","QUEENS COLLEGE 2","24","100.0000","42401","Sulfur dioxide","35620","New York-Newark-Jersey City, NY-NJ-PA","36","New York","081","Queens","40.73614","-73.82153"
"01/09/2022","AQS","360810124","2","1.4","ppb","1","QUEENS COLLEGE 2","24","100.0000","42401","Sulfur dioxide","35620","New York-Newark-Jersey City, NY-NJ-PA","36","New York","081","Queens","40.73614","-73.82153"
"01/10/2022","AQS","360810124","2","2.2","ppb","3","QUEENS COLLEGE 2","24","100.0000","42401","Sulfur dioxide","35620","New York-Newark-Jersey City, NY-NJ-PA","36","New York","081","Queens","40.73614","-73.82153"
"01/11/2022","AQS","360810124","2","2.2","ppb","3","QUEENS COLLEGE 2","24","100.0000","42401","Sulfur dioxide","35620","New York-Newark-Jersey City, NY-NJ-PA","36","New York","081","Queens","40.73614","-73.82153"
"01/12/2022","AQS","360810124","2","3.2","ppb","4","QUEENS COLLEGE 2","24","100.0000","42401","Sulfur dioxide","35620","New York-Newark-Jersey City, NY-NJ-PA","36","New York","081","Queens","40.73614","-73.82153"
"01/13/2022","AQS","360810124","2","2.1","ppb","3","QUEENS COLLEGE 2","24","100.0000","42401","Sulfur dioxide","35620","New York-Newark-Jersey City, NY-NJ-PA","36","New York","081","Queens","40.73614","-73.82153"
"01/14/2022","AQS","360810124","2","0.9","ppb","0","QUEENS COLLEGE 2","22","92.0000","42401","Sulfur dioxide","35620","New York-Newark-Jersey City, NY-NJ-PA","36","New York","081","Queens","40.73614","-73.82153"
"01/15/2022","AQS","360810124","2","0.2","ppb","0","QUEENS COLLEGE 2","24","100.0000","42401","Sulfur dioxide","35620","New York-Newark-Jersey City, NY-NJ-PA","36","New York","081","Queens","40.73614","-73.82153"
"01/16/2022","AQS","360810124","2","0.4","ppb","0","QUEENS COLLEGE 2","24","100.0000","42401","Sulfur dioxide","35620","New York-Newark-Jersey City, NY-NJ-PA","36","New York","081","Queens","40.73614","-73.82153"
"01/17/2022","AQS","360810124","2","0.2","ppb","0","QUEENS COLLEGE 2","24","100.0000","42401","Sulfur dioxide","35620","New York-Newark-Jersey City, NY-NJ-PA","36","New York","081","Queens","40.73614","-73.82153"
"01/18/2022","AQS","360810124","2","0.6","ppb","0","QUEENS COLLEGE 2","24","100.0000","42401","Sulfur dioxide","35620","New York-Newark-Jersey City, NY-NJ-PA","36","New York","081","Queens","40.73614","-73.82153"
"01/19/2022","AQS","360810124","2","0.4","ppb","0","QUEENS COLLEGE 2","24","100.0000","42401","Sulfur dioxide","35620","New York-Newark-Jersey City, NY-NJ-PA","36","New York","081","Queens","40.73614","-73.82153"
"01/20/2022","AQS","360810124","2","1.8","ppb","1","QUEENS COLLEGE 2","24","100.0000","42401","Sulfur dioxide","35620","New York-Newark-Jersey City, NY-NJ-PA","36","New York","081","Queens","40.73614","-73.82153"
"01/21/2022","AQS","360810124","2","0.5","ppb","0","QUEENS COLLEGE 2","21","88.0000","42401","Sulfur dioxide","35620","New York-Newark-Jersey City, NY-NJ-PA","36","New York","081","Queens","40.73614","-73.82153"
"01/22/2022","AQS","360810124","2","1.6","ppb","1","QUEENS COLLEGE 2","24","100.0000","42401","Sulfur dioxide","35620","New York-Newark-Jersey City, NY-NJ-PA","36","New York","081","Queens","40.73614","-73.82153"
"01/23/2022","AQS","360810124","2","4.1","ppb","6","QUEENS COLLEGE 2","24","100.0000","42401","Sulfur dioxide","35620","New York-Newark-Jersey City, NY-NJ-PA","36","New York","081","Queens","40.73614","-73.82153"
"01/24/2022","AQS","360810124","2","2.5","ppb","3","QUEENS COLLEGE 2","24","100.0000","42401","Sulfur dioxide","35620","New York-Newark-Jersey City, NY-NJ-PA","36","New York","081","Queens","40.73614","-73.82153"
"01/25/2022","AQS","360810124","2","2.5","ppb","3","QUEENS COLLEGE 2","22","92.0000","42401","Sulfur dioxide","35620","New York-Newark-Jersey City, NY-NJ-PA","36","New York","081","Queens","40.73614","-73.82153"
"01/26/2022","AQS","360810124","2","2.4","ppb","3","QUEENS COLLEGE 2","24","100.0000","42401","Sulfur dioxide","35620","New York-Newark-Jersey City, NY-NJ-PA","36","New York","081","Queens","40.73614","-73.82153"
"01/27/2022","AQS","360810124","2","1.5","ppb","1","QUEENS COLLEGE 2","24","100.0000","42401","Sulfur dioxide","35620","New York-Newark-Jersey City, NY-NJ-PA","36","New York","081","Queens","40.73614","-73.82153"
"01/28/2022","AQS","360810124","2","3.8","ppb","4","QUEENS COLLEGE 2","24","100.0000","42401","Sulfur dioxide","35620","New York-Newark-Jersey City, NY-NJ-PA","36","New York","081","Queens","40.73614","-73.82153"
"01/29/2022","AQS","360810124","2","2.9","ppb","3","QUEENS COLLEGE 2","24","100.0000","42401","Sulfur dioxide","35620","New York-Newark-Jersey City, NY-NJ-PA","36","New York","081","Queens","40.73614","-73.82153"
"01/30/2022","AQS","360810124","2","2.4","ppb","3","QUEENS COLLEGE 2","24","100.0000","42401","Sulfur dioxide","35620","New York-Newark-Jersey City, NY-NJ-PA","36","New York","081","Queens","40.73614","-73.82153"
"01/31/2022","AQS","360810124","2","4.3","ppb","6","QUEENS COLLEGE 2","24","100.0000","42401","Sulfur dioxide","35620","New York-Newark-Jersey City, NY-NJ-PA","36","New York","081","Queens","40.73614","-73.82153"
"02/01/2022","AQS","360810124","2","2.8","ppb","3","QUEENS COLLEGE 2","24","100.0000","42401","Sulfur dioxide","35620","New York-Newark-Jersey City, NY-NJ-PA","36","New York","081","Queens","40.73614","-73.82153"
"02/02/2022","AQS","360810124","2","0.9","ppb","0","QUEENS COLLEGE 2","24","100.0000","42401","Sulfur dioxide","35620","New York-Newark-Jersey City, NY-NJ-PA","36","New York","081","Queens","40.73614","-73.82153"
"02/03/2022","AQS","360810124","2","0.6","ppb","0","QUEENS COLLEGE 2","22","92.0000","42401","Sulfur dioxide","35620","New York-Newark-Jersey City, NY-NJ-PA","36","New York","081","Queens","40.73614","-73.82153"
"02/04/2022","AQS","360810124","2","0.3","ppb","0","QUEENS COLLEGE 2","24","100.0000","42401","Sulfur dioxide","35620","New York-Newark-Jersey City, NY-NJ-PA","36","New York","081","Queens","40.73614","-73.82153"
"02/05/2022","AQS","360810124","2","2.7","ppb","3","QUEENS COLLEGE 2","24","100.0000","42401","Sulfur dioxide","35620","New York-Newark-Jersey City, NY-NJ-PA","36","New York","081","Queens","40.73614","-73.82153"
"02/06/2022","AQS","360810124","2","0.7","ppb","0","QUEENS COLLEGE 2","24","100.0000","42401","Sulfur dioxide","35620","New York-Newark-Jersey City, NY-NJ-PA","36","New York","081","Queens","40.73614","-73.82153"
"02/07/2022","AQS","360810124","2","0.7","ppb","0","QUEENS COLLEGE 2","24","100.0000","42401","Sulfur dioxide","35620","New York-Newark-Jersey City, NY-NJ-PA","36","New York","081","Queens","40.73614","-73.82153"
"02/08/2022","AQS","360810124","2","2","ppb","3","QUEENS COLLEGE 2","21","88.0000","42401","Sulfur dioxide","35620","New York-Newark-Jersey City, NY-NJ-PA","36","New York","081","Queens","40.73614","-73.82153"
"02/09/2022","AQS","360810124","2","1.6","ppb","1","QUEENS COLLEGE 2","24","100.0000","42401","Sulfur dioxide","35620","New York-Newark-Jersey City, NY-NJ-PA","36","New York","081","Queens","40.73614","-73.82153"
"02/10/2022","AQS","360810124","2","1.9","ppb","1","QUEENS COLLEGE 2","24","100.0000","42401","Sulfur dioxide","35620","New York-Newark-Jersey City, NY-NJ-PA","36","New York","081","Queens","40.73614","-73.82153"
"02/11/2022","AQS","360810124","2","1","ppb","1","QUEENS COLLEGE 2","24","100.0000","42401","Sulfur dioxide","35620","New York-Newark-Jersey City, NY-NJ-PA","36","New York","081","Queens","40.73614","-73.82153"
"02/12/2022","AQS","360810124","2","2.9","ppb","3","QUEENS COLLEGE 2","24","100.0000","42401","Sulfur dioxide","35620","New York-Newark-Jersey City, NY-NJ-PA","36","New York","081","Queens","40.73614","-73.82153"
"02/13/2022","AQS","360810124","2","0.2","ppb","0","QUEENS COLLEGE 2","24","100.0000","42401","Sulfur dioxide","35620","New York-Newark-Jersey City, NY-NJ-PA","36","New York","081","Queens","40.73614","-73.82153"
"02/14/2022","AQS","360810124","2","2.6","ppb","3","QUEENS COLLEGE 2","24","100.0000","42401","Sulfur dioxide","35620","New York-Newark-Jersey City, NY-NJ-PA","36","New York","081","Queens","40.73614","-73.82153"
"02/15/2022","AQS","360810124","2","2.2","ppb","3","QUEENS COLLEGE 2","24","100.0000","42401","Sulfur dioxide","35620","New York-Newark-Jersey City, NY-NJ-PA","36","New York","081","Queens","40.73614","-73.82153"
"02/16/2022","AQS","360810124","2","1.4","ppb","1","QUEENS COLLEGE 2","24","100.0000","42401","Sulfur dioxide","35620","New York-Newark-Jersey City, NY-NJ-PA","36","New York","081","Queens","40.73614","-73.82153"
"02/17/2022","AQS","360810124","2","0.5","ppb","0","QUEENS COLLEGE 2","24","100.0000","42401","Sulfur dioxide","35620","New York-Newark-Jersey City, NY-NJ-PA","36","New York","081","Queens","40.73614","-73.82153"
"02/18/2022","AQS","360810124","2","1.7","ppb","1","QUEENS COLLEGE 2","20","83.0000","42401","Sulfur dioxide","35620","New York-Newark-Jersey City, NY-NJ-PA","36","New York","081","Queens","40.73614","-73.82153"
"02/19/2022","AQS","360810124","2","0.5","ppb","0","QUEENS COLLEGE 2","24","100.0000","42401","Sulfur dioxide","35620","New York-Newark-Jersey City, NY-NJ-PA","36","New York","081","Queens","40.73614","-73.82153"
"02/20/2022","AQS","360810124","2","2.9","ppb","3","QUEENS COLLEGE 2","24","100.0000","42401","Sulfur dioxide","35620","New York-Newark-Jersey City, NY-NJ-PA","36","New York","081","Queens","40.73614","-73.82153"
"02/21/2022","AQS","360810124","2","1.8","ppb","1","QUEENS COLLEGE 2","24","100.0000","42401","Sulfur dioxide","35620","New York-Newark-Jersey City, NY-NJ-PA","36","New York","081","Queens","40.73614","-73.82153"
"02/22/2022","AQS","360810124","2","0.6","ppb","0","QUEENS COLLEGE 2","24","100.0000","42401","Sulfur dioxide","35620","New York-Newark-Jersey City, NY-NJ-PA","36","New York","081","Queens","40.73614","-73.82153"
"02/23/2022","AQS","360810124","2","1.6","ppb","1","QUEENS COLLEGE 2","23","96.0000","42401","Sulfur dioxide","35620","New York-Newark-Jersey City, NY-NJ-PA","36","New York","081","Queens","40.73614","-73.82153"
"02/24/2022","AQS","360810124","2","1.3","ppb","1","QUEENS COLLEGE 2","24","100.0000","42401","Sulfur dioxide","35620","New York-Newark-Jersey City, NY-NJ-PA","36","New York","081","Queens","40.73614","-73.82153"
"02/25/2022","AQS","360810124","2","1.4","ppb","1","QUEENS COLLEGE 2","24","100.0000","42401","Sulfur dioxide","35620","New York-Newark-Jersey City, NY-NJ-PA","36","New York","081","Queens","40.73614","-73.82153"
"02/26/2022","AQS","360810124","2","2.2","ppb","3","QUEENS COLLEGE 2","24","100.0000","42401","Sulfur dioxide","35620","New York-Newark-Jersey City, NY-NJ-PA","36","New York","081","Queens","40.73614","-73.82153"
"02/27/2022","AQS","360810124","2","1.9","ppb","1","QUEENS COLLEGE 2","24","100.0000","42401","Sulfur dioxide","35620","New York-Newark-Jersey City, NY-NJ-PA","36","New York","081","Queens","40.73614","-73.82153"
"02/28/2022","AQS","360810124","2","3.1","ppb","4","QUEENS COLLEGE 2","24","100.0000","42401","Sulfur dioxide","35620","New York-Newark-Jersey City, NY-NJ-PA","36","New York","081","Queens","40.73614","-73.82153"
"03/01/2022","AQS","360810124","2","4.6","ppb","6","QUEENS COLLEGE 2","24","100.0000","42401","Sulfur dioxide","35620","New York-Newark-Jersey City, NY-NJ-PA","36","New York","081","Queens","40.73614","-73.82153"
"03/02/2022","AQS","360810124","2","1.6","ppb","1","QUEENS COLLEGE 2","24","100.0000","42401","Sulfur dioxide","35620","New York-Newark-Jersey City, NY-NJ-PA","36","New York","081","Queens","40.73614","-73.82153"
"03/03/2022","AQS","360810124","2","2.3","ppb","3","QUEENS COLLEGE 2","24","100.0000","42401","Sulfur dioxide","35620","New York-Newark-Jersey City, NY-NJ-PA","36","New York","081","Queens","40.73614","-73.82153"
"03/04/2022","AQS","360810124","2","1.2","ppb","1","QUEENS COLLEGE 2","24","100.0000","42401","Sulfur dioxide","35620","New York-Newark-Jersey City, NY-NJ-PA","36","New York","081","Queens","40.73614","-73.82153"
"03/05/2022","AQS","360810124","2","1.2","ppb","1","QUEENS COLLEGE 2","23","96.0000","42401","Sulfur dioxide","35620","New York-Newark-Jersey City, NY-NJ-PA","36","New York","081","Queens","40.73614","-73.82153"
"03/06/2022","AQS","360810124","2","0.4","ppb","0","QUEENS COLLEGE 2","24","100.0000","42401","Sulfur dioxide","35620","New York-Newark-Jersey City, NY-NJ-PA","36","New York","081","Queens","40.73614","-73.82153"
"03/07/2022","AQS","360810124","2","0.7","ppb","0","QUEENS COLLEGE 2","24","100.0000","42401","Sulfur dioxide","35620","New York-Newark-Jersey City, NY-NJ-PA","36","New York","081","Queens","40.73614","-73.82153"
"03/08/2022","AQS","360810124","2","1.3","ppb","1","QUEENS COLLEGE 2","24","100.0000","42401","Sulfur dioxide","35620","New York-Newark-Jersey City, NY-NJ-PA","36","New York","081","Queens","40.73614","-73.82153"
"03/09/2022","AQS","360810124","2","0.7","ppb","0","QUEENS COLLEGE 2","21","88.0000","42401","Sulfur dioxide","35620","New York-Newark-Jersey City, NY-NJ-PA","36","New York","081","Queens","40.73614","-73.82153"
"03/10/2022","AQS","360810124","2","1.2","ppb","1","QUEENS COLLEGE 2","24","100.0000","42401","Sulfur dioxide","35620","New York-Newark-Jersey City, NY-NJ-PA","36","New York","081","Queens","40.73614","-73.82153"
"03/11/2022","AQS","360810124","2","2.1","ppb","3","QUEENS COLLEGE 2","23","96.0000","42401","Sulfur dioxide","35620","New York-Newark-Jersey City, NY-NJ-PA","36","New York","081","Queens","40.73614","-73.82153"
"03/12/2022","AQS","360810124","2","0.8","ppb","0","QUEENS COLLEGE 2","24","100.0000","42401","Sulfur dioxide","35620","New York-Newark-Jersey City, NY-NJ-PA","36","New York","081","Queens","40.73614","-73.82153"
"03/13/2022","AQS","360810124","2","0.8","ppb","0","QUEENS COLLEGE 2","24","100.0000","42401","Sulfur dioxide","35620","New York-Newark-Jersey City, NY-NJ-PA","36","New York","081","Queens","40.73614","-73.82153"
"03/14/2022","AQS","360810124","2","6.3","ppb","9","QUEENS COLLEGE 2","24","100.0000","42401","Sulfur dioxide","35620","New York-Newark-Jersey City, NY-NJ-PA","36","New York","081","Queens","40.73614","-73.82153"
"03/15/2022","AQS","360810124","2","2.4","ppb","3","QUEENS COLLEGE 2","24","100.0000","42401","Sulfur dioxide","35620","New York-Newark-Jersey City, NY-NJ-PA","36","New York","081","Queens","40.73614","-73.82153"
"03/16/2022","AQS","360810124","2","3.6","ppb","4","QUEENS COLLEGE 2","24","100.0000","42401","Sulfur dioxide","35620","New York-Newark-Jersey City, NY-NJ-PA","36","New York","081","Queens","40.73614","-73.82153"
"03/17/2022","AQS","360810124","2","0.1","ppb","0","QUEENS COLLEGE 2","22","92.0000","42401","Sulfur dioxide","35620","New York-Newark-Jersey City, NY-NJ-PA","36","New York","081","Queens","40.73614","-73.82153"
"03/18/2022","AQS","360810124","2","0.9","ppb","0","QUEENS COLLEGE 2","24","100.0000","42401","Sulfur dioxide","35620","New York-Newark-Jersey City, NY-NJ-PA","36","New York","081","Queens","40.73614","-73.82153"
"03/19/2022","AQS","360810124","2","0.6","ppb","0","QUEENS COLLEGE 2","24","100.0000","42401","Sulfur dioxide","35620","New York-Newark-Jersey City, NY-NJ-PA","36","New York","081","Queens","40.73614","-73.82153"
"03/20/2022","AQS","360810124","2","0.3","ppb","0","QUEENS COLLEGE 2","24","100.0000","42401","Sulfur dioxide","35620","New York-Newark-Jersey City, NY-NJ-PA","36","New York","081","Queens","40.73614","-73.82153"
"03/21/2022","AQS","360810124","2","1.9","ppb","1","QUEENS COLLEGE 2","18","75.0000","42401","Sulfur dioxide","35620","New York-Newark-Jersey City, NY-NJ-PA","36","New York","081","Queens","40.73614","-73.82153"
"03/22/2022","AQS","360810124","2","2.7","ppb","3","QUEENS COLLEGE 2","24","100.0000","42401","Sulfur dioxide","35620","New York-Newark-Jersey City, NY-NJ-PA","36","New York","081","Queens","40.73614","-73.82153"
"03/23/2022","AQS","360810124","2","2.8","ppb","3","QUEENS COLLEGE 2","24","100.0000","42401","Sulfur dioxide","35620","New York-Newark-Jersey City, NY-NJ-PA","36","New York","081","Queens","40.73614","-73.82153"
"03/24/2022","AQS","360810124","2","0.5","ppb","0","QUEENS COLLEGE 2","24","100.0000","42401","Sulfur dioxide","35620","New York-Newark-Jersey City, NY-NJ-PA","36","New York","081","Queens","40.73614","-73.82153"
"03/25/2022","AQS","360810124","2","1.1","ppb","1","QUEENS COLLEGE 2","24","100.0000","42401","Sulfur dioxide","35620","New York-Newark-Jersey City, NY-NJ-PA","36","New York","081","Queens","40.73614","-73.82153"
"03/26/2022","AQS","360810124","2","0.8","ppb","0","QUEENS COLLEGE 2","24","100.0000","42401","Sulfur dioxide","35620","New York-Newark-Jersey City, NY-NJ-PA","36","New York","081","Queens","40.73614","-73.82153"
"03/27/2022","AQS","360810124","2","0.1","ppb","0","QUEENS COLLEGE 2","24","100.0000","42401","Sulfur dioxide","35620","New York-Newark-Jersey City, NY-NJ-PA","36","New York","081","Queens","40.73614","-73.82153"
"03/28/2022","AQS","360810124","2","1.8","ppb","1","QUEENS COLLEGE 2","24","100.0000","42401","Sulfur dioxide","35620","New York-Newark-Jersey City, NY-NJ-PA","36","New York","081","Queens","40.73614","-73.82153"
"03/29/2022","AQS","360810124","2","3","ppb","4","QUEENS COLLEGE 2","24","100.0000","42401","Sulfur dioxide","35620","New York-Newark-Jersey City, NY-NJ-PA","36","New York","081","Queens","40.73614","-73.82153"
"03/30/2022","AQS","360810124","2","3.5","ppb","4","QUEENS COLLEGE 2","22","92.0000","42401","Sulfur dioxide","35620","New York-Newark-Jersey City, NY-NJ-PA","36","New York","081","Queens","40.73614","-73.82153"
"03/31/2022","AQS","360810124","2","0.4","ppb","0","QUEENS COLLEGE 2","23","96.0000","42401","Sulfur dioxide","35620","New York-Newark-Jersey City, NY-NJ-PA","36","New York","081","Queens","40.73614","-73.82153"
"04/01/2022","AQS","360810124","2","0.3","ppb","0","QUEENS COLLEGE 2","22","92.0000","42401","Sulfur dioxide","35620","New York-Newark-Jersey City, NY-NJ-PA","36","New York","081","Queens","40.73614","-73.82153"
"04/02/2022","AQS","360810124","2","1.6","ppb","1","QUEENS COLLEGE 2","23","96.0000","42401","Sulfur dioxide","35620","New York-Newark-Jersey City, NY-NJ-PA","36","New York","081","Queens","40.73614","-73.82153"
"04/03/2022","AQS","360810124","2","0.8","ppb","0","QUEENS COLLEGE 2","24","100.0000","42401","Sulfur dioxide","35620","New York-Newark-Jersey City, NY-NJ-PA","36","New York","081","Queens","40.73614","-73.82153"
"04/04/2022","AQS","360810124","2","2","ppb","3","QUEENS COLLEGE 2","24","100.0000","42401","Sulfur dioxide","35620","New York-Newark-Jersey City, NY-NJ-PA","36","New York","081","Queens","40.73614","-73.82153"
"04/05/2022","AQS","360810124","2","1.7","ppb","1","QUEENS COLLEGE 2","21","88.0000","42401","Sulfur dioxide","35620","New York-Newark-Jersey City, NY-NJ-PA","36","New York","081","Queens","40.73614","-73.82153"
"04/06/2022","AQS","360810124","2","0.1","ppb","0","QUEENS COLLEGE 2","24","100.0000","42401","Sulfur dioxide","35620","New York-Newark-Jersey City, NY-NJ-PA","36","New York","081","Queens","40.73614","-73.82153"
"04/07/2022","AQS","360810124","2","4","ppb","6","QUEENS COLLEGE 2","24","100.0000","42401","Sulfur dioxide","35620","New York-Newark-Jersey City, NY-NJ-PA","36","New York","081","Queens","40.73614","-73.82153"
"04/08/2022","AQS","360810124","2","1","ppb","1","QUEENS COLLEGE 2","24","100.0000","42401","Sulfur dioxide","35620","New York-Newark-Jersey City, NY-NJ-PA","36","New York","081","Queens","40.73614","-73.82153"
"04/09/2022","AQS","360810124","2","0.2","ppb","0","QUEENS COLLEGE 2","24","100.0000","42401","Sulfur dioxide","35620","New York-Newark-Jersey City, NY-NJ-PA","36","New York","081","Queens","40.73614","-73.82153"
"04/10/2022","AQS","360810124","2","0.2","ppb","0","QUEENS COLLEGE 2","23","96.0000","42401","Sulfur dioxide","35620","New York-Newark-Jersey City, NY-NJ-PA","36","New York","081","Queens","40.73614","-73.82153"
"04/11/2022","AQS","360810124","2","2.6","ppb","3","QUEENS COLLEGE 2","22","92.0000","42401","Sulfur dioxide","35620","New York-Newark-Jersey City, NY-NJ-PA","36","New York","081","Queens","40.73614","-73.82153"
"04/12/2022","AQS","360810124","2","1.5","ppb","1","QUEENS COLLEGE 2","24","100.0000","42401","Sulfur dioxide","35620","New York-Newark-Jersey City, NY-NJ-PA","36","New York","081","Queens","40.73614","-73.82153"
"04/13/2022","AQS","360810124","2","1.3","ppb","1","QUEENS COLLEGE 2","24","100.0000","42401","Sulfur dioxide","35620","New York-Newark-Jersey City, NY-NJ-PA","36","New York","081","Queens","40.73614","-73.82153"
"04/14/2022","AQS","360810124","2","1.3","ppb","1","QUEENS COLLEGE 2","24","100.0000","42401","Sulfur dioxide","35620","New York-Newark-Jersey City, NY-NJ-PA","36","New York","081","Queens","40.73614","-73.82153"
"04/15/2022","AQS","360810124","2","0.7","ppb","0","QUEENS COLLEGE 2","24","100.0000","42401","Sulfur dioxide","35620","New York-Newark-Jersey City, NY-NJ-PA","36","New York","081","Queens","40.73614","-73.82153"
"04/16/2022","AQS","360810124","2","0.4","ppb","0","QUEENS COLLEGE 2","24","100.0000","42401","Sulfur dioxide","35620","New York-Newark-Jersey City, NY-NJ-PA","36","New York","081","Queens","40.73614","-73.82153"
"04/17/2022","AQS","360810124","2","0.2","ppb","0","QUEENS COLLEGE 2","24","100.0000","42401","Sulfur dioxide","35620","New York-Newark-Jersey City, NY-NJ-PA","36","New York","081","Queens","40.73614","-73.82153"
"04/18/2022","AQS","360810124","2","1.8","ppb","1","QUEENS COLLEGE 2","24","100.0000","42401","Sulfur dioxide","35620","New York-Newark-Jersey City, NY-NJ-PA","36","New York","081","Queens","40.73614","-73.82153"
"04/19/2022","AQS","360810124","2","0.2","ppb","0","QUEENS COLLEGE 2","21","88.0000","42401","Sulfur dioxide","35620","New York-Newark-Jersey City, NY-NJ-PA","36","New York","081","Queens","40.73614","-73.82153"
"04/20/2022","AQS","360810124","2","0.6","ppb","0","QUEENS COLLEGE 2","24","100.0000","42401","Sulfur dioxide","35620","New York-Newark-Jersey City, NY-NJ-PA","36","New York","081","Queens","40.73614","-73.82153"
"04/21/2022","AQS","360810124","2","0.8","ppb","0","QUEENS COLLEGE 2","23","96.0000","42401","Sulfur dioxide","35620","New York-Newark-Jersey City, NY-NJ-PA","36","New York","081","Queens","40.73614","-73.82153"
"04/22/2022","AQS","360810124","2","0.9","ppb","0","QUEENS COLLEGE 2","24","100.0000","42401","Sulfur dioxide","35620","New York-Newark-Jersey City, NY-NJ-PA","36","New York","081","Queens","40.73614","-73.82153"
"04/23/2022","AQS","360810124","2","0.9","ppb","0","QUEENS COLLEGE 2","24","100.0000","42401","Sulfur dioxide","35620","New York-Newark-Jersey City, NY-NJ-PA","36","New York","081","Queens","40.73614","-73.82153"
"04/24/2022","AQS","360810124","2","1.1","ppb","1","QUEENS COLLEGE 2","24","100.0000","42401","Sulfur dioxide","35620","New York-Newark-Jersey City, NY-NJ-PA","36","New York","081","Queens","40.73614","-73.82153"
"04/25/2022","AQS","360810124","2","0.3","ppb","0","QUEENS COLLEGE 2","19","79.0000","42401","Sulfur dioxide","35620","New York-Newark-Jersey City, NY-NJ-PA","36","New York","081","Queens","40.73614","-73.82153"
"04/26/2022","AQS","360810124","2","0.7","ppb","0","QUEENS COLLEGE 2","24","100.0000","42401","Sulfur dioxide","35620","New York-Newark-Jersey City, NY-NJ-PA","36","New York","081","Queens","40.73614","-73.82153"
"04/27/2022","AQS","360810124","2","0.4","ppb","0","QUEENS COLLEGE 2","24","100.0000","42401","Sulfur dioxide","35620","New York-Newark-Jersey City, NY-NJ-PA","36","New York","081","Queens","40.73614","-73.82153"
"04/28/2022","AQS","360810124","2","0.8","ppb","0","QUEENS COLLEGE 2","24","100.0000","42401","Sulfur dioxide","35620","New York-Newark-Jersey City, NY-NJ-PA","36","New York","081","Queens","40.73614","-73.82153"
"04/29/2022","AQS","360810124","2","2","ppb","3","QUEENS COLLEGE 2","24","100.0000","42401","Sulfur dioxide","35620","New York-Newark-Jersey City, NY-NJ-PA","36","New York","081","Queens","40.73614","-73.82153"
"04/30/2022","AQS","360810124","2","1.3","ppb","1","QUEENS COLLEGE 2","24","100.0000","42401","Sulfur dioxide","35620","New York-Newark-Jersey City, NY-NJ-PA","36","New York","081","Queens","40.73614","-73.82153"
"05/01/2022","AQS","360810124","2","1.2","ppb","1","QUEENS COLLEGE 2","24","100.0000","42401","Sulfur dioxide","35620","New York-Newark-Jersey City, NY-NJ-PA","36","New York","081","Queens","40.73614","-73.82153"
"05/02/2022","AQS","360810124","2","0.5","ppb","0","QUEENS COLLEGE 2","21","88.0000","42401","Sulfur dioxide","35620","New York-Newark-Jersey City, NY-NJ-PA","36","New York","081","Queens","40.73614","-73.82153"
"05/03/2022","AQS","360810124","2","0.9","ppb","0","QUEENS COLLEGE 2","24","100.0000","42401","Sulfur dioxide","35620","New York-Newark-Jersey City, NY-NJ-PA","36","New York","081","Queens","40.73614","-73.82153"
"05/04/2022","AQS","360810124","2","1.1","ppb","1","QUEENS COLLEGE 2","24","100.0000","42401","Sulfur dioxide","35620","New York-Newark-Jersey City, NY-NJ-PA","36","New York","081","Queens","40.73614","-73.82153"
"05/05/2022","AQS","360810124","2","1.4","ppb","1","QUEENS COLLEGE 2","24","100.0000","42401","Sulfur dioxide","35620","New York-Newark-Jersey City, NY-NJ-PA","36","New York","081","Queens","40.73614","-73.82153"
"05/06/2022","AQS","360810124","2","0.9","ppb","0","QUEENS COLLEGE 2","22","92.0000","42401","Sulfur dioxide","35620","New York-Newark-Jersey City, NY-NJ-PA","36","New York","081","Queens","40.73614","-73.82153"
"05/07/2022","AQS","360810124","2","0.1","ppb","0","QUEENS COLLEGE 2","24","100.0000","42401","Sulfur dioxide","35620","New York-Newark-Jersey City, NY-NJ-PA","36","New York","081","Queens","40.73614","-73.82153"
"05/08/2022","AQS","360810124","2","0.3","ppb","0","QUEENS COLLEGE 2","24","100.0000","42401","Sulfur dioxide","35620","New York-Newark-Jersey City, NY-NJ-PA","36","New York","081","Queens","40.73614","-73.82153"
"05/09/2022","AQS","360810124","2","0.2","ppb","0","QUEENS COLLEGE 2","22","92.0000","42401","Sulfur dioxide","35620","New York-Newark-Jersey City, NY-NJ-PA","36","New York","081","Queens","40.73614","-73.82153"
"05/10/2022","AQS","360810124","2","0.3","ppb","0","QUEENS COLLEGE 2","24","100.0000","42401","Sulfur dioxide","35620","New York-Newark-Jersey City, NY-NJ-PA","36","New York","081","Queens","40.73614","-73.82153"
"05/11/2022","AQS","360810124","2","3.1","ppb","4","QUEENS COLLEGE 2","24","100.0000","42401","Sulfur dioxide","35620","New York-Newark-Jersey City, NY-NJ-PA","36","New York","081","Queens","40.73614","-73.82153"
"05/12/2022","AQS","360810124","2","0.8","ppb","0","QUEENS COLLEGE 2","24","100.0000","42401","Sulfur dioxide","35620","New York-Newark-Jersey City, NY-NJ-PA","36","New York","081","Queens","40.73614","-73.82153"
"05/13/2022","AQS","360810124","2","0.9","ppb","0","QUEENS COLLEGE 2","24","100.0000","42401","Sulfur dioxide","35620","New York-Newark-Jersey City, NY-NJ-PA","36","New York","081","Queens","40.73614","-73.82153"
"05/14/2022","AQS","360810124","2","1","ppb","1","QUEENS COLLEGE 2","24","100.0000","42401","Sulfur dioxide","35620","New York-Newark-Jersey City, NY-NJ-PA","36","New York","081","Queens","40.73614","-73.82153"
"05/15/2022","AQS","360810124","2","1.5","ppb","1","QUEENS COLLEGE 2","24","100.0000","42401","Sulfur dioxide","35620","New York-Newark-Jersey City, NY-NJ-PA","36","New York","081","Queens","40.73614","-73.82153"
"05/16/2022","AQS","360810124","2","1.3","ppb","1","QUEENS COLLEGE 2","24","100.0000","42401","Sulfur dioxide","35620","New York-Newark-Jersey City, NY-NJ-PA","36","New York","081","Queens","40.73614","-73.82153"
"05/17/2022","AQS","360810124","2","1.4","ppb","1","QUEENS COLLEGE 2","22","92.0000","42401","Sulfur dioxide","35620","New York-Newark-Jersey City, NY-NJ-PA","36","New York","081","Queens","40.73614","-73.82153"
"05/18/2022","AQS","360810124","2","0.4","ppb","0","QUEENS COLLEGE 2","24","100.0000","42401","Sulfur dioxide","35620","New York-Newark-Jersey City, NY-NJ-PA","36","New York","081","Queens","40.73614","-73.82153"
"05/19/2022","AQS","360810124","2","0.7","ppb","0","QUEENS COLLEGE 2","24","100.0000","42401","Sulfur dioxide","35620","New York-Newark-Jersey City, NY-NJ-PA","36","New York","081","Queens","40.73614","-73.82153"
"05/20/2022","AQS","360810124","2","1.8","ppb","1","QUEENS COLLEGE 2","24","100.0000","42401","Sulfur dioxide","35620","New York-Newark-Jersey City, NY-NJ-PA","36","New York","081","Queens","40.73614","-73.82153"
"05/21/2022","AQS","360810124","2","0.9","ppb","0","QUEENS COLLEGE 2","24","100.0000","42401","Sulfur dioxide","35620","New York-Newark-Jersey City, NY-NJ-PA","36","New York","081","Queens","40.73614","-73.82153"
"05/22/2022","AQS","360810124","2","0.7","ppb","0","QUEENS COLLEGE 2","24","100.0000","42401","Sulfur dioxide","35620","New York-Newark-Jersey City, NY-NJ-PA","36","New York","081","Queens","40.73614","-73.82153"
"05/23/2022","AQS","360810124","2","0.6","ppb","0","QUEENS COLLEGE 2","24","100.0000","42401","Sulfur dioxide","35620","New York-Newark-Jersey City, NY-NJ-PA","36","New York","081","Queens","40.73614","-73.82153"
"05/24/2022","AQS","360810124","2","1.7","ppb","1","QUEENS COLLEGE 2","19","79.0000","42401","Sulfur dioxide","35620","New York-Newark-Jersey City, NY-NJ-PA","36","New York","081","Queens","40.73614","-73.82153"
"05/25/2022","AQS","360810124","2","0.8","ppb","0","QUEENS COLLEGE 2","24","100.0000","42401","Sulfur dioxide","35620","New York-Newark-Jersey City, NY-NJ-PA","36","New York","081","Queens","40.73614","-73.82153"
"05/26/2022","AQS","360810124","2","0.3","ppb","0","QUEENS COLLEGE 2","24","100.0000","42401","Sulfur dioxide","35620","New York-Newark-Jersey City, NY-NJ-PA","36","New York","081","Queens","40.73614","-73.82153"
"05/27/2022","AQS","360810124","2","0.3","ppb","0","QUEENS COLLEGE 2","23","96.0000","42401","Sulfur dioxide","35620","New York-Newark-Jersey City, NY-NJ-PA","36","New York","081","Queens","40.73614","-73.82153"
"05/28/2022","AQS","360810124","2","0.2","ppb","0","QUEENS COLLEGE 2","24","100.0000","42401","Sulfur dioxide","35620","New York-Newark-Jersey City, NY-NJ-PA","36","New York","081","Queens","40.73614","-73.82153"
"05/29/2022","AQS","360810124","2","0.1","ppb","0","QUEENS COLLEGE 2","24","100.0000","42401","Sulfur dioxide","35620","New York-Newark-Jersey City, NY-NJ-PA","36","New York","081","Queens","40.73614","-73.82153"
"05/30/2022","AQS","360810124","2","0.5","ppb","0","QUEENS COLLEGE 2","24","100.0000","42401","Sulfur dioxide","35620","New York-Newark-Jersey City, NY-NJ-PA","36","New York","081","Queens","40.73614","-73.82153"
"05/31/2022","AQS","360810124","2","0.8","ppb","0","QUEENS COLLEGE 2","24","100.0000","42401","Sulfur dioxide","35620","New York-Newark-Jersey City, NY-NJ-PA","36","New York","081","Queens","40.73614","-73.82153"
"06/01/2022","AQS","360810124","2","0.3","ppb","0","QUEENS COLLEGE 2","24","100.0000","42401","Sulfur dioxide","35620","New York-Newark-Jersey City, NY-NJ-PA","36","New York","081","Queens","40.73614","-73.82153"
"06/02/2022","AQS","360810124","2","0.3","ppb","0","QUEENS COLLEGE 2","20","83.0000","42401","Sulfur dioxide","35620","New York-Newark-Jersey City, NY-NJ-PA","36","New York","081","Queens","40.73614","-73.82153"
"06/03/2022","AQS","360810124","2","0.7","ppb","0","QUEENS COLLEGE 2","24","100.0000","42401","Sulfur dioxide","35620","New York-Newark-Jersey City, NY-NJ-PA","36","New York","081","Queens","40.73614","-73.82153"
"06/04/2022","AQS","360810124","2","1.1","ppb","1","QUEENS COLLEGE 2","24","100.0000","42401","Sulfur dioxide","35620","New York-Newark-Jersey City, NY-NJ-PA","36","New York","081","Queens","40.73614","-73.82153"
"06/05/2022","AQS","360810124","2","0.7","ppb","0","QUEENS COLLEGE 2","24","100.0000","42401","Sulfur dioxide","35620","New York-Newark-Jersey City, NY-NJ-PA","36","New York","081","Queens","40.73614","-73.82153"
"06/06/2022","AQS","360810124","2","0.8","ppb","0","QUEENS COLLEGE 2","24","100.0000","42401","Sulfur dioxide","35620","New York-Newark-Jersey City, NY-NJ-PA","36","New York","081","Queens","40.73614","-73.82153"
"06/07/2022","AQS","360810124","2","0.2","ppb","0","QUEENS COLLEGE 2","24","100.0000","42401","Sulfur dioxide","35620","New York-Newark-Jersey City, NY-NJ-PA","36","New York","081","Queens","40.73614","-73.82153"
"06/08/2022","AQS","360810124","2","0.9","ppb","0","QUEENS COLLEGE 2","19","79.0000","42401","Sulfur dioxide","35620","New York-Newark-Jersey City, NY-NJ-PA","36","New York","081","Queens","40.73614","-73.82153"
"06/09/2022","AQS","360810124","2","0.3","ppb","0","QUEENS COLLEGE 2","24","100.0000","42401","Sulfur dioxide","35620","New York-Newark-Jersey City, NY-NJ-PA","36","New York","081","Queens","40.73614","-73.82153"
"06/10/2022","AQS","360810124","2","0.4","ppb","0","QUEENS COLLEGE 2","24","100.0000","42401","Sulfur dioxide","35620","New York-Newark-Jersey City, NY-NJ-PA","36","New York","081","Queens","40.73614","-73.82153"
"06/11/2022","AQS","360810124","2","0.5","ppb","0","QUEENS COLLEGE 2","24","100.0000","42401","Sulfur dioxide","35620","New York-Newark-Jersey City, NY-NJ-PA","36","New York","081","Queens","40.73614","-73.82153"
"06/12/2022","AQS","360810124","2","0.7","ppb","0","QUEENS COLLEGE 2","24","100.0000","42401","Sulfur dioxide","35620","New York-Newark-Jersey City, NY-NJ-PA","36","New York","081","Queens","40.73614","-73.82153"
"06/13/2022","AQS","360810124","2","1.4","ppb","1","QUEENS COLLEGE 2","24","100.0000","42401","Sulfur dioxide","35620","New York-Newark-Jersey City, NY-NJ-PA","36","New York","081","Queens","40.73614","-73.82153"
"06/14/2022","AQS","360810124","2","0.8","ppb","0","QUEENS COLLEGE 2","24","100.0000","42401","Sulfur dioxide","35620","New York-Newark-Jersey City, NY-NJ-PA","36","New York","081","Queens","40.73614","-73.82153"
"06/15/2022","AQS","360810124","2","0.5","ppb","0","QUEENS COLLEGE 2","24","100.0000","42401","Sulfur dioxide","35620","New York-Newark-Jersey City, NY-NJ-PA","36","New York","081","Queens","40.73614","-73.82153"
"06/16/2022","AQS","360810124","2","0.1","ppb","0","QUEENS COLLEGE 2","22","92.0000","42401","Sulfur dioxide","35620","New York-Newark-Jersey City, NY-NJ-PA","36","New York","081","Queens","40.73614","-73.82153"
"06/17/2022","AQS","360810124","2","0.5","ppb","0","QUEENS COLLEGE 2","24","100.0000","42401","Sulfur dioxide","35620","New York-Newark-Jersey City, NY-NJ-PA","36","New York","081","Queens","40.73614","-73.82153"
"06/18/2022","AQS","360810124","2","0.1","ppb","0","QUEENS COLLEGE 2","24","100.0000","42401","Sulfur dioxide","35620","New York-Newark-Jersey City, NY-NJ-PA","36","New York","081","Queens","40.73614","-73.82153"
"06/19/2022","AQS","360810124","2","0.4","ppb","0","QUEENS COLLEGE 2","24","100.0000","42401","Sulfur dioxide","35620","New York-Newark-Jersey City, NY-NJ-PA","36","New York","081","Queens","40.73614","-73.82153"
"06/20/2022","AQS","360810124","2","0.7","ppb","0","QUEENS COLLEGE 2","24","100.0000","42401","Sulfur dioxide","35620","New York-Newark-Jersey City, NY-NJ-PA","36","New York","081","Queens","40.73614","-73.82153"
"06/21/2022","AQS","360810124","2","0.9","ppb","0","QUEENS COLLEGE 2","24","100.0000","42401","Sulfur dioxide","35620","New York-Newark-Jersey City, NY-NJ-PA","36","New York","081","Queens","40.73614","-73.82153"
"06/22/2022","AQS","360810124","2","0.1","ppb","0","QUEENS COLLEGE 2","21","88.0000","42401","Sulfur dioxide","35620","New York-Newark-Jersey City, NY-NJ-PA","36","New York","081","Queens","40.73614","-73.82153"
"06/23/2022","AQS","360810124","2","0.2","ppb","0","QUEENS COLLEGE 2","24","100.0000","42401","Sulfur dioxide","35620","New York-Newark-Jersey City, NY-NJ-PA","36","New York","081","Queens","40.73614","-73.82153"
"06/24/2022","AQS","360810124","2","0.3","ppb","0","QUEENS COLLEGE 2","24","100.0000","42401","Sulfur dioxide","35620","New York-Newark-Jersey City, NY-NJ-PA","36","New York","081","Queens","40.73614","-73.82153"
"06/25/2022","AQS","360810124","2","0.9","ppb","0","QUEENS COLLEGE 2","24","100.0000","42401","Sulfur dioxide","35620","New York-Newark-Jersey City, NY-NJ-PA","36","New York","081","Queens","40.73614","-73.82153"
"06/26/2022","AQS","360810124","2","0.4","ppb","0","QUEENS COLLEGE 2","24","100.0000","42401","Sulfur dioxide","35620","New York-Newark-Jersey City, NY-NJ-PA","36","New York","081","Queens","40.73614","-73.82153"
"06/27/2022","AQS","360810124","2","0.7","ppb","0","QUEENS COLLEGE 2","24","100.0000","42401","Sulfur dioxide","35620","New York-Newark-Jersey City, NY-NJ-PA","36","New York","081","Queens","40.73614","-73.82153"
"06/28/2022","AQS","360810124","2","0.6","ppb","0","QUEENS COLLEGE 2","24","100.0000","42401","Sulfur dioxide","35620","New York-Newark-Jersey City, NY-NJ-PA","36","New York","081","Queens","40.73614","-73.82153"
"06/29/2022","AQS","360810124","2","0.7","ppb","0","QUEENS COLLEGE 2","22","92.0000","42401","Sulfur dioxide","35620","New York-Newark-Jersey City, NY-NJ-PA","36","New York","081","Queens","40.73614","-73.82153"
"06/30/2022","AQS","360810124","2","1.1","ppb","1","QUEENS COLLEGE 2","24","100.0000","42401","Sulfur dioxide","35620","New York-Newark-Jersey City, NY-NJ-PA","36","New York","081","Queens","40.73614","-73.82153"
"07/01/2022","AQS","360810124","2","0.6","ppb","0","QUEENS COLLEGE 2","24","100.0000","42401","Sulfur dioxide","35620","New York-Newark-Jersey City, NY-NJ-PA","36","New York","081","Queens","40.73614","-73.82153"
"07/02/2022","AQS","360810124","2","0.5","ppb","0","QUEENS COLLEGE 2","24","100.0000","42401","Sulfur dioxide","35620","New York-Newark-Jersey City, NY-NJ-PA","36","New York","081","Queens","40.73614","-73.82153"
"07/03/2022","AQS","360810124","2","0.7","ppb","0","QUEENS COLLEGE 2","24","100.0000","42401","Sulfur dioxide","35620","New York-Newark-Jersey City, NY-NJ-PA","36","New York","081","Queens","40.73614","-73.82153"
"07/04/2022","AQS","360810124","2","3.8","ppb","4","QUEENS COLLEGE 2","24","100.0000","42401","Sulfur dioxide","35620","New York-Newark-Jersey City, NY-NJ-PA","36","New York","081","Queens","40.73614","-73.82153"
"07/05/2022","AQS","360810124","2","1.1","ppb","1","QUEENS COLLEGE 2","24","100.0000","42401","Sulfur dioxide","35620","New York-Newark-Jersey City, NY-NJ-PA","36","New York","081","Queens","40.73614","-73.82153"
"07/06/2022","AQS","360810124","2","0.3","ppb","0","QUEENS COLLEGE 2","21","88.0000","42401","Sulfur dioxide","35620","New York-Newark-Jersey City, NY-NJ-PA","36","New York","081","Queens","40.73614","-73.82153"
"07/07/2022","AQS","360810124","2","0.2","ppb","0","QUEENS COLLEGE 2","24","100.0000","42401","Sulfur dioxide","35620","New York-Newark-Jersey City, NY-NJ-PA","36","New York","081","Queens","40.73614","-73.82153"
"07/08/2022","AQS","360810124","2","0.4","ppb","0","QUEENS COLLEGE 2","24","100.0000","42401","Sulfur dioxide","35620","New York-Newark-Jersey City, NY-NJ-PA","36","New York","081","Queens","40.73614","-73.82153"
"07/09/2022","AQS","360810124","2","0.3","ppb","0","QUEENS COLLEGE 2","24","100.0000","42401","Sulfur dioxide","35620","New York-Newark-Jersey City, NY-NJ-PA","36","New York","081","Queens","40.73614","-73.82153"
"07/10/2022","AQS","360810124","2","0.4","ppb","0","QUEENS COLLEGE 2","24","100.0000","42401","Sulfur dioxide","35620","New York-Newark-Jersey City, NY-NJ-PA","36","New York","081","Queens","40.73614","-73.82153"
"07/11/2022","AQS","360810124","2","0.3","ppb","0","QUEENS COLLEGE 2","22","92.0000","42401","Sulfur dioxide","35620","New York-Newark-Jersey City, NY-NJ-PA","36","New York","081","Queens","40.73614","-73.82153"
"07/12/2022","AQS","360810124","2","0.4","ppb","0","QUEENS COLLEGE 2","24","100.0000","42401","Sulfur dioxide","35620","New York-Newark-Jersey City, NY-NJ-PA","36","New York","081","Queens","40.73614","-73.82153"
"07/13/2022","AQS","360810124","2","0.4","ppb","0","QUEENS COLLEGE 2","24","100.0000","42401","Sulfur dioxide","35620","New York-Newark-Jersey City, NY-NJ-PA","36","New York","081","Queens","40.73614","-73.82153"
"07/14/2022","AQS","360810124","2","0.5","ppb","0","QUEENS COLLEGE 2","24","100.0000","42401","Sulfur dioxide","35620","New York-Newark-Jersey City, NY-NJ-PA","36","New York","081","Queens","40.73614","-73.82153"
"07/15/2022","AQS","360810124","2","0.3","ppb","0","QUEENS COLLEGE 2","23","96.0000","42401","Sulfur dioxide","35620","New York-Newark-Jersey City, NY-NJ-PA","36","New York","081","Queens","40.73614","-73.82153"
"07/16/2022","AQS","360810124","2","0.2","ppb","0","QUEENS COLLEGE 2","24","100.0000","42401","Sulfur dioxide","35620","New York-Newark-Jersey City, NY-NJ-PA","36","New York","081","Queens","40.73614","-73.82153"
"07/17/2022","AQS","360810124","2","0.6","ppb","0","QUEENS COLLEGE 2","24","100.0000","42401","Sulfur dioxide","35620","New York-Newark-Jersey City, NY-NJ-PA","36","New York","081","Queens","40.73614","-73.82153"
"07/18/2022","AQS","360810124","2","0.3","ppb","0","QUEENS COLLEGE 2","24","100.0000","42401","Sulfur dioxide","35620","New York-Newark-Jersey City, NY-NJ-PA","36","New York","081","Queens","40.73614","-73.82153"
"07/19/2022","AQS","360810124","2","0.2","ppb","0","QUEENS COLLEGE 2","22","92.0000","42401","Sulfur dioxide","35620","New York-Newark-Jersey City, NY-NJ-PA","36","New York","081","Queens","40.73614","-73.82153"
"07/20/2022","AQS","360810124","2","0.7","ppb","0","QUEENS COLLEGE 2","24","100.0000","42401","Sulfur dioxide","35620","New York-Newark-Jersey City, NY-NJ-PA","36","New York","081","Queens","40.73614","-73.82153"
"07/21/2022","AQS","360810124","2","0.2","ppb","0","QUEENS COLLEGE 2","24","100.0000","42401","Sulfur dioxide","35620","New York-Newark-Jersey City, NY-NJ-PA","36","New York","081","Queens","40.73614","-73.82153"
"07/22/2022","AQS","360810124","2","0.7","ppb","0","QUEENS COLLEGE 2","24","100.0000","42401","Sulfur dioxide","35620","New York-Newark-Jersey City, NY-NJ-PA","36","New York","081","Queens","40.73614","-73.82153"
"07/23/2022","AQS","360810124","2","1","ppb","1","QUEENS COLLEGE 2","24","100.0000","42401","Sulfur dioxide","35620","New York-Newark-Jersey City, NY-NJ-PA","36","New York","081","Queens","40.73614","-73.82153"
"07/24/2022","AQS","360810124","2","0.5","ppb","0","QUEENS COLLEGE 2","24","100.0000","42401","Sulfur dioxide","35620","New York-Newark-Jersey City, NY-NJ-PA","36","New York","081","Queens","40.73614","-73.82153"
"07/25/2022","AQS","360810124","2","0.1","ppb","0","QUEENS COLLEGE 2","24","100.0000","42401","Sulfur dioxide","35620","New York-Newark-Jersey City, NY-NJ-PA","36","New York","081","Queens","40.73614","-73.82153"
"07/26/2022","AQS","360810124","2","1.2","ppb","1","QUEENS COLLEGE 2","22","92.0000","42401","Sulfur dioxide","35620","New York-Newark-Jersey City, NY-NJ-PA","36","New York","081","Queens","40.73614","-73.82153"
"07/27/2022","AQS","360810124","2","0.6","ppb","0","QUEENS COLLEGE 2","24","100.0000","42401","Sulfur dioxide","35620","New York-Newark-Jersey City, NY-NJ-PA","36","New York","081","Queens","40.73614","-73.82153"
"07/28/2022","AQS","360810124","2","0.3","ppb","0","QUEENS COLLEGE 2","24","100.0000","42401","Sulfur dioxide","35620","New York-Newark-Jersey City, NY-NJ-PA","36","New York","081","Queens","40.73614","-73.82153"
"07/29/2022","AQS","360810124","2","0.6","ppb","0","QUEENS COLLEGE 2","24","100.0000","42401","Sulfur dioxide","35620","New York-Newark-Jersey City, NY-NJ-PA","36","New York","081","Queens","40.73614","-73.82153"
"07/30/2022","AQS","360810124","2","0.3","ppb","0","QUEENS COLLEGE 2","24","100.0000","42401","Sulfur dioxide","35620","New York-Newark-Jersey City, NY-NJ-PA","36","New York","081","Queens","40.73614","-73.82153"
"07/31/2022","AQS","360810124","2","0.7","ppb","0","QUEENS COLLEGE 2","24","100.0000","42401","Sulfur dioxide","35620","New York-Newark-Jersey City, NY-NJ-PA","36","New York","081","Queens","40.73614","-73.82153"
"08/01/2022","AQS","360810124","2","0.3","ppb","0","QUEENS COLLEGE 2","24","100.0000","42401","Sulfur dioxide","35620","New York-Newark-Jersey City, NY-NJ-PA","36","New York","081","Queens","40.73614","-73.82153"
"08/02/2022","AQS","360810124","2","0.4","ppb","0","QUEENS COLLEGE 2","24","100.0000","42401","Sulfur dioxide","35620","New York-Newark-Jersey City, NY-NJ-PA","36","New York","081","Queens","40.73614","-73.82153"
"08/03/2022","AQS","360810124","2","0.3","ppb","0","QUEENS COLLEGE 2","22","92.0000","42401","Sulfur dioxide","35620","New York-Newark-Jersey City, NY-NJ-PA","36","New York","081","Queens","40.73614","-73.82153"
"08/04/2022","AQS","360810124","2","0.7","ppb","0","QUEENS COLLEGE 2","24","100.0000","42401","Sulfur dioxide","35620","New York-Newark-Jersey City, NY-NJ-PA","36","New York","081","Queens","40.73614","-73.82153"
"08/05/2022","AQS","360810124","2","0.6","ppb","0","QUEENS COLLEGE 2","24","100.0000","42401","Sulfur dioxide","35620","New York-Newark-Jersey City, NY-NJ-PA","36","New York","081","Queens","40.73614","-73.82153"
"08/06/2022","AQS","360810124","2","0.4","ppb","0","QUEENS COLLEGE 2","24","100.0000","42401","Sulfur dioxide","35620","New York-Newark-Jersey City, NY-NJ-PA","36","New York","081","Queens","40.73614","-73.82153"
"08/07/2022","AQS","360810124","2","0.2","ppb","0","QUEENS COLLEGE 2","24","100.0000","42401","Sulfur dioxide","35620","New York-Newark-Jersey City, NY-NJ-PA","36","New York","081","Queens","40.73614","-73.82153"
"08/08/2022","AQS","360810124","2","0.2","ppb","0","QUEENS COLLEGE 2","24","100.0000","42401","Sulfur dioxide","35620","New York-Newark-Jersey City, NY-NJ-PA","36","New York","081","Queens","40.73614","-73.82153"
"08/09/2022","AQS","360810124","2","0.3","ppb","0","QUEENS COLLEGE 2","22","92.0000","42401","Sulfur dioxide","35620","New York-Newark-Jersey City, NY-NJ-PA","36","New York","081","Queens","40.73614","-73.82153"
"08/10/2022","AQS","360810124","2","0.6","ppb","0","QUEENS COLLEGE 2","24","100.0000","42401","Sulfur dioxide","35620","New York-Newark-Jersey City, NY-NJ-PA","36","New York","081","Queens","40.73614","-73.82153"
"08/11/2022","AQS","360810124","2","1.5","ppb","1","QUEENS COLLEGE 2","24","100.0000","42401","Sulfur dioxide","35620","New York-Newark-Jersey City, NY-NJ-PA","36","New York","081","Queens","40.73614","-73.82153"
"08/12/2022","AQS","360810124","2","0.3","ppb","0","QUEENS COLLEGE 2","24","100.0000","42401","Sulfur dioxide","35620","New York-Newark-Jersey City, NY-NJ-PA","36","New York","081","Queens","40.73614","-73.82153"
"08/13/2022","AQS","360810124","2","0.2","ppb","0","QUEENS COLLEGE 2","24","100.0000","42401","Sulfur dioxide","35620","New York-Newark-Jersey City, NY-NJ-PA","36","New York","081","Queens","40.73614","-73.82153"
"08/14/2022","AQS","360810124","2","0.5","ppb","0","QUEENS COLLEGE 2","24","100.0000","42401","Sulfur dioxide","35620","New York-Newark-Jersey City, NY-NJ-PA","36","New York","081","Queens","40.73614","-73.82153"
"08/15/2022","AQS","360810124","2","0.6","ppb","0","QUEENS COLLEGE 2","22","92.0000","42401","Sulfur dioxide","35620","New York-Newark-Jersey City, NY-NJ-PA","36","New York","081","Queens","40.73614","-73.82153"
"08/16/2022","AQS","360810124","2","0.4","ppb","0","QUEENS COLLEGE 2","24","100.0000","42401","Sulfur dioxide","35620","New York-Newark-Jersey City, NY-NJ-PA","36","New York","081","Queens","40.73614","-73.82153"
"08/17/2022","AQS","360810124","2","0.4","ppb","0","QUEENS COLLEGE 2","24","100.0000","42401","Sulfur dioxide","35620","New York-Newark-Jersey City, NY-NJ-PA","36","New York","081","Queens","40.73614","-73.82153"
"08/18/2022","AQS","360810124","2","0.8","ppb","0","QUEENS COLLEGE 2","24","100.0000","42401","Sulfur dioxide","35620","New York-Newark-Jersey City, NY-NJ-PA","36","New York","081","Queens","40.73614","-73.82153"
"08/19/2022","AQS","360810124","2","0.4","ppb","0","QUEENS COLLEGE 2","24","100.0000","42401","Sulfur dioxide","35620","New York-Newark-Jersey City, NY-NJ-PA","36","New York","081","Queens","40.73614","-73.82153"
"08/20/2022","AQS","360810124","2","0.8","ppb","0","QUEENS COLLEGE 2","24","100.0000","42401","Sulfur dioxide","35620","New York-Newark-Jersey City, NY-NJ-PA","36","New York","081","Queens","40.73614","-73.82153"
"08/21/2022","AQS","360810124","2","0.2","ppb","0","QUEENS COLLEGE 2","24","100.0000","42401","Sulfur dioxide","35620","New York-Newark-Jersey City, NY-NJ-PA","36","New York","081","Queens","40.73614","-73.82153"
"08/22/2022","AQS","360810124","2","0.4","ppb","0","QUEENS COLLEGE 2","24","100.0000","42401","Sulfur dioxide","35620","New York-Newark-Jersey City, NY-NJ-PA","36","New York","081","Queens","40.73614","-73.82153"
"08/23/2022","AQS","360810124","2","0.8","ppb","0","QUEENS COLLEGE 2","22","92.0000","42401","Sulfur dioxide","35620","New York-Newark-Jersey City, NY-NJ-PA","36","New York","081","Queens","40.73614","-73.82153"
"08/24/2022","AQS","360810124","2","0.4","ppb","0","QUEENS COLLEGE 2","24","100.0000","42401","Sulfur dioxide","35620","New York-Newark-Jersey City, NY-NJ-PA","36","New York","081","Queens","40.73614","-73.82153"
"08/25/2022","AQS","360810124","2","0.9","ppb","0","QUEENS COLLEGE 2","21","88.0000","42401","Sulfur dioxide","35620","New York-Newark-Jersey City, NY-NJ-PA","36","New York","081","Queens","40.73614","-73.82153"
"08/26/2022","AQS","360810124","2","0.6","ppb","0","QUEENS COLLEGE 2","24","100.0000","42401","Sulfur dioxide","35620","New York-Newark-Jersey City, NY-NJ-PA","36","New York","081","Queens","40.73614","-73.82153"
"08/27/2022","AQS","360810124","2","0.7","ppb","0","QUEENS COLLEGE 2","24","100.0000","42401","Sulfur dioxide","35620","New York-Newark-Jersey City, NY-NJ-PA","36","New York","081","Queens","40.73614","-73.82153"
"08/28/2022","AQS","360810124","2","1.6","ppb","1","QUEENS COLLEGE 2","24","100.0000","42401","Sulfur dioxide","35620","New York-Newark-Jersey City, NY-NJ-PA","36","New York","081","Queens","40.73614","-73.82153"
"08/29/2022","AQS","360810124","2","0.2","ppb","0","QUEENS COLLEGE 2","22","92.0000","42401","Sulfur dioxide","35620","New York-Newark-Jersey City, NY-NJ-PA","36","New York","081","Queens","40.73614","-73.82153"
"08/30/2022","AQS","360810124","2","0.3","ppb","0","QUEENS COLLEGE 2","24","100.0000","42401","Sulfur dioxide","35620","New York-Newark-Jersey City, NY-NJ-PA","36","New York","081","Queens","40.73614","-73.82153"
"08/31/2022","AQS","360810124","2","1.4","ppb","1","QUEENS COLLEGE 2","24","100.0000","42401","Sulfur dioxide","35620","New York-Newark-Jersey City, NY-NJ-PA","36","New York","081","Queens","40.73614","-73.82153"
"09/01/2022","AQS","360810124","2","1.1","ppb","1","QUEENS COLLEGE 2","24","100.0000","42401","Sulfur dioxide","35620","New York-Newark-Jersey City, NY-NJ-PA","36","New York","081","Queens","40.73614","-73.82153"
"09/02/2022","AQS","360810124","2","0.2","ppb","0","QUEENS COLLEGE 2","24","100.0000","42401","Sulfur dioxide","35620","New York-Newark-Jersey City, NY-NJ-PA","36","New York","081","Queens","40.73614","-73.82153"
"09/03/2022","AQS","360810124","2","0.4","ppb","0","QUEENS COLLEGE 2","24","100.0000","42401","Sulfur dioxide","35620","New York-Newark-Jersey City, NY-NJ-PA","36","New York","081","Queens","40.73614","-73.82153"
"09/04/2022","AQS","360810124","2","0.4","ppb","0","QUEENS COLLEGE 2","24","100.0000","42401","Sulfur dioxide","35620","New York-Newark-Jersey City, NY-NJ-PA","36","New York","081","Queens","40.73614","-73.82153"
"09/05/2022","AQS","360810124","2","0.3","ppb","0","QUEENS COLLEGE 2","24","100.0000","42401","Sulfur dioxide","35620","New York-Newark-Jersey City, NY-NJ-PA","36","New York","081","Queens","40.73614","-73.82153"
"09/06/2022","AQS","360810124","2","0","ppb","0","QUEENS COLLEGE 2","24","100.0000","42401","Sulfur dioxide","35620","New York-Newark-Jersey City, NY-NJ-PA","36","New York","081","Queens","40.73614","-73.82153"
"09/07/2022","AQS","360810124","2","0","ppb","0","QUEENS COLLEGE 2","23","96.0000","42401","Sulfur dioxide","35620","New York-Newark-Jersey City, NY-NJ-PA","36","New York","081","Queens","40.73614","-73.82153"
"09/08/2022","AQS","360810124","2","0.4","ppb","0","QUEENS COLLEGE 2","24","100.0000","42401","Sulfur dioxide","35620","New York-Newark-Jersey City, NY-NJ-PA","36","New York","081","Queens","40.73614","-73.82153"
"09/09/2022","AQS","360810124","2","0.4","ppb","0","QUEENS COLLEGE 2","24","100.0000","42401","Sulfur dioxide","35620","New York-Newark-Jersey City, NY-NJ-PA","36","New York","081","Queens","40.73614","-73.82153"
"09/10/2022","AQS","360810124","2","1","ppb","1","QUEENS COLLEGE 2","24","100.0000","42401","Sulfur dioxide","35620","New York-Newark-Jersey City, NY-NJ-PA","36","New York","081","Queens","40.73614","-73.82153"
"09/11/2022","AQS","360810124","2","0.3","ppb","0","QUEENS COLLEGE 2","24","100.0000","42401","Sulfur dioxide","35620","New York-Newark-Jersey City, NY-NJ-PA","36","New York","081","Queens","40.73614","-73.82153"
"09/12/2022","AQS","360810124","2","0.5","ppb","0","QUEENS COLLEGE 2","22","92.0000","42401","Sulfur dioxide","35620","New York-Newark-Jersey City, NY-NJ-PA","36","New York","081","Queens","40.73614","-73.82153"
"09/13/2022","AQS","360810124","2","0.2","ppb","0","QUEENS COLLEGE 2","24","100.0000","42401","Sulfur dioxide","35620","New York-Newark-Jersey City, NY-NJ-PA","36","New York","081","Queens","40.73614","-73.82153"
"09/14/2022","AQS","360810124","2","0.5","ppb","0","QUEENS COLLEGE 2","24","100.0000","42401","Sulfur dioxide","35620","New York-Newark-Jersey City, NY-NJ-PA","36","New York","081","Queens","40.73614","-73.82153"
"09/15/2022","AQS","360810124","2","6.2","ppb","9","QUEENS COLLEGE 2","24","100.0000","42401","Sulfur dioxide","35620","New York-Newark-Jersey City, NY-NJ-PA","36","New York","081","Queens","40.73614","-73.82153"
"09/16/2022","AQS","360810124","2","1.7","ppb","1","QUEENS COLLEGE 2","24","100.0000","42401","Sulfur dioxide","35620","New York-Newark-Jersey City, NY-NJ-PA","36","New York","081","Queens","40.73614","-73.82153"
"09/17/2022","AQS","360810124","2","0.3","ppb","0","QUEENS COLLEGE 2","24","100.0000","42401","Sulfur dioxide","35620","New York-Newark-Jersey City, NY-NJ-PA","36","New York","081","Queens","40.73614","-73.82153"
"09/18/2022","AQS","360810124","2","0.4","ppb","0","QUEENS COLLEGE 2","24","100.0000","42401","Sulfur dioxide","35620","New York-Newark-Jersey City, NY-NJ-PA","36","New York","081","Queens","40.73614","-73.82153"
"09/19/2022","AQS","360810124","2","1","ppb","1","QUEENS COLLEGE 2","22","92.0000","42401","Sulfur dioxide","35620","New York-Newark-Jersey City, NY-NJ-PA","36","New York","081","Queens","40.73614","-73.82153"
"09/20/2022","AQS","360810124","2","0.3","ppb","0","QUEENS COLLEGE 2","24","100.0000","42401","Sulfur dioxide","35620","New York-Newark-Jersey City, NY-NJ-PA","36","New York","081","Queens","40.73614","-73.82153"
"09/21/2022","AQS","360810124","2","0.7","ppb","0","QUEENS COLLEGE 2","24","100.0000","42401","Sulfur dioxide","35620","New York-Newark-Jersey City, NY-NJ-PA","36","New York","081","Queens","40.73614","-73.82153"
"09/22/2022","AQS","360810124","2","0.2","ppb","0","QUEENS COLLEGE 2","24","100.0000","42401","Sulfur dioxide","35620","New York-Newark-Jersey City, NY-NJ-PA","36","New York","081","Queens","40.73614","-73.82153"
"09/23/2022","AQS","360810124","2","0.6","ppb","0","QUEENS COLLEGE 2","24","100.0000","42401","Sulfur dioxide","35620","New York-Newark-Jersey City, NY-NJ-PA","36","New York","081","Queens","40.73614","-73.82153"
"09/24/2022","AQS","360810124","2","0.9","ppb","0","QUEENS COLLEGE 2","24","100.0000","42401","Sulfur dioxide","35620","New York-Newark-Jersey City, NY-NJ-PA","36","New York","081","Queens","40.73614","-73.82153"
"09/25/2022","AQS","360810124","2","0.4","ppb","0","QUEENS COLLEGE 2","24","100.0000","42401","Sulfur dioxide","35620","New York-Newark-Jersey City, NY-NJ-PA","36","New York","081","Queens","40.73614","-73.82153"
"09/26/2022","AQS","360810124","2","0.2","ppb","0","QUEENS COLLEGE 2","24","100.0000","42401","Sulfur dioxide","35620","New York-Newark-Jersey City, NY-NJ-PA","36","New York","081","Queens","40.73614","-73.82153"
"09/27/2022","AQS","360810124","2","0.6","ppb","0","QUEENS COLLEGE 2","24","100.0000","42401","Sulfur dioxide","35620","New York-Newark-Jersey City, NY-NJ-PA","36","New York","081","Queens","40.73614","-73.82153"
"09/28/2022","AQS","360810124","2","0.5","ppb","0","QUEENS COLLEGE 2","24","100.0000","42401","Sulfur dioxide","35620","New York-Newark-Jersey City, NY-NJ-PA","36","New York","081","Queens","40.73614","-73.82153"
"09/29/2022","AQS","360810124","2","0.2","ppb","0","QUEENS COLLEGE 2","22","92.0000","42401","Sulfur dioxide","35620","New York-Newark-Jersey City, NY-NJ-PA","36","New York","081","Queens","40.73614","-73.82153"
"09/30/2022","AQS","360810124","2","0.1","ppb","0","QUEENS COLLEGE 2","24","100.0000","42401","Sulfur dioxide","35620","New York-Newark-Jersey City, NY-NJ-PA","36","New York","081","Queens","40.73614","-73.82153"
"10/01/2022","AQS","360810124","2","0","ppb","0","QUEENS COLLEGE 2","24","100.0000","42401","Sulfur dioxide","35620","New York-Newark-Jersey City, NY-NJ-PA","36","New York","081","Queens","40.73614","-73.82153"
"10/02/2022","AQS","360810124","2","0","ppb","0","QUEENS COLLEGE 2","24","100.0000","42401","Sulfur dioxide","35620","New York-Newark-Jersey City, NY-NJ-PA","36","New York","081","Queens","40.73614","-73.82153"
"10/03/2022","AQS","360810124","2","0.1","ppb","0","QUEENS COLLEGE 2","20","83.0000","42401","Sulfur dioxide","35620","New York-Newark-Jersey City, NY-NJ-PA","36","New York","081","Queens","40.73614","-73.82153"
"10/04/2022","AQS","360810124","2","0.5","ppb","0","QUEENS COLLEGE 2","24","100.0000","42401","Sulfur dioxide","35620","New York-Newark-Jersey City, NY-NJ-PA","36","New York","081","Queens","40.73614","-73.82153"
"10/05/2022","AQS","360810124","2","1.1","ppb","1","QUEENS COLLEGE 2","24","100.0000","42401","Sulfur dioxide","35620","New York-Newark-Jersey City, NY-NJ-PA","36","New York","081","Queens","40.73614","-73.82153"
"10/06/2022","AQS","360810124","2","2.1","ppb","3","QUEENS COLLEGE 2","22","92.0000","42401","Sulfur dioxide","35620","New York-Newark-Jersey City, NY-NJ-PA","36","New York","081","Queens","40.73614","-73.82153"
"10/07/2022","AQS","360810124","2","1","ppb","1","QUEENS COLLEGE 2","23","96.0000","42401","Sulfur dioxide","35620","New York-Newark-Jersey City, NY-NJ-PA","36","New York","081","Queens","40.73614","-73.82153"
"10/08/2022","AQS","360810124","2","1.3","ppb","1","QUEENS COLLEGE 2","24","100.0000","42401","Sulfur dioxide","35620","New York-Newark-Jersey City, NY-NJ-PA","36","New York","081","Queens","40.73614","-73.82153"
"10/09/2022","AQS","360810124","2","1","ppb","1","QUEENS COLLEGE 2","24","100.0000","42401","Sulfur dioxide","35620","New York-Newark-Jersey City, NY-NJ-PA","36","New York","081","Queens","40.73614","-73.82153"
"10/10/2022","AQS","360810124","2","3.6","ppb","4","QUEENS COLLEGE 2","24","100.0000","42401","Sulfur dioxide","35620","New York-Newark-Jersey City, NY-NJ-PA","36","New York","081","Queens","40.73614","-73.82153"
"10/11/2022","AQS","360810124","2","4.3","ppb","6","QUEENS COLLEGE 2","24","100.0000","42401","Sulfur dioxide","35620","New York-Newark-Jersey City, NY-NJ-PA","36","New York","081","Queens","40.73614","-73.82153"
"10/12/2022","AQS","360810124","2","1.1","ppb","1","QUEENS COLLEGE 2","22","92.0000","42401","Sulfur dioxide","35620","New York-Newark-Jersey City, NY-NJ-PA","36","New York","081","Queens","40.73614","-73.82153"
"10/13/2022","AQS","360810124","2","0.4","ppb","0","QUEENS COLLEGE 2","24","100.0000","42401","Sulfur dioxide","35620","New York-Newark-Jersey City, NY-NJ-PA","36","New York","081","Queens","40.73614","-73.82153"
"10/14/2022","AQS","360810124","2","1.8","ppb","1","QUEENS COLLEGE 2","24","100.0000","42401","Sulfur dioxide","35620","New York-Newark-Jersey City, NY-NJ-PA","36","New York","081","Queens","40.73614","-73.82153"
"10/15/2022","AQS","360810124","2","0.9","ppb","0","QUEENS COLLEGE 2","24","100.0000","42401","Sulfur dioxide","35620","New York-Newark-Jersey City, NY-NJ-PA","36","New York","081","Queens","40.73614","-73.82153"
"10/16/2022","AQS","360810124","2","0.5","ppb","0","QUEENS COLLEGE 2","24","100.0000","42401","Sulfur dioxide","35620","New York-Newark-Jersey City, NY-NJ-PA","36","New York","081","Queens","40.73614","-73.82153"
"10/17/2022","AQS","360810124","2","0.5","ppb","0","QUEENS COLLEGE 2","22","92.0000","42401","Sulfur dioxide","35620","New York-Newark-Jersey City, NY-NJ-PA","36","New York","081","Queens","40.73614","-73.82153"
"10/18/2022","AQS","360810124","2","1.1","ppb","1","QUEENS COLLEGE 2","24","100.0000","42401","Sulfur dioxide","35620","New York-Newark-Jersey City, NY-NJ-PA","36","New York","081","Queens","40.73614","-73.82153"
"10/19/2022","AQS","360810124","2","3.9","ppb","4","QUEENS COLLEGE 2","24","100.0000","42401","Sulfur dioxide","35620","New York-Newark-Jersey City, NY-NJ-PA","36","New York","081","Queens","40.73614","-73.82153"
"10/20/2022","AQS","360810124","2","3","ppb","4","QUEENS COLLEGE 2","24","100.0000","42401","Sulfur dioxide","35620","New York-Newark-Jersey City, NY-NJ-PA","36","New York","081","Queens","40.73614","-73.82153"
"10/21/2022","AQS","360810124","2","1.6","ppb","1","QUEENS COLLEGE 2","24","100.0000","42401","Sulfur dioxide","35620","New York-Newark-Jersey City, NY-NJ-PA","36","New York","081","Queens","40.73614","-73.82153"
"10/22/2022","AQS","360810124","2","1.5","ppb","1","QUEENS COLLEGE 2","24","100.0000","42401","Sulfur dioxide","35620","New York-Newark-Jersey City, NY-NJ-PA","36","New York","081","Queens","40.73614","-73.82153"
"10/23/2022","AQS","360810124","2","0.3","ppb","0","QUEENS COLLEGE 2","24","100.0000","42401","Sulfur dioxide","35620","New York-Newark-Jersey City, NY-NJ-PA","36","New York","081","Queens","40.73614","-73.82153"
"10/24/2022","AQS","360810124","2","0.1","ppb","0","QUEENS COLLEGE 2","24","100.0000","42401","Sulfur dioxide","35620","New York-Newark-Jersey City, NY-NJ-PA","36","New York","081","Queens","40.73614","-73.82153"
"10/25/2022","AQS","360810124","2","0.2","ppb","0","QUEENS COLLEGE 2","24","100.0000","42401","Sulfur dioxide","35620","New York-Newark-Jersey City, NY-NJ-PA","36","New York","081","Queens","40.73614","-73.82153"
"10/26/2022","AQS","360810124","2","0.4","ppb","0","QUEENS COLLEGE 2","22","92.0000","42401","Sulfur dioxide","35620","New York-Newark-Jersey City, NY-NJ-PA","36","New York","081","Queens","40.73614","-73.82153"
"10/27/2022","AQS","360810124","2","0.7","ppb","0","QUEENS COLLEGE 2","24","100.0000","42401","Sulfur dioxide","35620","New York-Newark-Jersey City, NY-NJ-PA","36","New York","081","Queens","40.73614","-73.82153"
"10/28/2022","AQS","360810124","2","0.3","ppb","0","QUEENS COLLEGE 2","24","100.0000","42401","Sulfur dioxide","35620","New York-Newark-Jersey City, NY-NJ-PA","36","New York","081","Queens","40.73614","-73.82153"
"10/29/2022","AQS","360810124","2","0.5","ppb","0","QUEENS COLLEGE 2","24","100.0000","42401","Sulfur dioxide","35620","New York-Newark-Jersey City, NY-NJ-PA","36","New York","081","Queens","40.73614","-73.82153"
"10/30/2022","AQS","360810124","2","1.5","ppb","1","QUEENS COLLEGE 2","24","100.0000","42401","Sulfur dioxide","35620","New York-Newark-Jersey City, NY-NJ-PA","36","New York","081","Queens","40.73614","-73.82153"
"10/31/2022","AQS","360810124","2","1.3","ppb","1","QUEENS COLLEGE 2","24","100.0000","42401","Sulfur dioxide","35620","New York-Newark-Jersey City, NY-NJ-PA","36","New York","081","Queens","40.73614","-73.82153"
"11/01/2022","AQS","360810124","2","0.3","ppb","0","QUEENS COLLEGE 2","24","100.0000","42401","Sulfur dioxide","35620","New York-Newark-Jersey City, NY-NJ-PA","36","New York","081","Queens","40.73614","-73.82153"
"11/02/2022","AQS","360810124","2","5.3","ppb","7","QUEENS COLLEGE 2","24","100.0000","42401","Sulfur dioxide","35620","New York-Newark-Jersey City, NY-NJ-PA","36","New York","081","Queens","40.73614","-73.82153"
"11/03/2022","AQS","360810124","2","0.8","ppb","0","QUEENS COLLEGE 2","22","92.0000","42401","Sulfur dioxide","35620","New York-Newark-Jersey City, NY-NJ-PA","36","New York","081","Queens","40.73614","-73.82153"
"11/04/2022","AQS","360810124","2","0.5","ppb","0","QUEENS COLLEGE 2","24","100.0000","42401","Sulfur dioxide","35620","New York-Newark-Jersey City, NY-NJ-PA","36","New York","081","Queens","40.73614","-73.82153"
"11/05/2022","AQS","360810124","2","0.2","ppb","0","QUEENS COLLEGE 2","24","100.0000","42401","Sulfur dioxide","35620","New York-Newark-Jersey City, NY-NJ-PA","36","New York","081","Queens","40.73614","-73.82153"
"11/06/2022","AQS","360810124","2","0.2","ppb","0","QUEENS COLLEGE 2","24","100.0000","42401","Sulfur dioxide","35620","New York-Newark-Jersey City, NY-NJ-PA","36","New York","081","Queens","40.73614","-73.82153"
"11/07/2022","AQS","360810124","2","1.5","ppb","1","QUEENS COLLEGE 2","22","92.0000","42401","Sulfur dioxide","35620","New York-Newark-Jersey City, NY-NJ-PA","36","New York","081","Queens","40.73614","-73.82153"
"11/08/2022","AQS","360810124","2","0.4","ppb","0","QUEENS COLLEGE 2","24","100.0000","42401","Sulfur dioxide","35620","New York-Newark-Jersey City, NY-NJ-PA","36","New York","081","Queens","40.73614","-73.82153"
"11/09/2022","AQS","360810124","2","0.7","ppb","0","QUEENS COLLEGE 2","24","100.0000","42401","Sulfur dioxide","35620","New York-Newark-Jersey City, NY-NJ-PA","36","New York","081","Queens","40.73614","-73.82153"
"11/10/2022","AQS","360810124","2","2.5","ppb","3","QUEENS COLLEGE 2","24","100.0000","42401","Sulfur dioxide","35620","New York-Newark-Jersey City, NY-NJ-PA","36","New York","081","Queens","40.73614","-73.82153"
"11/11/2022","AQS","360810124","2","0.3","ppb","0","QUEENS COLLEGE 2","24","100.0000","42401","Sulfur dioxide","35620","New York-Newark-Jersey City, NY-NJ-PA","36","New York","081","Queens","40.73614","-73.82153"
"11/12/2022","AQS","360810124","2","0.3","ppb","0","QUEENS COLLEGE 2","24","100.0000","42401","Sulfur dioxide","35620","New York-Newark-Jersey City, NY-NJ-PA","36","New York","081","Queens","40.73614","-73.82153"
"11/13/2022","AQS","360810124","2","0.3","ppb","0","QUEENS COLLEGE 2","24","100.0000","42401","Sulfur dioxide","35620","New York-Newark-Jersey City, NY-NJ-PA","36","New York","081","Queens","40.73614","-73.82153"
"11/14/2022","AQS","360810124","2","2.9","ppb","3","QUEENS COLLEGE 2","24","100.0000","42401","Sulfur dioxide","35620","New York-Newark-Jersey City, NY-NJ-PA","36","New York","081","Queens","40.73614","-73.82153"
"11/15/2022","AQS","360810124","2","0.6","ppb","0","QUEENS COLLEGE 2","22","92.0000","42401","Sulfur dioxide","35620","New York-Newark-Jersey City, NY-NJ-PA","36","New York","081","Queens","40.73614","-73.82153"
"11/16/2022","AQS","360810124","2","1.6","ppb","1","QUEENS COLLEGE 2","24","100.0000","42401","Sulfur dioxide","35620","New York-Newark-Jersey City, NY-NJ-PA","36","New York","081","Queens","40.73614","-73.82153"
"11/17/2022","AQS","360810124","2","0.8","ppb","0","QUEENS COLLEGE 2","24","100.0000","42401","Sulfur dioxide","35620","New York-Newark-Jersey City, NY-NJ-PA","36","New York","081","Queens","40.73614","-73.82153"
"11/18/2022","AQS","360810124","2","1.2","ppb","1","QUEENS COLLEGE 2","24","100.0000","42401","Sulfur dioxide","35620","New York-Newark-Jersey City, NY-NJ-PA","36","New York","081","Queens","40.73614","-73.82153"
"11/19/2022","AQS","360810124","2","0.8","ppb","0","QUEENS COLLEGE 2","24","100.0000","42401","Sulfur dioxide","35620","New York-Newark-Jersey City, NY-NJ-PA","36","New York","081","Queens","40.73614","-73.82153"
"11/20/2022","AQS","360810124","2","0.7","ppb","0","QUEENS COLLEGE 2","24","100.0000","42401","Sulfur dioxide","35620","New York-Newark-Jersey City, NY-NJ-PA","36","New York","081","Queens","40.73614","-73.82153"
"11/21/2022","AQS","360810124","2","4.3","ppb","6","QUEENS COLLEGE 2","24","100.0000","42401","Sulfur dioxide","35620","New York-Newark-Jersey City, NY-NJ-PA","36","New York","081","Queens","40.73614","-73.82153"
"11/22/2022","AQS","360810124","2","2.7","ppb","3","QUEENS COLLEGE 2","22","92.0000","42401","Sulfur dioxide","35620","New York-Newark-Jersey City, NY-NJ-PA","36","New York","081","Queens","40.73614","-73.82153"
"11/23/2022","AQS","360810124","2","3.8","ppb","4","QUEENS COLLEGE 2","24","100.0000","42401","Sulfur dioxide","35620","New York-Newark-Jersey City, NY-NJ-PA","36","New York","081","Queens","40.73614","-73.82153"
"11/24/2022","AQS","360810124","2","2.7","ppb","3","QUEENS COLLEGE 2","24","100.0000","42401","Sulfur dioxide","35620","New York-Newark-Jersey City, NY-NJ-PA","36","New York","081","Queens","40.73614","-73.82153"
"11/25/2022","AQS","360810124","2","0.3","ppb","0","QUEENS COLLEGE 2","24","100.0000","42401","Sulfur dioxide","35620","New York-Newark-Jersey City, NY-NJ-PA","36","New York","081","Queens","40.73614","-73.82153"
"11/26/2022","AQS","360810124","2","2.3","ppb","3","QUEENS COLLEGE 2","22","92.0000","42401","Sulfur dioxide","35620","New York-Newark-Jersey City, NY-NJ-PA","36","New York","081","Queens","40.73614","-73.82153"
"11/27/2022","AQS","360810124","2","0.9","ppb","0","QUEENS COLLEGE 2","24","100.0000","42401","Sulfur dioxide","35620","New York-Newark-Jersey City, NY-NJ-PA","36","New York","081","Queens","40.73614","-73.82153"
"11/28/2022","AQS","360810124","2","2.8","ppb","3","QUEENS COLLEGE 2","22","92.0000","42401","Sulfur dioxide","35620","New York-Newark-Jersey City, NY-NJ-PA","36","New York","081","Queens","40.73614","-73.82153"
"11/29/2022","AQS","360810124","2","2","ppb","3","QUEENS COLLEGE 2","24","100.0000","42401","Sulfur dioxide","35620","New York-Newark-Jersey City, NY-NJ-PA","36","New York","081","Queens","40.73614","-73.82153"
"11/30/2022","AQS","360810124","2","1","ppb","1","QUEENS COLLEGE 2","24","100.0000","42401","Sulfur dioxide","35620","New York-Newark-Jersey City, NY-NJ-PA","36","New York","081","Queens","40.73614","-73.82153"
"12/01/2022","AQS","360810124","2","0.8","ppb","0","QUEENS COLLEGE 2","22","92.0000","42401","Sulfur dioxide","35620","New York-Newark-Jersey City, NY-NJ-PA","36","New York","081","Queens","40.73614","-73.82153"
"12/02/2022","AQS","360810124","2","1.2","ppb","1","QUEENS COLLEGE 2","24","100.0000","42401","Sulfur dioxide","35620","New York-Newark-Jersey City, NY-NJ-PA","36","New York","081","Queens","40.73614","-73.82153"
"12/03/2022","AQS","360810124","2","0.3","ppb","0","QUEENS COLLEGE 2","24","100.0000","42401","Sulfur dioxide","35620","New York-Newark-Jersey City, NY-NJ-PA","36","New York","081","Queens","40.73614","-73.82153"
"12/04/2022","AQS","360810124","2","0.8","ppb","0","QUEENS COLLEGE 2","24","100.0000","42401","Sulfur dioxide","35620","New York-Newark-Jersey City, NY-NJ-PA","36","New York","081","Queens","40.73614","-73.82153"
"12/05/2022","AQS","360810124","2","3.3","ppb","4","QUEENS COLLEGE 2","22","92.0000","42401","Sulfur dioxide","35620","New York-Newark-Jersey City, NY-NJ-PA","36","New York","081","Queens","40.73614","-73.82153"
"12/06/2022","AQS","360810124","2","0.8","ppb","0","QUEENS COLLEGE 2","24","100.0000","42401","Sulfur dioxide","35620","New York-Newark-Jersey City, NY-NJ-PA","36","New York","081","Queens","40.73614","-73.82153"
"12/07/2022","AQS","360810124","2","0.3","ppb","0","QUEENS COLLEGE 2","24","100.0000","42401","Sulfur dioxide","35620","New York-Newark-Jersey City, NY-NJ-PA","36","New York","081","Queens","40.73614","-73.82153"
"12/08/2022","AQS","360810124","2","2.4","ppb","3","QUEENS COLLEGE 2","24","100.0000","42401","Sulfur dioxide","35620","New York-Newark-Jersey City, NY-NJ-PA","36","New York","081","Queens","40.73614","-73.82153"
"12/09/2022","AQS","360810124","2","1.7","ppb","1","QUEENS COLLEGE 2","24","100.0000","42401","Sulfur dioxide","35620","New York-Newark-Jersey City, NY-NJ-PA","36","New York","081","Queens","40.73614","-73.82153"
"12/10/2022","AQS","360810124","2","0.4","ppb","0","QUEENS COLLEGE 2","24","100.0000","42401","Sulfur dioxide","35620","New York-Newark-Jersey City, NY-NJ-PA","36","New York","081","Queens","40.73614","-73.82153"
"12/11/2022","AQS","360810124","2","0.1","ppb","0","QUEENS COLLEGE 2","24","100.0000","42401","Sulfur dioxide","35620","New York-Newark-Jersey City, NY-NJ-PA","36","New York","081","Queens","40.73614","-73.82153"
"12/12/2022","AQS","360810124","2","0.4","ppb","0","QUEENS COLLEGE 2","22","92.0000","42401","Sulfur dioxide","35620","New York-Newark-Jersey City, NY-NJ-PA","36","New York","081","Queens","40.73614","-73.82153"
"12/13/2022","AQS","360810124","2","3.9","ppb","4","QUEENS COLLEGE 2","24","100.0000","42401","Sulfur dioxide","35620","New York-Newark-Jersey City, NY-NJ-PA","36","New York","081","Queens","40.73614","-73.82153"
"12/14/2022","AQS","360810124","2","2.6","ppb","3","QUEENS COLLEGE 2","24","100.0000","42401","Sulfur dioxide","35620","New York-Newark-Jersey City, NY-NJ-PA","36","New York","081","Queens","40.73614","-73.82153"
"12/15/2022","AQS","360810124","2","0.5","ppb","0","QUEENS COLLEGE 2","24","100.0000","42401","Sulfur dioxide","35620","New York-Newark-Jersey City, NY-NJ-PA","36","New York","081","Queens","40.73614","-73.82153"
"12/16/2022","AQS","360810124","2","1.6","ppb","1","QUEENS COLLEGE 2","24","100.0000","42401","Sulfur dioxide","35620","New York-Newark-Jersey City, NY-NJ-PA","36","New York","081","Queens","40.73614","-73.82153"
"12/17/2022","AQS","360810124","2","0.5","ppb","0","QUEENS COLLEGE 2","24","100.0000","42401","Sulfur dioxide","35620","New York-Newark-Jersey City, NY-NJ-PA","36","New York","081","Queens","40.73614","-73.82153"
"12/18/2022","AQS","360810124","2","1.1","ppb","1","QUEENS COLLEGE 2","24","100.0000","42401","Sulfur dioxide","35620","New York-Newark-Jersey City, NY-NJ-PA","36","New York","081","Queens","40.73614","-73.82153"
"12/19/2022","AQS","360810124","2","1.5","ppb","1","QUEENS COLLEGE 2","24","100.0000","42401","Sulfur dioxide","35620","New York-Newark-Jersey City, NY-NJ-PA","36","New York","081","Queens","40.73614","-73.82153"
"12/20/2022","AQS","360810124","2","3.3","ppb","4","QUEENS COLLEGE 2","22","92.0000","42401","Sulfur dioxide","35620","New York-Newark-Jersey City, NY-NJ-PA","36","New York","081","Queens","40.73614","-73.82153"
"12/21/2022","AQS","360810124","2","2","ppb","3","QUEENS COLLEGE 2","24","100.0000","42401","Sulfur dioxide","35620","New York-Newark-Jersey City, NY-NJ-PA","36","New York","081","Queens","40.73614","-73.82153"
"12/22/2022","AQS","360810124","2","8.3","ppb","11","QUEENS COLLEGE 2","24","100.0000","42401","Sulfur dioxide","35620","New York-Newark-Jersey City, NY-NJ-PA","36","New York","081","Queens","40.73614","-73.82153"
"12/23/2022","AQS","360810124","2","0.6","ppb","0","QUEENS COLLEGE 2","24","100.0000","42401","Sulfur dioxide","35620","New York-Newark-Jersey City, NY-NJ-PA","36","New York","081","Queens","40.73614","-73.82153"
"12/24/2022","AQS","360810124","2","1.2","ppb","1","QUEENS COLLEGE 2","24","100.0000","42401","Sulfur dioxide","35620","New York-Newark-Jersey City, NY-NJ-PA","36","New York","081","Queens","40.73614","-73.82153"
"12/25/2022","AQS","360810124","2","2.5","ppb","3","QUEENS COLLEGE 2","24","100.0000","42401","Sulfur dioxide","35620","New York-Newark-Jersey City, NY-NJ-PA","36","New York","081","Queens","40.73614","-73.82153"
"12/26/2022","AQS","360810124","2","3.3","ppb","4","QUEENS COLLEGE 2","24","100.0000","42401","Sulfur dioxide","35620","New York-Newark-Jersey City, NY-NJ-PA","36","New York","081","Queens","40.73614","-73.82153"
"12/27/2022","AQS","360810124","2","2.6","ppb","3","QUEENS COLLEGE 2","24","100.0000","42401","Sulfur dioxide","35620","New York-Newark-Jersey City, NY-NJ-PA","36","New York","081","Queens","40.73614","-73.82153"
"12/28/2022","AQS","360810124","2","2.3","ppb","3","QUEENS COLLEGE 2","22","92.0000","42401","Sulfur dioxide","35620","New York-Newark-Jersey City, NY-NJ-PA","36","New York","081","Queens","40.73614","-73.82153"
"12/29/2022","AQS","360810124","2","3.1","ppb","4","QUEENS COLLEGE 2","24","100.0000","42401","Sulfur dioxide","35620","New York-Newark-Jersey City, NY-NJ-PA","36","New York","081","Queens","40.73614","-73.82153"
"12/30/2022","AQS","360810124","2","1.6","ppb","1","QUEENS COLLEGE 2","24","100.0000","42401","Sulfur dioxide","35620","New York-Newark-Jersey City, NY-NJ-PA","36","New York","081","Queens","40.73614","-73.82153"
"12/31/2022","AQS","360810124","2","0.7","ppb","0","QUEENS COLLEGE 2","24","100.0000","42401","Sulfur dioxide","35620","New York-Newark-Jersey City, NY-NJ-PA","36","New York","081","Queens","40.73614","-73.82153"
"01/01/2022","AQS","360890004","1","50.4","ppb","69","Alcoa West","24","100.0000","42401","Sulfur dioxide","36300","Ogdensburg-Massena, NY","36","New York","089","St. Lawrence","44.9554680009432","-74.9078"
"01/02/2022","AQS","360890004","1","0.5","ppb","0","Alcoa West","24","100.0000","42401","Sulfur dioxide","36300","Ogdensburg-Massena, NY","36","New York","089","St. Lawrence","44.9554680009432","-74.9078"
"01/03/2022","AQS","360890004","1","6","ppb","9","Alcoa West","24","100.0000","42401","Sulfur dioxide","36300","Ogdensburg-Massena, NY","36","New York","089","St. Lawrence","44.9554680009432","-74.9078"
"01/04/2022","AQS","360890004","1","0.9","ppb","0","Alcoa West","24","100.0000","42401","Sulfur dioxide","36300","Ogdensburg-Massena, NY","36","New York","089","St. Lawrence","44.9554680009432","-74.9078"
"01/05/2022","AQS","360890004","1","9.6","ppb","13","Alcoa West","24","100.0000","42401","Sulfur dioxide","36300","Ogdensburg-Massena, NY","36","New York","089","St. Lawrence","44.9554680009432","-74.9078"
"01/06/2022","AQS","360890004","1","0.5","ppb","0","Alcoa West","23","96.0000","42401","Sulfur dioxide","36300","Ogdensburg-Massena, NY","36","New York","089","St. Lawrence","44.9554680009432","-74.9078"
"01/07/2022","AQS","360890004","1","3.5","ppb","4","Alcoa West","24","100.0000","42401","Sulfur dioxide","36300","Ogdensburg-Massena, NY","36","New York","089","St. Lawrence","44.9554680009432","-74.9078"
"01/08/2022","AQS","360890004","1","6.7","ppb","9","Alcoa West","24","100.0000","42401","Sulfur dioxide","36300","Ogdensburg-Massena, NY","36","New York","089","St. Lawrence","44.9554680009432","-74.9078"
"01/09/2022","AQS","360890004","1","5.4","ppb","7","Alcoa West","24","100.0000","42401","Sulfur dioxide","36300","Ogdensburg-Massena, NY","36","New York","089","St. Lawrence","44.9554680009432","-74.9078"
"01/10/2022","AQS","360890004","1","0.5","ppb","0","Alcoa West","24","100.0000","42401","Sulfur dioxide","36300","Ogdensburg-Massena, NY","36","New York","089","St. Lawrence","44.9554680009432","-74.9078"
"01/11/2022","AQS","360890004","1","0.6","ppb","0","Alcoa West","24","100.0000","42401","Sulfur dioxide","36300","Ogdensburg-Massena, NY","36","New York","089","St. Lawrence","44.9554680009432","-74.9078"
"01/12/2022","AQS","360890004","1","3.5","ppb","4","Alcoa West","24","100.0000","42401","Sulfur dioxide","36300","Ogdensburg-Massena, NY","36","New York","089","St. Lawrence","44.9554680009432","-74.9078"
"01/13/2022","AQS","360890004","1","36","ppb","51","Alcoa West","24","100.0000","42401","Sulfur dioxide","36300","Ogdensburg-Massena, NY","36","New York","089","St. Lawrence","44.9554680009432","-74.9078"
"01/14/2022","AQS","360890004","1","1.7","ppb","1","Alcoa West","24","100.0000","42401","Sulfur dioxide","36300","Ogdensburg-Massena, NY","36","New York","089","St. Lawrence","44.9554680009432","-74.9078"
"01/15/2022","AQS","360890004","1","1.3","ppb","1","Alcoa West","24","100.0000","42401","Sulfur dioxide","36300","Ogdensburg-Massena, NY","36","New York","089","St. Lawrence","44.9554680009432","-74.9078"
"01/16/2022","AQS","360890004","1","32.9","ppb","46","Alcoa West","24","100.0000","42401","Sulfur dioxide","36300","Ogdensburg-Massena, NY","36","New York","089","St. Lawrence","44.9554680009432","-74.9078"
"01/17/2022","AQS","360890004","1","73.3","ppb","97","Alcoa West","24","100.0000","42401","Sulfur dioxide","36300","Ogdensburg-Massena, NY","36","New York","089","St. Lawrence","44.9554680009432","-74.9078"
"01/18/2022","AQS","360890004","1","0.6","ppb","0","Alcoa West","24","100.0000","42401","Sulfur dioxide","36300","Ogdensburg-Massena, NY","36","New York","089","St. Lawrence","44.9554680009432","-74.9078"
"01/19/2022","AQS","360890004","1","62.1","ppb","84","Alcoa West","24","100.0000","42401","Sulfur dioxide","36300","Ogdensburg-Massena, NY","36","New York","089","St. Lawrence","44.9554680009432","-74.9078"
"01/20/2022","AQS","360890004","1","0.6","ppb","0","Alcoa West","24","100.0000","42401","Sulfur dioxide","36300","Ogdensburg-Massena, NY","36","New York","089","St. Lawrence","44.9554680009432","-74.9078"
"01/21/2022","AQS","360890004","1","0.7","ppb","0","Alcoa West","24","100.0000","42401","Sulfur dioxide","36300","Ogdensburg-Massena, NY","36","New York","089","St. Lawrence","44.9554680009432","-74.9078"
"01/22/2022","AQS","360890004","1","60","ppb","81","Alcoa West","24","100.0000","42401","Sulfur dioxide","36300","Ogdensburg-Massena, NY","36","New York","089","St. Lawrence","44.9554680009432","-74.9078"
"01/23/2022","AQS","360890004","1","1","ppb","1","Alcoa West","24","100.0000","42401","Sulfur dioxide","36300","Ogdensburg-Massena, NY","36","New York","089","St. Lawrence","44.9554680009432","-74.9078"
"01/24/2022","AQS","360890004","1","30.8","ppb","43","Alcoa West","24","100.0000","42401","Sulfur dioxide","36300","Ogdensburg-Massena, NY","36","New York","089","St. Lawrence","44.9554680009432","-74.9078"
"01/25/2022","AQS","360890004","1","9.6","ppb","13","Alcoa West","24","100.0000","42401","Sulfur dioxide","36300","Ogdensburg-Massena, NY","36","New York","089","St. Lawrence","44.9554680009432","-74.9078"
"01/26/2022","AQS","360890004","1","0.7","ppb","0","Alcoa West","24","100.0000","42401","Sulfur dioxide","36300","Ogdensburg-Massena, NY","36","New York","089","St. Lawrence","44.9554680009432","-74.9078"
"01/27/2022","AQS","360890004","1","1.6","ppb","1","Alcoa West","24","100.0000","42401","Sulfur dioxide","36300","Ogdensburg-Massena, NY","36","New York","089","St. Lawrence","44.9554680009432","-74.9078"
"01/28/2022","AQS","360890004","1","1.3","ppb","1","Alcoa West","24","100.0000","42401","Sulfur dioxide","36300","Ogdensburg-Massena, NY","36","New York","089","St. Lawrence","44.9554680009432","-74.9078"
"01/29/2022","AQS","360890004","1","26.3","ppb","37","Alcoa West","24","100.0000","42401","Sulfur dioxide","36300","Ogdensburg-Massena, NY","36","New York","089","St. Lawrence","44.9554680009432","-74.9078"
"01/30/2022","AQS","360890004","1","0.7","ppb","0","Alcoa West","24","100.0000","42401","Sulfur dioxide","36300","Ogdensburg-Massena, NY","36","New York","089","St. Lawrence","44.9554680009432","-74.9078"
"01/31/2022","AQS","360890004","1","8.6","ppb","11","Alcoa West","24","100.0000","42401","Sulfur dioxide","36300","Ogdensburg-Massena, NY","36","New York","089","St. Lawrence","44.9554680009432","-74.9078"
"02/01/2022","AQS","360890004","1","51.2","ppb","70","Alcoa West","24","100.0000","42401","Sulfur dioxide","36300","Ogdensburg-Massena, NY","36","New York","089","St. Lawrence","44.9554680009432","-74.9078"
"02/02/2022","AQS","360890004","1","1.2","ppb","1","Alcoa West","24","100.0000","42401","Sulfur dioxide","36300","Ogdensburg-Massena, NY","36","New York","089","St. Lawrence","44.9554680009432","-74.9078"
"02/03/2022","AQS","360890004","1","9.2","ppb","13","Alcoa West","24","100.0000","42401","Sulfur dioxide","36300","Ogdensburg-Massena, NY","36","New York","089","St. Lawrence","44.9554680009432","-74.9078"
"02/04/2022","AQS","360890004","1","35.4","ppb","50","Alcoa West","24","100.0000","42401","Sulfur dioxide","36300","Ogdensburg-Massena, NY","36","New York","089","St. Lawrence","44.9554680009432","-74.9078"
"02/05/2022","AQS","360890004","1","0.7","ppb","0","Alcoa West","24","100.0000","42401","Sulfur dioxide","36300","Ogdensburg-Massena, NY","36","New York","089","St. Lawrence","44.9554680009432","-74.9078"
"02/06/2022","AQS","360890004","1","27.6","ppb","39","Alcoa West","24","100.0000","42401","Sulfur dioxide","36300","Ogdensburg-Massena, NY","36","New York","089","St. Lawrence","44.9554680009432","-74.9078"
"02/07/2022","AQS","360890004","1","37.4","ppb","52","Alcoa West","24","100.0000","42401","Sulfur dioxide","36300","Ogdensburg-Massena, NY","36","New York","089","St. Lawrence","44.9554680009432","-74.9078"
"02/08/2022","AQS","360890004","1","48.4","ppb","66","Alcoa West","24","100.0000","42401","Sulfur dioxide","36300","Ogdensburg-Massena, NY","36","New York","089","St. Lawrence","44.9554680009432","-74.9078"
"02/09/2022","AQS","360890004","1","41.7","ppb","57","Alcoa West","24","100.0000","42401","Sulfur dioxide","36300","Ogdensburg-Massena, NY","36","New York","089","St. Lawrence","44.9554680009432","-74.9078"
"02/10/2022","AQS","360890004","1","1.2","ppb","1","Alcoa West","24","100.0000","42401","Sulfur dioxide","36300","Ogdensburg-Massena, NY","36","New York","089","St. Lawrence","44.9554680009432","-74.9078"
"02/11/2022","AQS","360890004","1","0.8","ppb","0","Alcoa West","24","100.0000","42401","Sulfur dioxide","36300","Ogdensburg-Massena, NY","36","New York","089","St. Lawrence","44.9554680009432","-74.9078"
"02/12/2022","AQS","360890004","1","0.5","ppb","0","Alcoa West","24","100.0000","42401","Sulfur dioxide","36300","Ogdensburg-Massena, NY","36","New York","089","St. Lawrence","44.9554680009432","-74.9078"
"02/13/2022","AQS","360890004","1","7.8","ppb","10","Alcoa West","24","100.0000","42401","Sulfur dioxide","36300","Ogdensburg-Massena, NY","36","New York","089","St. Lawrence","44.9554680009432","-74.9078"
"02/14/2022","AQS","360890004","1","0.7","ppb","0","Alcoa West","23","96.0000","42401","Sulfur dioxide","36300","Ogdensburg-Massena, NY","36","New York","089","St. Lawrence","44.9554680009432","-74.9078"
"02/15/2022","AQS","360890004","1","0.9","ppb","0","Alcoa West","24","100.0000","42401","Sulfur dioxide","36300","Ogdensburg-Massena, NY","36","New York","089","St. Lawrence","44.9554680009432","-74.9078"
"02/16/2022","AQS","360890004","1","1.8","ppb","1","Alcoa West","24","100.0000","42401","Sulfur dioxide","36300","Ogdensburg-Massena, NY","36","New York","089","St. Lawrence","44.9554680009432","-74.9078"
"02/17/2022","AQS","360890004","1","1","ppb","1","Alcoa West","24","100.0000","42401","Sulfur dioxide","36300","Ogdensburg-Massena, NY","36","New York","089","St. Lawrence","44.9554680009432","-74.9078"
"02/18/2022","AQS","360890004","1","0.6","ppb","0","Alcoa West","24","100.0000","42401","Sulfur dioxide","36300","Ogdensburg-Massena, NY","36","New York","089","St. Lawrence","44.9554680009432","-74.9078"
"02/19/2022","AQS","360890004","1","3.2","ppb","4","Alcoa West","24","100.0000","42401","Sulfur dioxide","36300","Ogdensburg-Massena, NY","36","New York","089","St. Lawrence","44.9554680009432","-74.9078"
"02/20/2022","AQS","360890004","1","0.9","ppb","0","Alcoa West","24","100.0000","42401","Sulfur dioxide","36300","Ogdensburg-Massena, NY","36","New York","089","St. Lawrence","44.9554680009432","-74.9078"
"02/21/2022","AQS","360890004","1","54.8","ppb","74","Alcoa West","24","100.0000","42401","Sulfur dioxide","36300","Ogdensburg-Massena, NY","36","New York","089","St. Lawrence","44.9554680009432","-74.9078"
"02/22/2022","AQS","360890004","1","43.4","ppb","60","Alcoa West","24","100.0000","42401","Sulfur dioxide","36300","Ogdensburg-Massena, NY","36","New York","089","St. Lawrence","44.9554680009432","-74.9078"
"02/23/2022","AQS","360890004","1","0.9","ppb","0","Alcoa West","24","100.0000","42401","Sulfur dioxide","36300","Ogdensburg-Massena, NY","36","New York","089","St. Lawrence","44.9554680009432","-74.9078"
"02/24/2022","AQS","360890004","1","7","ppb","10","Alcoa West","24","100.0000","42401","Sulfur dioxide","36300","Ogdensburg-Massena, NY","36","New York","089","St. Lawrence","44.9554680009432","-74.9078"
"02/25/2022","AQS","360890004","1","62.2","ppb","84","Alcoa West","24","100.0000","42401","Sulfur dioxide","36300","Ogdensburg-Massena, NY","36","New York","089","St. Lawrence","44.9554680009432","-74.9078"
"02/26/2022","AQS","360890004","1","1.1","ppb","1","Alcoa West","24","100.0000","42401","Sulfur dioxide","36300","Ogdensburg-Massena, NY","36","New York","089","St. Lawrence","44.9554680009432","-74.9078"
"02/27/2022","AQS","360890004","1","1.1","ppb","1","Alcoa West","24","100.0000","42401","Sulfur dioxide","36300","Ogdensburg-Massena, NY","36","New York","089","St. Lawrence","44.9554680009432","-74.9078"
"02/28/2022","AQS","360890004","1","0.9","ppb","0","Alcoa West","24","100.0000","42401","Sulfur dioxide","36300","Ogdensburg-Massena, NY","36","New York","089","St. Lawrence","44.9554680009432","-74.9078"
"03/01/2022","AQS","360890004","1","60.8","ppb","81","Alcoa West","20","83.0000","42401","Sulfur dioxide","36300","Ogdensburg-Massena, NY","36","New York","089","St. Lawrence","44.9554680009432","-74.9078"
"03/02/2022","AQS","360890004","1","0.7","ppb","0","Alcoa West","24","100.0000","42401","Sulfur dioxide","36300","Ogdensburg-Massena, NY","36","New York","089","St. Lawrence","44.9554680009432","-74.9078"
"03/03/2022","AQS","360890004","1","0.8","ppb","0","Alcoa West","24","100.0000","42401","Sulfur dioxide","36300","Ogdensburg-Massena, NY","36","New York","089","St. Lawrence","44.9554680009432","-74.9078"
"03/04/2022","AQS","360890004","1","1.1","ppb","1","Alcoa West","24","100.0000","42401","Sulfur dioxide","36300","Ogdensburg-Massena, NY","36","New York","089","St. Lawrence","44.9554680009432","-74.9078"
"03/05/2022","AQS","360890004","1","39.7","ppb","55","Alcoa West","24","100.0000","42401","Sulfur dioxide","36300","Ogdensburg-Massena, NY","36","New York","089","St. Lawrence","44.9554680009432","-74.9078"
"03/06/2022","AQS","360890004","1","61.6","ppb","82","Alcoa West","24","100.0000","42401","Sulfur dioxide","36300","Ogdensburg-Massena, NY","36","New York","089","St. Lawrence","44.9554680009432","-74.9078"
"03/07/2022","AQS","360890004","1","11.5","ppb","16","Alcoa West","24","100.0000","42401","Sulfur dioxide","36300","Ogdensburg-Massena, NY","36","New York","089","St. Lawrence","44.9554680009432","-74.9078"
"03/08/2022","AQS","360890004","1","0.6","ppb","0","Alcoa West","24","100.0000","42401","Sulfur dioxide","36300","Ogdensburg-Massena, NY","36","New York","089","St. Lawrence","44.9554680009432","-74.9078"
"03/09/2022","AQS","360890004","1","5.1","ppb","7","Alcoa West","24","100.0000","42401","Sulfur dioxide","36300","Ogdensburg-Massena, NY","36","New York","089","St. Lawrence","44.9554680009432","-74.9078"
"03/10/2022","AQS","360890004","1","0.6","ppb","0","Alcoa West","24","100.0000","42401","Sulfur dioxide","36300","Ogdensburg-Massena, NY","36","New York","089","St. Lawrence","44.9554680009432","-74.9078"
"03/11/2022","AQS","360890004","1","54.8","ppb","74","Alcoa West","24","100.0000","42401","Sulfur dioxide","36300","Ogdensburg-Massena, NY","36","New York","089","St. Lawrence","44.9554680009432","-74.9078"
"03/12/2022","AQS","360890004","1","0.6","ppb","0","Alcoa West","24","100.0000","42401","Sulfur dioxide","36300","Ogdensburg-Massena, NY","36","New York","089","St. Lawrence","44.9554680009432","-74.9078"
"03/13/2022","AQS","360890004","1","0.9","ppb","0","Alcoa West","24","100.0000","42401","Sulfur dioxide","36300","Ogdensburg-Massena, NY","36","New York","089","St. Lawrence","44.9554680009432","-74.9078"
"03/14/2022","AQS","360890004","1","0.8","ppb","0","Alcoa West","24","100.0000","42401","Sulfur dioxide","36300","Ogdensburg-Massena, NY","36","New York","089","St. Lawrence","44.9554680009432","-74.9078"
"03/15/2022","AQS","360890004","1","7.5","ppb","10","Alcoa West","22","92.0000","42401","Sulfur dioxide","36300","Ogdensburg-Massena, NY","36","New York","089","St. Lawrence","44.9554680009432","-74.9078"
"03/16/2022","AQS","360890004","1","0.7","ppb","0","Alcoa West","24","100.0000","42401","Sulfur dioxide","36300","Ogdensburg-Massena, NY","36","New York","089","St. Lawrence","44.9554680009432","-74.9078"
"03/17/2022","AQS","360890004","1","1.1","ppb","1","Alcoa West","24","100.0000","42401","Sulfur dioxide","36300","Ogdensburg-Massena, NY","36","New York","089","St. Lawrence","44.9554680009432","-74.9078"
"03/18/2022","AQS","360890004","1","55.2","ppb","75","Alcoa West","23","96.0000","42401","Sulfur dioxide","36300","Ogdensburg-Massena, NY","36","New York","089","St. Lawrence","44.9554680009432","-74.9078"
"03/19/2022","AQS","360890004","1","73.3","ppb","97","Alcoa West","24","100.0000","42401","Sulfur dioxide","36300","Ogdensburg-Massena, NY","36","New York","089","St. Lawrence","44.9554680009432","-74.9078"
"03/20/2022","AQS","360890004","1","0.7","ppb","0","Alcoa West","24","100.0000","42401","Sulfur dioxide","36300","Ogdensburg-Massena, NY","36","New York","089","St. Lawrence","44.9554680009432","-74.9078"
"03/21/2022","AQS","360890004","1","0.6","ppb","0","Alcoa West","24","100.0000","42401","Sulfur dioxide","36300","Ogdensburg-Massena, NY","36","New York","089","St. Lawrence","44.9554680009432","-74.9078"
"03/22/2022","AQS","360890004","1","0.6","ppb","0","Alcoa West","24","100.0000","42401","Sulfur dioxide","36300","Ogdensburg-Massena, NY","36","New York","089","St. Lawrence","44.9554680009432","-74.9078"
"03/23/2022","AQS","360890004","1","60.2","ppb","81","Alcoa West","24","100.0000","42401","Sulfur dioxide","36300","Ogdensburg-Massena, NY","36","New York","089","St. Lawrence","44.9554680009432","-74.9078"
"03/24/2022","AQS","360890004","1","27.8","ppb","39","Alcoa West","24","100.0000","42401","Sulfur dioxide","36300","Ogdensburg-Massena, NY","36","New York","089","St. Lawrence","44.9554680009432","-74.9078"
"03/25/2022","AQS","360890004","1","0.8","ppb","0","Alcoa West","24","100.0000","42401","Sulfur dioxide","36300","Ogdensburg-Massena, NY","36","New York","089","St. Lawrence","44.9554680009432","-74.9078"
"03/26/2022","AQS","360890004","1","0.6","ppb","0","Alcoa West","24","100.0000","42401","Sulfur dioxide","36300","Ogdensburg-Massena, NY","36","New York","089","St. Lawrence","44.9554680009432","-74.9078"
"03/27/2022","AQS","360890004","1","0.4","ppb","0","Alcoa West","24","100.0000","42401","Sulfur dioxide","36300","Ogdensburg-Massena, NY","36","New York","089","St. Lawrence","44.9554680009432","-74.9078"
"03/28/2022","AQS","360890004","1","0.5","ppb","0","Alcoa West","24","100.0000","42401","Sulfur dioxide","36300","Ogdensburg-Massena, NY","36","New York","089","St. Lawrence","44.9554680009432","-74.9078"
"03/29/2022","AQS","360890004","1","0.7","ppb","0","Alcoa West","24","100.0000","42401","Sulfur dioxide","36300","Ogdensburg-Massena, NY","36","New York","089","St. Lawrence","44.9554680009432","-74.9078"
"03/30/2022","AQS","360890004","1","32.2","ppb","46","Alcoa West","24","100.0000","42401","Sulfur dioxide","36300","Ogdensburg-Massena, NY","36","New York","089","St. Lawrence","44.9554680009432","-74.9078"
"03/31/2022","AQS","360890004","1","44.3","ppb","61","Alcoa West","24","100.0000","42401","Sulfur dioxide","36300","Ogdensburg-Massena, NY","36","New York","089","St. Lawrence","44.9554680009432","-74.9078"
"04/01/2022","AQS","360890004","1","0.5","ppb","0","Alcoa West","24","100.0000","42401","Sulfur dioxide","36300","Ogdensburg-Massena, NY","36","New York","089","St. Lawrence","44.9554680009432","-74.9078"
"04/02/2022","AQS","360890004","1","0.9","ppb","0","Alcoa West","24","100.0000","42401","Sulfur dioxide","36300","Ogdensburg-Massena, NY","36","New York","089","St. Lawrence","44.9554680009432","-74.9078"
"04/03/2022","AQS","360890004","1","55.9","ppb","75","Alcoa West","24","100.0000","42401","Sulfur dioxide","36300","Ogdensburg-Massena, NY","36","New York","089","St. Lawrence","44.9554680009432","-74.9078"
"04/04/2022","AQS","360890004","1","1.3","ppb","1","Alcoa West","24","100.0000","42401","Sulfur dioxide","36300","Ogdensburg-Massena, NY","36","New York","089","St. Lawrence","44.9554680009432","-74.9078"
"04/05/2022","AQS","360890004","1","31.1","ppb","44","Alcoa West","24","100.0000","42401","Sulfur dioxide","36300","Ogdensburg-Massena, NY","36","New York","089","St. Lawrence","44.9554680009432","-74.9078"
"04/06/2022","AQS","360890004","1","72.8","ppb","96","Alcoa West","24","100.0000","42401","Sulfur dioxide","36300","Ogdensburg-Massena, NY","36","New York","089","St. Lawrence","44.9554680009432","-74.9078"
"04/07/2022","AQS","360890004","1","47.6","ppb","65","Alcoa West","24","100.0000","42401","Sulfur dioxide","36300","Ogdensburg-Massena, NY","36","New York","089","St. Lawrence","44.9554680009432","-74.9078"
"04/08/2022","AQS","360890004","1","34.1","ppb","49","Alcoa West","24","100.0000","42401","Sulfur dioxide","36300","Ogdensburg-Massena, NY","36","New York","089","St. Lawrence","44.9554680009432","-74.9078"
"04/09/2022","AQS","360890004","1","1.8","ppb","1","Alcoa West","24","100.0000","42401","Sulfur dioxide","36300","Ogdensburg-Massena, NY","36","New York","089","St. Lawrence","44.9554680009432","-74.9078"
"04/10/2022","AQS","360890004","1","0.5","ppb","0","Alcoa West","24","100.0000","42401","Sulfur dioxide","36300","Ogdensburg-Massena, NY","36","New York","089","St. Lawrence","44.9554680009432","-74.9078"
"04/11/2022","AQS","360890004","1","4.1","ppb","6","Alcoa West","24","100.0000","42401","Sulfur dioxide","36300","Ogdensburg-Massena, NY","36","New York","089","St. Lawrence","44.9554680009432","-74.9078"
"04/12/2022","AQS","360890004","1","0.7","ppb","0","Alcoa West","24","100.0000","42401","Sulfur dioxide","36300","Ogdensburg-Massena, NY","36","New York","089","St. Lawrence","44.9554680009432","-74.9078"
"04/13/2022","AQS","360890004","1","64.9","ppb","86","Alcoa West","24","100.0000","42401","Sulfur dioxide","36300","Ogdensburg-Massena, NY","36","New York","089","St. Lawrence","44.9554680009432","-74.9078"
"04/14/2022","AQS","360890004","1","32.2","ppb","46","Alcoa West","24","100.0000","42401","Sulfur dioxide","36300","Ogdensburg-Massena, NY","36","New York","089","St. Lawrence","44.9554680009432","-74.9078"
"04/15/2022","AQS","360890004","1","0.5","ppb","0","Alcoa West","24","100.0000","42401","Sulfur dioxide","36300","Ogdensburg-Massena, NY","36","New York","089","St. Lawrence","44.9554680009432","-74.9078"
"04/16/2022","AQS","360890004","1","0.6","ppb","0","Alcoa West","24","100.0000","42401","Sulfur dioxide","36300","Ogdensburg-Massena, NY","36","New York","089","St. Lawrence","44.9554680009432","-74.9078"
"04/17/2022","AQS","360890004","1","0.7","ppb","0","Alcoa West","24","100.0000","42401","Sulfur dioxide","36300","Ogdensburg-Massena, NY","36","New York","089","St. Lawrence","44.9554680009432","-74.9078"
"04/18/2022","AQS","360890004","1","68.8","ppb","91","Alcoa West","24","100.0000","42401","Sulfur dioxide","36300","Ogdensburg-Massena, NY","36","New York","089","St. Lawrence","44.9554680009432","-74.9078"
"04/19/2022","AQS","360890004","1","45.6","ppb","62","Alcoa West","24","100.0000","42401","Sulfur dioxide","36300","Ogdensburg-Massena, NY","36","New York","089","St. Lawrence","44.9554680009432","-74.9078"
"04/20/2022","AQS","360890004","1","0.7","ppb","0","Alcoa West","24","100.0000","42401","Sulfur dioxide","36300","Ogdensburg-Massena, NY","36","New York","089","St. Lawrence","44.9554680009432","-74.9078"
"04/21/2022","AQS","360890004","1","0.7","ppb","0","Alcoa West","24","100.0000","42401","Sulfur dioxide","36300","Ogdensburg-Massena, NY","36","New York","089","St. Lawrence","44.9554680009432","-74.9078"
"04/22/2022","AQS","360890004","1","0.6","ppb","0","Alcoa West","24","100.0000","42401","Sulfur dioxide","36300","Ogdensburg-Massena, NY","36","New York","089","St. Lawrence","44.9554680009432","-74.9078"
"04/23/2022","AQS","360890004","1","19.5","ppb","27","Alcoa West","24","100.0000","42401","Sulfur dioxide","36300","Ogdensburg-Massena, NY","36","New York","089","St. Lawrence","44.9554680009432","-74.9078"
"04/24/2022","AQS","360890004","1","77","ppb","101","Alcoa West","24","100.0000","42401","Sulfur dioxide","36300","Ogdensburg-Massena, NY","36","New York","089","St. Lawrence","44.9554680009432","-74.9078"
"04/25/2022","AQS","360890004","1","30.5","ppb","43","Alcoa West","24","100.0000","42401","Sulfur dioxide","36300","Ogdensburg-Massena, NY","36","New York","089","St. Lawrence","44.9554680009432","-74.9078"
"04/26/2022","AQS","360890004","1","0.7","ppb","0","Alcoa West","24","100.0000","42401","Sulfur dioxide","36300","Ogdensburg-Massena, NY","36","New York","089","St. Lawrence","44.9554680009432","-74.9078"
"04/27/2022","AQS","360890004","1","0.6","ppb","0","Alcoa West","24","100.0000","42401","Sulfur dioxide","36300","Ogdensburg-Massena, NY","36","New York","089","St. Lawrence","44.9554680009432","-74.9078"
"04/28/2022","AQS","360890004","1","0.7","ppb","0","Alcoa West","24","100.0000","42401","Sulfur dioxide","36300","Ogdensburg-Massena, NY","36","New York","089","St. Lawrence","44.9554680009432","-74.9078"
"04/29/2022","AQS","360890004","1","0.8","ppb","0","Alcoa West","24","100.0000","42401","Sulfur dioxide","36300","Ogdensburg-Massena, NY","36","New York","089","St. Lawrence","44.9554680009432","-74.9078"
"04/30/2022","AQS","360890004","1","0.8","ppb","0","Alcoa West","24","100.0000","42401","Sulfur dioxide","36300","Ogdensburg-Massena, NY","36","New York","089","St. Lawrence","44.9554680009432","-74.9078"
"05/01/2022","AQS","360890004","1","94","ppb","109","Alcoa West","24","100.0000","42401","Sulfur dioxide","36300","Ogdensburg-Massena, NY","36","New York","089","St. Lawrence","44.9554680009432","-74.9078"
"05/02/2022","AQS","360890004","1","43.9","ppb","60","Alcoa West","24","100.0000","42401","Sulfur dioxide","36300","Ogdensburg-Massena, NY","36","New York","089","St. Lawrence","44.9554680009432","-74.9078"
"05/03/2022","AQS","360890004","1","1.1","ppb","1","Alcoa West","24","100.0000","42401","Sulfur dioxide","36300","Ogdensburg-Massena, NY","36","New York","089","St. Lawrence","44.9554680009432","-74.9078"
"05/04/2022","AQS","360890004","1","50.1","ppb","69","Alcoa West","24","100.0000","42401","Sulfur dioxide","36300","Ogdensburg-Massena, NY","36","New York","089","St. Lawrence","44.9554680009432","-74.9078"
"05/05/2022","AQS","360890004","1","4.9","ppb","6","Alcoa West","24","100.0000","42401","Sulfur dioxide","36300","Ogdensburg-Massena, NY","36","New York","089","St. Lawrence","44.9554680009432","-74.9078"
"05/06/2022","AQS","360890004","1","37","ppb","52","Alcoa West","24","100.0000","42401","Sulfur dioxide","36300","Ogdensburg-Massena, NY","36","New York","089","St. Lawrence","44.9554680009432","-74.9078"
"05/07/2022","AQS","360890004","1","83.9","ppb","104","Alcoa West","24","100.0000","42401","Sulfur dioxide","36300","Ogdensburg-Massena, NY","36","New York","089","St. Lawrence","44.9554680009432","-74.9078"
"05/08/2022","AQS","360890004","1","89.3","ppb","107","Alcoa West","24","100.0000","42401","Sulfur dioxide","36300","Ogdensburg-Massena, NY","36","New York","089","St. Lawrence","44.9554680009432","-74.9078"
"05/09/2022","AQS","360890004","1","73.8","ppb","97","Alcoa West","24","100.0000","42401","Sulfur dioxide","36300","Ogdensburg-Massena, NY","36","New York","089","St. Lawrence","44.9554680009432","-74.9078"
"05/10/2022","AQS","360890004","1","24.1","ppb","34","Alcoa West","23","96.0000","42401","Sulfur dioxide","36300","Ogdensburg-Massena, NY","36","New York","089","St. Lawrence","44.9554680009432","-74.9078"
"05/11/2022","AQS","360890004","1","5.4","ppb","7","Alcoa West","24","100.0000","42401","Sulfur dioxide","36300","Ogdensburg-Massena, NY","36","New York","089","St. Lawrence","44.9554680009432","-74.9078"
"05/12/2022","AQS","360890004","1","14","ppb","20","Alcoa West","24","100.0000","42401","Sulfur dioxide","36300","Ogdensburg-Massena, NY","36","New York","089","St. Lawrence","44.9554680009432","-74.9078"
"05/13/2022","AQS","360890004","1","0.4","ppb","0","Alcoa West","24","100.0000","42401","Sulfur dioxide","36300","Ogdensburg-Massena, NY","36","New York","089","St. Lawrence","44.9554680009432","-74.9078"
"05/14/2022","AQS","360890004","1","0.4","ppb","0","Alcoa West","24","100.0000","42401","Sulfur dioxide","36300","Ogdensburg-Massena, NY","36","New York","089","St. Lawrence","44.9554680009432","-74.9078"
"05/15/2022","AQS","360890004","1","1.4","ppb","1","Alcoa West","24","100.0000","42401","Sulfur dioxide","36300","Ogdensburg-Massena, NY","36","New York","089","St. Lawrence","44.9554680009432","-74.9078"
"05/16/2022","AQS","360890004","1","2.8","ppb","3","Alcoa West","24","100.0000","42401","Sulfur dioxide","36300","Ogdensburg-Massena, NY","36","New York","089","St. Lawrence","44.9554680009432","-74.9078"
"05/17/2022","AQS","360890004","1","0.3","ppb","0","Alcoa West","24","100.0000","42401","Sulfur dioxide","36300","Ogdensburg-Massena, NY","36","New York","089","St. Lawrence","44.9554680009432","-74.9078"
"05/18/2022","AQS","360890004","1","0.5","ppb","0","Alcoa West","24","100.0000","42401","Sulfur dioxide","36300","Ogdensburg-Massena, NY","36","New York","089","St. Lawrence","44.9554680009432","-74.9078"
"05/19/2022","AQS","360890004","1","32.8","ppb","46","Alcoa West","24","100.0000","42401","Sulfur dioxide","36300","Ogdensburg-Massena, NY","36","New York","089","St. Lawrence","44.9554680009432","-74.9078"
"05/20/2022","AQS","360890004","1","1.1","ppb","1","Alcoa West","24","100.0000","42401","Sulfur dioxide","36300","Ogdensburg-Massena, NY","36","New York","089","St. Lawrence","44.9554680009432","-74.9078"
"05/21/2022","AQS","360890004","1","0.6","ppb","0","Alcoa West","24","100.0000","42401","Sulfur dioxide","36300","Ogdensburg-Massena, NY","36","New York","089","St. Lawrence","44.9554680009432","-74.9078"
"05/22/2022","AQS","360890004","1","0.2","ppb","0","Alcoa West","24","100.0000","42401","Sulfur dioxide","36300","Ogdensburg-Massena, NY","36","New York","089","St. Lawrence","44.9554680009432","-74.9078"
"05/23/2022","AQS","360890004","1","11.8","ppb","16","Alcoa West","24","100.0000","42401","Sulfur dioxide","36300","Ogdensburg-Massena, NY","36","New York","089","St. Lawrence","44.9554680009432","-74.9078"
"05/24/2022","AQS","360890004","1","19.1","ppb","27","Alcoa West","24","100.0000","42401","Sulfur dioxide","36300","Ogdensburg-Massena, NY","36","New York","089","St. Lawrence","44.9554680009432","-74.9078"
"05/25/2022","AQS","360890004","1","9.5","ppb","13","Alcoa West","23","96.0000","42401","Sulfur dioxide","36300","Ogdensburg-Massena, NY","36","New York","089","St. Lawrence","44.9554680009432","-74.9078"
"05/26/2022","AQS","360890004","1","0.6","ppb","0","Alcoa West","24","100.0000","42401","Sulfur dioxide","36300","Ogdensburg-Massena, NY","36","New York","089","St. Lawrence","44.9554680009432","-74.9078"
"05/27/2022","AQS","360890004","1","0.3","ppb","0","Alcoa West","24","100.0000","42401","Sulfur dioxide","36300","Ogdensburg-Massena, NY","36","New York","089","St. Lawrence","44.9554680009432","-74.9078"
"05/28/2022","AQS","360890004","1","0.2","ppb","0","Alcoa West","24","100.0000","42401","Sulfur dioxide","36300","Ogdensburg-Massena, NY","36","New York","089","St. Lawrence","44.9554680009432","-74.9078"
"05/29/2022","AQS","360890004","1","0.4","ppb","0","Alcoa West","24","100.0000","42401","Sulfur dioxide","36300","Ogdensburg-Massena, NY","36","New York","089","St. Lawrence","44.9554680009432","-74.9078"
"05/30/2022","AQS","360890004","1","0.4","ppb","0","Alcoa West","24","100.0000","42401","Sulfur dioxide","36300","Ogdensburg-Massena, NY","36","New York","089","St. Lawrence","44.9554680009432","-74.9078"
"05/31/2022","AQS","360890004","1","42","ppb","59","Alcoa West","24","100.0000","42401","Sulfur dioxide","36300","Ogdensburg-Massena, NY","36","New York","089","St. Lawrence","44.9554680009432","-74.9078"
"06/01/2022","AQS","360890004","1","38.4","ppb","54","Alcoa West","24","100.0000","42401","Sulfur dioxide","36300","Ogdensburg-Massena, NY","36","New York","089","St. Lawrence","44.9554680009432","-74.9078"
"06/02/2022","AQS","360890004","1","32.7","ppb","46","Alcoa West","24","100.0000","42401","Sulfur dioxide","36300","Ogdensburg-Massena, NY","36","New York","089","St. Lawrence","44.9554680009432","-74.9078"
"06/03/2022","AQS","360890004","1","0.3","ppb","0","Alcoa West","24","100.0000","42401","Sulfur dioxide","36300","Ogdensburg-Massena, NY","36","New York","089","St. Lawrence","44.9554680009432","-74.9078"
"06/04/2022","AQS","360890004","1","0.4","ppb","0","Alcoa West","24","100.0000","42401","Sulfur dioxide","36300","Ogdensburg-Massena, NY","36","New York","089","St. Lawrence","44.9554680009432","-74.9078"
"06/05/2022","AQS","360890004","1","0.6","ppb","0","Alcoa West","24","100.0000","42401","Sulfur dioxide","36300","Ogdensburg-Massena, NY","36","New York","089","St. Lawrence","44.9554680009432","-74.9078"
"06/06/2022","AQS","360890004","1","2.7","ppb","3","Alcoa West","24","100.0000","42401","Sulfur dioxide","36300","Ogdensburg-Massena, NY","36","New York","089","St. Lawrence","44.9554680009432","-74.9078"
"06/07/2022","AQS","360890004","1","0.5","ppb","0","Alcoa West","23","96.0000","42401","Sulfur dioxide","36300","Ogdensburg-Massena, NY","36","New York","089","St. Lawrence","44.9554680009432","-74.9078"
"06/08/2022","AQS","360890004","1","0.3","ppb","0","Alcoa West","24","100.0000","42401","Sulfur dioxide","36300","Ogdensburg-Massena, NY","36","New York","089","St. Lawrence","44.9554680009432","-74.9078"
"06/09/2022","AQS","360890004","1","37","ppb","52","Alcoa West","24","100.0000","42401","Sulfur dioxide","36300","Ogdensburg-Massena, NY","36","New York","089","St. Lawrence","44.9554680009432","-74.9078"
"06/10/2022","AQS","360890004","1","0.4","ppb","0","Alcoa West","24","100.0000","42401","Sulfur dioxide","36300","Ogdensburg-Massena, NY","36","New York","089","St. Lawrence","44.9554680009432","-74.9078"
"06/11/2022","AQS","360890004","1","0.4","ppb","0","Alcoa West","24","100.0000","42401","Sulfur dioxide","36300","Ogdensburg-Massena, NY","36","New York","089","St. Lawrence","44.9554680009432","-74.9078"
"06/12/2022","AQS","360890004","1","4.4","ppb","6","Alcoa West","24","100.0000","42401","Sulfur dioxide","36300","Ogdensburg-Massena, NY","36","New York","089","St. Lawrence","44.9554680009432","-74.9078"
"06/13/2022","AQS","360890004","1","0.4","ppb","0","Alcoa West","24","100.0000","42401","Sulfur dioxide","36300","Ogdensburg-Massena, NY","36","New York","089","St. Lawrence","44.9554680009432","-74.9078"
"06/14/2022","AQS","360890004","1","0.3","ppb","0","Alcoa West","24","100.0000","42401","Sulfur dioxide","36300","Ogdensburg-Massena, NY","36","New York","089","St. Lawrence","44.9554680009432","-74.9078"
"06/15/2022","AQS","360890004","1","34.8","ppb","49","Alcoa West","21","88.0000","42401","Sulfur dioxide","36300","Ogdensburg-Massena, NY","36","New York","089","St. Lawrence","44.9554680009432","-74.9078"
"06/16/2022","AQS","360890004","1","8.8","ppb","11","Alcoa West","24","100.0000","42401","Sulfur dioxide","36300","Ogdensburg-Massena, NY","36","New York","089","St. Lawrence","44.9554680009432","-74.9078"
"06/17/2022","AQS","360890004","1","0.3","ppb","0","Alcoa West","24","100.0000","42401","Sulfur dioxide","36300","Ogdensburg-Massena, NY","36","New York","089","St. Lawrence","44.9554680009432","-74.9078"
"06/18/2022","AQS","360890004","1","0.5","ppb","0","Alcoa West","24","100.0000","42401","Sulfur dioxide","36300","Ogdensburg-Massena, NY","36","New York","089","St. Lawrence","44.9554680009432","-74.9078"
"06/19/2022","AQS","360890004","1","0.6","ppb","0","Alcoa West","24","100.0000","42401","Sulfur dioxide","36300","Ogdensburg-Massena, NY","36","New York","089","St. Lawrence","44.9554680009432","-74.9078"
"06/20/2022","AQS","360890004","1","0.6","ppb","0","Alcoa West","24","100.0000","42401","Sulfur dioxide","36300","Ogdensburg-Massena, NY","36","New York","089","St. Lawrence","44.9554680009432","-74.9078"
"06/21/2022","AQS","360890004","1","12.7","ppb","17","Alcoa West","24","100.0000","42401","Sulfur dioxide","36300","Ogdensburg-Massena, NY","36","New York","089","St. Lawrence","44.9554680009432","-74.9078"
"06/22/2022","AQS","360890004","1","22.4","ppb","31","Alcoa West","24","100.0000","42401","Sulfur dioxide","36300","Ogdensburg-Massena, NY","36","New York","089","St. Lawrence","44.9554680009432","-74.9078"
"06/23/2022","AQS","360890004","1","0.2","ppb","0","Alcoa West","24","100.0000","42401","Sulfur dioxide","36300","Ogdensburg-Massena, NY","36","New York","089","St. Lawrence","44.9554680009432","-74.9078"
"06/24/2022","AQS","360890004","1","0.3","ppb","0","Alcoa West","24","100.0000","42401","Sulfur dioxide","36300","Ogdensburg-Massena, NY","36","New York","089","St. Lawrence","44.9554680009432","-74.9078"
"06/25/2022","AQS","360890004","1","0.4","ppb","0","Alcoa West","24","100.0000","42401","Sulfur dioxide","36300","Ogdensburg-Massena, NY","36","New York","089","St. Lawrence","44.9554680009432","-74.9078"
"06/26/2022","AQS","360890004","1","0.4","ppb","0","Alcoa West","24","100.0000","42401","Sulfur dioxide","36300","Ogdensburg-Massena, NY","36","New York","089","St. Lawrence","44.9554680009432","-74.9078"
"06/27/2022","AQS","360890004","1","0.4","ppb","0","Alcoa West","24","100.0000","42401","Sulfur dioxide","36300","Ogdensburg-Massena, NY","36","New York","089","St. Lawrence","44.9554680009432","-74.9078"
"06/28/2022","AQS","360890004","1","0.4","ppb","0","Alcoa West","24","100.0000","42401","Sulfur dioxide","36300","Ogdensburg-Massena, NY","36","New York","089","St. Lawrence","44.9554680009432","-74.9078"
"06/29/2022","AQS","360890004","1","0.5","ppb","0","Alcoa West","24","100.0000","42401","Sulfur dioxide","36300","Ogdensburg-Massena, NY","36","New York","089","St. Lawrence","44.9554680009432","-74.9078"
"06/30/2022","AQS","360890004","1","0.3","ppb","0","Alcoa West","24","100.0000","42401","Sulfur dioxide","36300","Ogdensburg-Massena, NY","36","New York","089","St. Lawrence","44.9554680009432","-74.9078"
"07/01/2022","AQS","360890004","1","0.6","ppb","0","Alcoa West","24","100.0000","42401","Sulfur dioxide","36300","Ogdensburg-Massena, NY","36","New York","089","St. Lawrence","44.9554680009432","-74.9078"
"07/02/2022","AQS","360890004","1","0.4","ppb","0","Alcoa West","24","100.0000","42401","Sulfur dioxide","36300","Ogdensburg-Massena, NY","36","New York","089","St. Lawrence","44.9554680009432","-74.9078"
"07/03/2022","AQS","360890004","1","0.5","ppb","0","Alcoa West","24","100.0000","42401","Sulfur dioxide","36300","Ogdensburg-Massena, NY","36","New York","089","St. Lawrence","44.9554680009432","-74.9078"
"07/04/2022","AQS","360890004","1","0.4","ppb","0","Alcoa West","24","100.0000","42401","Sulfur dioxide","36300","Ogdensburg-Massena, NY","36","New York","089","St. Lawrence","44.9554680009432","-74.9078"
"07/05/2022","AQS","360890004","1","4.8","ppb","6","Alcoa West","24","100.0000","42401","Sulfur dioxide","36300","Ogdensburg-Massena, NY","36","New York","089","St. Lawrence","44.9554680009432","-74.9078"
"07/06/2022","AQS","360890004","1","0.4","ppb","0","Alcoa West","24","100.0000","42401","Sulfur dioxide","36300","Ogdensburg-Massena, NY","36","New York","089","St. Lawrence","44.9554680009432","-74.9078"
"07/07/2022","AQS","360890004","1","0.5","ppb","0","Alcoa West","23","96.0000","42401","Sulfur dioxide","36300","Ogdensburg-Massena, NY","36","New York","089","St. Lawrence","44.9554680009432","-74.9078"
"07/08/2022","AQS","360890004","1","0.4","ppb","0","Alcoa West","24","100.0000","42401","Sulfur dioxide","36300","Ogdensburg-Massena, NY","36","New York","089","St. Lawrence","44.9554680009432","-74.9078"
"07/09/2022","AQS","360890004","1","4.5","ppb","6","Alcoa West","24","100.0000","42401","Sulfur dioxide","36300","Ogdensburg-Massena, NY","36","New York","089","St. Lawrence","44.9554680009432","-74.9078"
"07/10/2022","AQS","360890004","1","0.5","ppb","0","Alcoa West","24","100.0000","42401","Sulfur dioxide","36300","Ogdensburg-Massena, NY","36","New York","089","St. Lawrence","44.9554680009432","-74.9078"
"07/11/2022","AQS","360890004","1","0.6","ppb","0","Alcoa West","24","100.0000","42401","Sulfur dioxide","36300","Ogdensburg-Massena, NY","36","New York","089","St. Lawrence","44.9554680009432","-74.9078"
"07/12/2022","AQS","360890004","1","0.5","ppb","0","Alcoa West","24","100.0000","42401","Sulfur dioxide","36300","Ogdensburg-Massena, NY","36","New York","089","St. Lawrence","44.9554680009432","-74.9078"
"07/13/2022","AQS","360890004","1","0.3","ppb","0","Alcoa West","24","100.0000","42401","Sulfur dioxide","36300","Ogdensburg-Massena, NY","36","New York","089","St. Lawrence","44.9554680009432","-74.9078"
"07/14/2022","AQS","360890004","1","3.8","ppb","4","Alcoa West","24","100.0000","42401","Sulfur dioxide","36300","Ogdensburg-Massena, NY","36","New York","089","St. Lawrence","44.9554680009432","-74.9078"
"07/15/2022","AQS","360890004","1","0.4","ppb","0","Alcoa West","24","100.0000","42401","Sulfur dioxide","36300","Ogdensburg-Massena, NY","36","New York","089","St. Lawrence","44.9554680009432","-74.9078"
"07/16/2022","AQS","360890004","1","0.4","ppb","0","Alcoa West","24","100.0000","42401","Sulfur dioxide","36300","Ogdensburg-Massena, NY","36","New York","089","St. Lawrence","44.9554680009432","-74.9078"
"07/17/2022","AQS","360890004","1","0.4","ppb","0","Alcoa West","24","100.0000","42401","Sulfur dioxide","36300","Ogdensburg-Massena, NY","36","New York","089","St. Lawrence","44.9554680009432","-74.9078"
"07/18/2022","AQS","360890004","1","41.4","ppb","57","Alcoa West","24","100.0000","42401","Sulfur dioxide","36300","Ogdensburg-Massena, NY","36","New York","089","St. Lawrence","44.9554680009432","-74.9078"
"07/19/2022","AQS","360890004","1","0.4","ppb","0","Alcoa West","24","100.0000","42401","Sulfur dioxide","36300","Ogdensburg-Massena, NY","36","New York","089","St. Lawrence","44.9554680009432","-74.9078"
"07/20/2022","AQS","360890004","1","0.3","ppb","0","Alcoa West","24","100.0000","42401","Sulfur dioxide","36300","Ogdensburg-Massena, NY","36","New York","089","St. Lawrence","44.9554680009432","-74.9078"
"07/21/2022","AQS","360890004","1","1.2","ppb","1","Alcoa West","24","100.0000","42401","Sulfur dioxide","36300","Ogdensburg-Massena, NY","36","New York","089","St. Lawrence","44.9554680009432","-74.9078"
"07/22/2022","AQS","360890004","1","0.4","ppb","0","Alcoa West","24","100.0000","42401","Sulfur dioxide","36300","Ogdensburg-Massena, NY","36","New York","089","St. Lawrence","44.9554680009432","-74.9078"
"07/23/2022","AQS","360890004","1","0.6","ppb","0","Alcoa West","24","100.0000","42401","Sulfur dioxide","36300","Ogdensburg-Massena, NY","36","New York","089","St. Lawrence","44.9554680009432","-74.9078"
"07/24/2022","AQS","360890004","1","0.4","ppb","0","Alcoa West","24","100.0000","42401","Sulfur dioxide","36300","Ogdensburg-Massena, NY","36","New York","089","St. Lawrence","44.9554680009432","-74.9078"
"07/25/2022","AQS","360890004","1","2.1","ppb","3","Alcoa West","24","100.0000","42401","Sulfur dioxide","36300","Ogdensburg-Massena, NY","36","New York","089","St. Lawrence","44.9554680009432","-74.9078"
"07/26/2022","AQS","360890004","1","0.3","ppb","0","Alcoa West","24","100.0000","42401","Sulfur dioxide","36300","Ogdensburg-Massena, NY","36","New York","089","St. Lawrence","44.9554680009432","-74.9078"
"07/27/2022","AQS","360890004","1","0.4","ppb","0","Alcoa West","24","100.0000","42401","Sulfur dioxide","36300","Ogdensburg-Massena, NY","36","New York","089","St. Lawrence","44.9554680009432","-74.9078"
"07/28/2022","AQS","360890004","1","0.2","ppb","0","Alcoa West","23","96.0000","42401","Sulfur dioxide","36300","Ogdensburg-Massena, NY","36","New York","089","St. Lawrence","44.9554680009432","-74.9078"
"07/29/2022","AQS","360890004","1","0.3","ppb","0","Alcoa West","24","100.0000","42401","Sulfur dioxide","36300","Ogdensburg-Massena, NY","36","New York","089","St. Lawrence","44.9554680009432","-74.9078"
"07/30/2022","AQS","360890004","1","0.3","ppb","0","Alcoa West","24","100.0000","42401","Sulfur dioxide","36300","Ogdensburg-Massena, NY","36","New York","089","St. Lawrence","44.9554680009432","-74.9078"
"07/31/2022","AQS","360890004","1","0.4","ppb","0","Alcoa West","24","100.0000","42401","Sulfur dioxide","36300","Ogdensburg-Massena, NY","36","New York","089","St. Lawrence","44.9554680009432","-74.9078"
"08/01/2022","AQS","360890004","1","0.4","ppb","0","Alcoa West","24","100.0000","42401","Sulfur dioxide","36300","Ogdensburg-Massena, NY","36","New York","089","St. Lawrence","44.9554680009432","-74.9078"
"08/02/2022","AQS","360890004","1","0.4","ppb","0","Alcoa West","24","100.0000","42401","Sulfur dioxide","36300","Ogdensburg-Massena, NY","36","New York","089","St. Lawrence","44.9554680009432","-74.9078"
"08/03/2022","AQS","360890004","1","1","ppb","1","Alcoa West","24","100.0000","42401","Sulfur dioxide","36300","Ogdensburg-Massena, NY","36","New York","089","St. Lawrence","44.9554680009432","-74.9078"
"08/04/2022","AQS","360890004","1","0.4","ppb","0","Alcoa West","24","100.0000","42401","Sulfur dioxide","36300","Ogdensburg-Massena, NY","36","New York","089","St. Lawrence","44.9554680009432","-74.9078"
"08/05/2022","AQS","360890004","1","3","ppb","4","Alcoa West","24","100.0000","42401","Sulfur dioxide","36300","Ogdensburg-Massena, NY","36","New York","089","St. Lawrence","44.9554680009432","-74.9078"
"08/06/2022","AQS","360890004","1","10.4","ppb","14","Alcoa West","24","100.0000","42401","Sulfur dioxide","36300","Ogdensburg-Massena, NY","36","New York","089","St. Lawrence","44.9554680009432","-74.9078"
"08/07/2022","AQS","360890004","1","0.3","ppb","0","Alcoa West","24","100.0000","42401","Sulfur dioxide","36300","Ogdensburg-Massena, NY","36","New York","089","St. Lawrence","44.9554680009432","-74.9078"
"08/08/2022","AQS","360890004","1","29.7","ppb","41","Alcoa West","24","100.0000","42401","Sulfur dioxide","36300","Ogdensburg-Massena, NY","36","New York","089","St. Lawrence","44.9554680009432","-74.9078"
"08/09/2022","AQS","360890004","1","7.1","ppb","10","Alcoa West","23","96.0000","42401","Sulfur dioxide","36300","Ogdensburg-Massena, NY","36","New York","089","St. Lawrence","44.9554680009432","-74.9078"
"08/10/2022","AQS","360890004","1","2.5","ppb","3","Alcoa West","24","100.0000","42401","Sulfur dioxide","36300","Ogdensburg-Massena, NY","36","New York","089","St. Lawrence","44.9554680009432","-74.9078"
"08/11/2022","AQS","360890004","1","0.4","ppb","0","Alcoa West","24","100.0000","42401","Sulfur dioxide","36300","Ogdensburg-Massena, NY","36","New York","089","St. Lawrence","44.9554680009432","-74.9078"
"08/12/2022","AQS","360890004","1","0.4","ppb","0","Alcoa West","24","100.0000","42401","Sulfur dioxide","36300","Ogdensburg-Massena, NY","36","New York","089","St. Lawrence","44.9554680009432","-74.9078"
"08/13/2022","AQS","360890004","1","0.5","ppb","0","Alcoa West","24","100.0000","42401","Sulfur dioxide","36300","Ogdensburg-Massena, NY","36","New York","089","St. Lawrence","44.9554680009432","-74.9078"
"08/14/2022","AQS","360890004","1","0.5","ppb","0","Alcoa West","24","100.0000","42401","Sulfur dioxide","36300","Ogdensburg-Massena, NY","36","New York","089","St. Lawrence","44.9554680009432","-74.9078"
"08/15/2022","AQS","360890004","1","32.3","ppb","46","Alcoa West","24","100.0000","42401","Sulfur dioxide","36300","Ogdensburg-Massena, NY","36","New York","089","St. Lawrence","44.9554680009432","-74.9078"
"08/16/2022","AQS","360890004","1","27.3","ppb","39","Alcoa West","24","100.0000","42401","Sulfur dioxide","36300","Ogdensburg-Massena, NY","36","New York","089","St. Lawrence","44.9554680009432","-74.9078"
"08/17/2022","AQS","360890004","1","43.9","ppb","60","Alcoa West","24","100.0000","42401","Sulfur dioxide","36300","Ogdensburg-Massena, NY","36","New York","089","St. Lawrence","44.9554680009432","-74.9078"
"08/18/2022","AQS","360890004","1","7","ppb","10","Alcoa West","24","100.0000","42401","Sulfur dioxide","36300","Ogdensburg-Massena, NY","36","New York","089","St. Lawrence","44.9554680009432","-74.9078"
"08/19/2022","AQS","360890004","1","0.5","ppb","0","Alcoa West","24","100.0000","42401","Sulfur dioxide","36300","Ogdensburg-Massena, NY","36","New York","089","St. Lawrence","44.9554680009432","-74.9078"
"08/20/2022","AQS","360890004","1","7.2","ppb","10","Alcoa West","24","100.0000","42401","Sulfur dioxide","36300","Ogdensburg-Massena, NY","36","New York","089","St. Lawrence","44.9554680009432","-74.9078"
"08/21/2022","AQS","360890004","1","0.4","ppb","0","Alcoa West","24","100.0000","42401","Sulfur dioxide","36300","Ogdensburg-Massena, NY","36","New York","089","St. Lawrence","44.9554680009432","-74.9078"
"08/22/2022","AQS","360890004","1","0.7","ppb","0","Alcoa West","24","100.0000","42401","Sulfur dioxide","36300","Ogdensburg-Massena, NY","36","New York","089","St. Lawrence","44.9554680009432","-74.9078"
"08/23/2022","AQS","360890004","1","1.4","ppb","1","Alcoa West","24","100.0000","42401","Sulfur dioxide","36300","Ogdensburg-Massena, NY","36","New York","089","St. Lawrence","44.9554680009432","-74.9078"
"08/24/2022","AQS","360890004","1","0.4","ppb","0","Alcoa West","24","100.0000","42401","Sulfur dioxide","36300","Ogdensburg-Massena, NY","36","New York","089","St. Lawrence","44.9554680009432","-74.9078"
"08/25/2022","AQS","360890004","1","15.5","ppb","21","Alcoa West","24","100.0000","42401","Sulfur dioxide","36300","Ogdensburg-Massena, NY","36","New York","089","St. Lawrence","44.9554680009432","-74.9078"
"08/26/2022","AQS","360890004","1","8","ppb","11","Alcoa West","24","100.0000","42401","Sulfur dioxide","36300","Ogdensburg-Massena, NY","36","New York","089","St. Lawrence","44.9554680009432","-74.9078"
"08/27/2022","AQS","360890004","1","0.4","ppb","0","Alcoa West","24","100.0000","42401","Sulfur dioxide","36300","Ogdensburg-Massena, NY","36","New York","089","St. Lawrence","44.9554680009432","-74.9078"
"08/28/2022","AQS","360890004","1","3","ppb","4","Alcoa West","24","100.0000","42401","Sulfur dioxide","36300","Ogdensburg-Massena, NY","36","New York","089","St. Lawrence","44.9554680009432","-74.9078"
"08/29/2022","AQS","360890004","1","0.5","ppb","0","Alcoa West","24","100.0000","42401","Sulfur dioxide","36300","Ogdensburg-Massena, NY","36","New York","089","St. Lawrence","44.9554680009432","-74.9078"
"08/30/2022","AQS","360890004","1","0.9","ppb","0","Alcoa West","24","100.0000","42401","Sulfur dioxide","36300","Ogdensburg-Massena, NY","36","New York","089","St. Lawrence","44.9554680009432","-74.9078"
"08/31/2022","AQS","360890004","1","0.3","ppb","0","Alcoa West","24","100.0000","42401","Sulfur dioxide","36300","Ogdensburg-Massena, NY","36","New York","089","St. Lawrence","44.9554680009432","-74.9078"
"09/01/2022","AQS","360890004","1","0.5","ppb","0","Alcoa West","24","100.0000","42401","Sulfur dioxide","36300","Ogdensburg-Massena, NY","36","New York","089","St. Lawrence","44.9554680009432","-74.9078"
"09/02/2022","AQS","360890004","1","0.7","ppb","0","Alcoa West","24","100.0000","42401","Sulfur dioxide","36300","Ogdensburg-Massena, NY","36","New York","089","St. Lawrence","44.9554680009432","-74.9078"
"09/03/2022","AQS","360890004","1","0.7","ppb","0","Alcoa West","24","100.0000","42401","Sulfur dioxide","36300","Ogdensburg-Massena, NY","36","New York","089","St. Lawrence","44.9554680009432","-74.9078"
"09/04/2022","AQS","360890004","1","55.7","ppb","75","Alcoa West","24","100.0000","42401","Sulfur dioxide","36300","Ogdensburg-Massena, NY","36","New York","089","St. Lawrence","44.9554680009432","-74.9078"
"09/05/2022","AQS","360890004","1","41.9","ppb","57","Alcoa West","24","100.0000","42401","Sulfur dioxide","36300","Ogdensburg-Massena, NY","36","New York","089","St. Lawrence","44.9554680009432","-74.9078"
"09/06/2022","AQS","360890004","1","50.7","ppb","69","Alcoa West","24","100.0000","42401","Sulfur dioxide","36300","Ogdensburg-Massena, NY","36","New York","089","St. Lawrence","44.9554680009432","-74.9078"
"09/07/2022","AQS","360890004","1","14.6","ppb","20","Alcoa West","24","100.0000","42401","Sulfur dioxide","36300","Ogdensburg-Massena, NY","36","New York","089","St. Lawrence","44.9554680009432","-74.9078"
"09/08/2022","AQS","360890004","1","0.8","ppb","0","Alcoa West","24","100.0000","42401","Sulfur dioxide","36300","Ogdensburg-Massena, NY","36","New York","089","St. Lawrence","44.9554680009432","-74.9078"
"09/09/2022","AQS","360890004","1","0.7","ppb","0","Alcoa West","24","100.0000","42401","Sulfur dioxide","36300","Ogdensburg-Massena, NY","36","New York","089","St. Lawrence","44.9554680009432","-74.9078"
"09/10/2022","AQS","360890004","1","0.5","ppb","0","Alcoa West","24","100.0000","42401","Sulfur dioxide","36300","Ogdensburg-Massena, NY","36","New York","089","St. Lawrence","44.9554680009432","-74.9078"
"09/11/2022","AQS","360890004","1","0.4","ppb","0","Alcoa West","24","100.0000","42401","Sulfur dioxide","36300","Ogdensburg-Massena, NY","36","New York","089","St. Lawrence","44.9554680009432","-74.9078"
"09/12/2022","AQS","360890004","1","7","ppb","10","Alcoa West","24","100.0000","42401","Sulfur dioxide","36300","Ogdensburg-Massena, NY","36","New York","089","St. Lawrence","44.9554680009432","-74.9078"
"09/13/2022","AQS","360890004","1","0.5","ppb","0","Alcoa West","24","100.0000","42401","Sulfur dioxide","36300","Ogdensburg-Massena, NY","36","New York","089","St. Lawrence","44.9554680009432","-74.9078"
"09/14/2022","AQS","360890004","1","0.5","ppb","0","Alcoa West","24","100.0000","42401","Sulfur dioxide","36300","Ogdensburg-Massena, NY","36","New York","089","St. Lawrence","44.9554680009432","-74.9078"
"09/15/2022","AQS","360890004","1","0.6","ppb","0","Alcoa West","23","96.0000","42401","Sulfur dioxide","36300","Ogdensburg-Massena, NY","36","New York","089","St. Lawrence","44.9554680009432","-74.9078"
"09/16/2022","AQS","360890004","1","0.1","ppb","0","Alcoa West","24","100.0000","42401","Sulfur dioxide","36300","Ogdensburg-Massena, NY","36","New York","089","St. Lawrence","44.9554680009432","-74.9078"
"09/17/2022","AQS","360890004","1","0.9","ppb","0","Alcoa West","24","100.0000","42401","Sulfur dioxide","36300","Ogdensburg-Massena, NY","36","New York","089","St. Lawrence","44.9554680009432","-74.9078"
"09/18/2022","AQS","360890004","1","27","ppb","39","Alcoa West","24","100.0000","42401","Sulfur dioxide","36300","Ogdensburg-Massena, NY","36","New York","089","St. Lawrence","44.9554680009432","-74.9078"
"09/19/2022","AQS","360890004","1","23.4","ppb","33","Alcoa West","24","100.0000","42401","Sulfur dioxide","36300","Ogdensburg-Massena, NY","36","New York","089","St. Lawrence","44.9554680009432","-74.9078"
"09/20/2022","AQS","360890004","1","10.9","ppb","14","Alcoa West","24","100.0000","42401","Sulfur dioxide","36300","Ogdensburg-Massena, NY","36","New York","089","St. Lawrence","44.9554680009432","-74.9078"
"09/21/2022","AQS","360890004","1","0.1","ppb","0","Alcoa West","24","100.0000","42401","Sulfur dioxide","36300","Ogdensburg-Massena, NY","36","New York","089","St. Lawrence","44.9554680009432","-74.9078"
"09/22/2022","AQS","360890004","1","0.1","ppb","0","Alcoa West","24","100.0000","42401","Sulfur dioxide","36300","Ogdensburg-Massena, NY","36","New York","089","St. Lawrence","44.9554680009432","-74.9078"
"09/23/2022","AQS","360890004","1","0.2","ppb","0","Alcoa West","24","100.0000","42401","Sulfur dioxide","36300","Ogdensburg-Massena, NY","36","New York","089","St. Lawrence","44.9554680009432","-74.9078"
"09/24/2022","AQS","360890004","1","0.3","ppb","0","Alcoa West","24","100.0000","42401","Sulfur dioxide","36300","Ogdensburg-Massena, NY","36","New York","089","St. Lawrence","44.9554680009432","-74.9078"
"09/25/2022","AQS","360890004","1","3","ppb","4","Alcoa West","24","100.0000","42401","Sulfur dioxide","36300","Ogdensburg-Massena, NY","36","New York","089","St. Lawrence","44.9554680009432","-74.9078"
"09/26/2022","AQS","360890004","1","0.7","ppb","0","Alcoa West","24","100.0000","42401","Sulfur dioxide","36300","Ogdensburg-Massena, NY","36","New York","089","St. Lawrence","44.9554680009432","-74.9078"
"09/27/2022","AQS","360890004","1","0.2","ppb","0","Alcoa West","24","100.0000","42401","Sulfur dioxide","36300","Ogdensburg-Massena, NY","36","New York","089","St. Lawrence","44.9554680009432","-74.9078"
"09/28/2022","AQS","360890004","1","0.2","ppb","0","Alcoa West","24","100.0000","42401","Sulfur dioxide","36300","Ogdensburg-Massena, NY","36","New York","089","St. Lawrence","44.9554680009432","-74.9078"
"09/29/2022","AQS","360890004","1","0.2","ppb","0","Alcoa West","24","100.0000","42401","Sulfur dioxide","36300","Ogdensburg-Massena, NY","36","New York","089","St. Lawrence","44.9554680009432","-74.9078"
"09/30/2022","AQS","360890004","1","0.3","ppb","0","Alcoa West","23","96.0000","42401","Sulfur dioxide","36300","Ogdensburg-Massena, NY","36","New York","089","St. Lawrence","44.9554680009432","-74.9078"
"10/01/2022","AQS","360890004","1","31.7","ppb","44","Alcoa West","24","100.0000","42401","Sulfur dioxide","36300","Ogdensburg-Massena, NY","36","New York","089","St. Lawrence","44.9554680009432","-74.9078"
"10/02/2022","AQS","360890004","1","40.8","ppb","56","Alcoa West","24","100.0000","42401","Sulfur dioxide","36300","Ogdensburg-Massena, NY","36","New York","089","St. Lawrence","44.9554680009432","-74.9078"
"10/03/2022","AQS","360890004","1","12.3","ppb","17","Alcoa West","24","100.0000","42401","Sulfur dioxide","36300","Ogdensburg-Massena, NY","36","New York","089","St. Lawrence","44.9554680009432","-74.9078"
"10/04/2022","AQS","360890004","1","25.5","ppb","36","Alcoa West","24","100.0000","42401","Sulfur dioxide","36300","Ogdensburg-Massena, NY","36","New York","089","St. Lawrence","44.9554680009432","-74.9078"
"10/05/2022","AQS","360890004","1","16.9","ppb","23","Alcoa West","24","100.0000","42401","Sulfur dioxide","36300","Ogdensburg-Massena, NY","36","New York","089","St. Lawrence","44.9554680009432","-74.9078"
"10/06/2022","AQS","360890004","1","0.6","ppb","0","Alcoa West","24","100.0000","42401","Sulfur dioxide","36300","Ogdensburg-Massena, NY","36","New York","089","St. Lawrence","44.9554680009432","-74.9078"
"10/07/2022","AQS","360890004","1","0.5","ppb","0","Alcoa West","24","100.0000","42401","Sulfur dioxide","36300","Ogdensburg-Massena, NY","36","New York","089","St. Lawrence","44.9554680009432","-74.9078"
"10/08/2022","AQS","360890004","1","0.4","ppb","0","Alcoa West","24","100.0000","42401","Sulfur dioxide","36300","Ogdensburg-Massena, NY","36","New York","089","St. Lawrence","44.9554680009432","-74.9078"
"10/09/2022","AQS","360890004","1","3.9","ppb","4","Alcoa West","24","100.0000","42401","Sulfur dioxide","36300","Ogdensburg-Massena, NY","36","New York","089","St. Lawrence","44.9554680009432","-74.9078"
"10/10/2022","AQS","360890004","1","0.5","ppb","0","Alcoa West","24","100.0000","42401","Sulfur dioxide","36300","Ogdensburg-Massena, NY","36","New York","089","St. Lawrence","44.9554680009432","-74.9078"
"10/11/2022","AQS","360890004","1","0.5","ppb","0","Alcoa West","24","100.0000","42401","Sulfur dioxide","36300","Ogdensburg-Massena, NY","36","New York","089","St. Lawrence","44.9554680009432","-74.9078"
"10/12/2022","AQS","360890004","1","0.4","ppb","0","Alcoa West","24","100.0000","42401","Sulfur dioxide","36300","Ogdensburg-Massena, NY","36","New York","089","St. Lawrence","44.9554680009432","-74.9078"
"10/13/2022","AQS","360890004","1","0.3","ppb","0","Alcoa West","24","100.0000","42401","Sulfur dioxide","36300","Ogdensburg-Massena, NY","36","New York","089","St. Lawrence","44.9554680009432","-74.9078"
"10/14/2022","AQS","360890004","1","0.4","ppb","0","Alcoa West","24","100.0000","42401","Sulfur dioxide","36300","Ogdensburg-Massena, NY","36","New York","089","St. Lawrence","44.9554680009432","-74.9078"
"10/15/2022","AQS","360890004","1","0.4","ppb","0","Alcoa West","24","100.0000","42401","Sulfur dioxide","36300","Ogdensburg-Massena, NY","36","New York","089","St. Lawrence","44.9554680009432","-74.9078"
"10/16/2022","AQS","360890004","1","0.4","ppb","0","Alcoa West","24","100.0000","42401","Sulfur dioxide","36300","Ogdensburg-Massena, NY","36","New York","089","St. Lawrence","44.9554680009432","-74.9078"
"10/17/2022","AQS","360890004","1","16.4","ppb","23","Alcoa West","24","100.0000","42401","Sulfur dioxide","36300","Ogdensburg-Massena, NY","36","New York","089","St. Lawrence","44.9554680009432","-74.9078"
"10/18/2022","AQS","360890004","1","0.6","ppb","0","Alcoa West","24","100.0000","42401","Sulfur dioxide","36300","Ogdensburg-Massena, NY","36","New York","089","St. Lawrence","44.9554680009432","-74.9078"
"10/19/2022","AQS","360890004","1","0.3","ppb","0","Alcoa West","24","100.0000","42401","Sulfur dioxide","36300","Ogdensburg-Massena, NY","36","New York","089","St. Lawrence","44.9554680009432","-74.9078"
"10/20/2022","AQS","360890004","1","0.3","ppb","0","Alcoa West","24","100.0000","42401","Sulfur dioxide","36300","Ogdensburg-Massena, NY","36","New York","089","St. Lawrence","44.9554680009432","-74.9078"
"10/21/2022","AQS","360890004","1","0.5","ppb","0","Alcoa West","24","100.0000","42401","Sulfur dioxide","36300","Ogdensburg-Massena, NY","36","New York","089","St. Lawrence","44.9554680009432","-74.9078"
"10/22/2022","AQS","360890004","1","0.6","ppb","0","Alcoa West","24","100.0000","42401","Sulfur dioxide","36300","Ogdensburg-Massena, NY","36","New York","089","St. Lawrence","44.9554680009432","-74.9078"
"10/23/2022","AQS","360890004","1","23.2","ppb","33","Alcoa West","24","100.0000","42401","Sulfur dioxide","36300","Ogdensburg-Massena, NY","36","New York","089","St. Lawrence","44.9554680009432","-74.9078"
"10/24/2022","AQS","360890004","1","44.4","ppb","61","Alcoa West","24","100.0000","42401","Sulfur dioxide","36300","Ogdensburg-Massena, NY","36","New York","089","St. Lawrence","44.9554680009432","-74.9078"
"10/25/2022","AQS","360890004","1","10","ppb","14","Alcoa West","24","100.0000","42401","Sulfur dioxide","36300","Ogdensburg-Massena, NY","36","New York","089","St. Lawrence","44.9554680009432","-74.9078"
"10/26/2022","AQS","360890004","1","0.3","ppb","0","Alcoa West","24","100.0000","42401","Sulfur dioxide","36300","Ogdensburg-Massena, NY","36","New York","089","St. Lawrence","44.9554680009432","-74.9078"
"10/27/2022","AQS","360890004","1","2.7","ppb","3","Alcoa West","24","100.0000","42401","Sulfur dioxide","36300","Ogdensburg-Massena, NY","36","New York","089","St. Lawrence","44.9554680009432","-74.9078"
"10/28/2022","AQS","360890004","1","11.2","ppb","16","Alcoa West","24","100.0000","42401","Sulfur dioxide","36300","Ogdensburg-Massena, NY","36","New York","089","St. Lawrence","44.9554680009432","-74.9078"
"10/29/2022","AQS","360890004","1","0.5","ppb","0","Alcoa West","24","100.0000","42401","Sulfur dioxide","36300","Ogdensburg-Massena, NY","36","New York","089","St. Lawrence","44.9554680009432","-74.9078"
"10/30/2022","AQS","360890004","1","0.5","ppb","0","Alcoa West","24","100.0000","42401","Sulfur dioxide","36300","Ogdensburg-Massena, NY","36","New York","089","St. Lawrence","44.9554680009432","-74.9078"
"10/31/2022","AQS","360890004","1","2.8","ppb","3","Alcoa West","24","100.0000","42401","Sulfur dioxide","36300","Ogdensburg-Massena, NY","36","New York","089","St. Lawrence","44.9554680009432","-74.9078"
"11/01/2022","AQS","360890004","1","0.3","ppb","0","Alcoa West","24","100.0000","42401","Sulfur dioxide","36300","Ogdensburg-Massena, NY","36","New York","089","St. Lawrence","44.9554680009432","-74.9078"
"11/02/2022","AQS","360890004","1","6.4","ppb","9","Alcoa West","24","100.0000","42401","Sulfur dioxide","36300","Ogdensburg-Massena, NY","36","New York","089","St. Lawrence","44.9554680009432","-74.9078"
"11/03/2022","AQS","360890004","1","0.5","ppb","0","Alcoa West","24","100.0000","42401","Sulfur dioxide","36300","Ogdensburg-Massena, NY","36","New York","089","St. Lawrence","44.9554680009432","-74.9078"
"11/04/2022","AQS","360890004","1","0.8","ppb","0","Alcoa West","24","100.0000","42401","Sulfur dioxide","36300","Ogdensburg-Massena, NY","36","New York","089","St. Lawrence","44.9554680009432","-74.9078"
"11/05/2022","AQS","360890004","1","0.4","ppb","0","Alcoa West","24","100.0000","42401","Sulfur dioxide","36300","Ogdensburg-Massena, NY","36","New York","089","St. Lawrence","44.9554680009432","-74.9078"
"11/06/2022","AQS","360890004","1","0.4","ppb","0","Alcoa West","24","100.0000","42401","Sulfur dioxide","36300","Ogdensburg-Massena, NY","36","New York","089","St. Lawrence","44.9554680009432","-74.9078"
"11/07/2022","AQS","360890004","1","0.5","ppb","0","Alcoa West","24","100.0000","42401","Sulfur dioxide","36300","Ogdensburg-Massena, NY","36","New York","089","St. Lawrence","44.9554680009432","-74.9078"
"11/08/2022","AQS","360890004","1","1.9","ppb","1","Alcoa West","24","100.0000","42401","Sulfur dioxide","36300","Ogdensburg-Massena, NY","36","New York","089","St. Lawrence","44.9554680009432","-74.9078"
"11/09/2022","AQS","360890004","1","4.3","ppb","6","Alcoa West","24","100.0000","42401","Sulfur dioxide","36300","Ogdensburg-Massena, NY","36","New York","089","St. Lawrence","44.9554680009432","-74.9078"
"11/10/2022","AQS","360890004","1","0.8","ppb","0","Alcoa West","24","100.0000","42401","Sulfur dioxide","36300","Ogdensburg-Massena, NY","36","New York","089","St. Lawrence","44.9554680009432","-74.9078"
"11/11/2022","AQS","360890004","1","6.8","ppb","9","Alcoa West","24","100.0000","42401","Sulfur dioxide","36300","Ogdensburg-Massena, NY","36","New York","089","St. Lawrence","44.9554680009432","-74.9078"
"11/12/2022","AQS","360890004","1","0.3","ppb","0","Alcoa West","24","100.0000","42401","Sulfur dioxide","36300","Ogdensburg-Massena, NY","36","New York","089","St. Lawrence","44.9554680009432","-74.9078"
"11/13/2022","AQS","360890004","1","0.5","ppb","0","Alcoa West","24","100.0000","42401","Sulfur dioxide","36300","Ogdensburg-Massena, NY","36","New York","089","St. Lawrence","44.9554680009432","-74.9078"
"11/14/2022","AQS","360890004","1","0.4","ppb","0","Alcoa West","24","100.0000","42401","Sulfur dioxide","36300","Ogdensburg-Massena, NY","36","New York","089","St. Lawrence","44.9554680009432","-74.9078"
"11/15/2022","AQS","360890004","1","22.1","ppb","31","Alcoa West","24","100.0000","42401","Sulfur dioxide","36300","Ogdensburg-Massena, NY","36","New York","089","St. Lawrence","44.9554680009432","-74.9078"
"11/16/2022","AQS","360890004","1","25.5","ppb","36","Alcoa West","24","100.0000","42401","Sulfur dioxide","36300","Ogdensburg-Massena, NY","36","New York","089","St. Lawrence","44.9554680009432","-74.9078"
"11/17/2022","AQS","360890004","1","0.4","ppb","0","Alcoa West","24","100.0000","42401","Sulfur dioxide","36300","Ogdensburg-Massena, NY","36","New York","089","St. Lawrence","44.9554680009432","-74.9078"
"11/18/2022","AQS","360890004","1","0.9","ppb","0","Alcoa West","24","100.0000","42401","Sulfur dioxide","36300","Ogdensburg-Massena, NY","36","New York","089","St. Lawrence","44.9554680009432","-74.9078"
"11/19/2022","AQS","360890004","1","0.4","ppb","0","Alcoa West","24","100.0000","42401","Sulfur dioxide","36300","Ogdensburg-Massena, NY","36","New York","089","St. Lawrence","44.9554680009432","-74.9078"
"11/20/2022","AQS","360890004","1","0.5","ppb","0","Alcoa West","24","100.0000","42401","Sulfur dioxide","36300","Ogdensburg-Massena, NY","36","New York","089","St. Lawrence","44.9554680009432","-74.9078"
"11/21/2022","AQS","360890004","1","0.7","ppb","0","Alcoa West","24","100.0000","42401","Sulfur dioxide","36300","Ogdensburg-Massena, NY","36","New York","089","St. Lawrence","44.9554680009432","-74.9078"
"11/22/2022","AQS","360890004","1","0.7","ppb","0","Alcoa West","24","100.0000","42401","Sulfur dioxide","36300","Ogdensburg-Massena, NY","36","New York","089","St. Lawrence","44.9554680009432","-74.9078"
"11/23/2022","AQS","360890004","1","3.9","ppb","4","Alcoa West","23","96.0000","42401","Sulfur dioxide","36300","Ogdensburg-Massena, NY","36","New York","089","St. Lawrence","44.9554680009432","-74.9078"
"11/24/2022","AQS","360890004","1","2","ppb","3","Alcoa West","24","100.0000","42401","Sulfur dioxide","36300","Ogdensburg-Massena, NY","36","New York","089","St. Lawrence","44.9554680009432","-74.9078"
"11/25/2022","AQS","360890004","1","0.7","ppb","0","Alcoa West","24","100.0000","42401","Sulfur dioxide","36300","Ogdensburg-Massena, NY","36","New York","089","St. Lawrence","44.9554680009432","-74.9078"
"11/26/2022","AQS","360890004","1","0.6","ppb","0","Alcoa West","24","100.0000","42401","Sulfur dioxide","36300","Ogdensburg-Massena, NY","36","New York","089","St. Lawrence","44.9554680009432","-74.9078"
"11/27/2022","AQS","360890004","1","35.8","ppb","50","Alcoa West","24","100.0000","42401","Sulfur dioxide","36300","Ogdensburg-Massena, NY","36","New York","089","St. Lawrence","44.9554680009432","-74.9078"
"11/28/2022","AQS","360890004","1","0.5","ppb","0","Alcoa West","24","100.0000","42401","Sulfur dioxide","36300","Ogdensburg-Massena, NY","36","New York","089","St. Lawrence","44.9554680009432","-74.9078"
"11/29/2022","AQS","360890004","1","5.9","ppb","7","Alcoa West","24","100.0000","42401","Sulfur dioxide","36300","Ogdensburg-Massena, NY","36","New York","089","St. Lawrence","44.9554680009432","-74.9078"
"11/30/2022","AQS","360890004","1","5.4","ppb","7","Alcoa West","24","100.0000","42401","Sulfur dioxide","36300","Ogdensburg-Massena, NY","36","New York","089","St. Lawrence","44.9554680009432","-74.9078"
"12/01/2022","AQS","360890004","1","0.6","ppb","0","Alcoa West","23","96.0000","42401","Sulfur dioxide","36300","Ogdensburg-Massena, NY","36","New York","089","St. Lawrence","44.9554680009432","-74.9078"
"12/02/2022","AQS","360890004","1","0.8","ppb","0","Alcoa West","24","100.0000","42401","Sulfur dioxide","36300","Ogdensburg-Massena, NY","36","New York","089","St. Lawrence","44.9554680009432","-74.9078"
"12/03/2022","AQS","360890004","1","0.8","ppb","0","Alcoa West","24","100.0000","42401","Sulfur dioxide","36300","Ogdensburg-Massena, NY","36","New York","089","St. Lawrence","44.9554680009432","-74.9078"
"12/04/2022","AQS","360890004","1","0.6","ppb","0","Alcoa West","24","100.0000","42401","Sulfur dioxide","36300","Ogdensburg-Massena, NY","36","New York","089","St. Lawrence","44.9554680009432","-74.9078"
"12/05/2022","AQS","360890004","1","1.1","ppb","1","Alcoa West","24","100.0000","42401","Sulfur dioxide","36300","Ogdensburg-Massena, NY","36","New York","089","St. Lawrence","44.9554680009432","-74.9078"
"12/06/2022","AQS","360890004","1","34.1","ppb","49","Alcoa West","24","100.0000","42401","Sulfur dioxide","36300","Ogdensburg-Massena, NY","36","New York","089","St. Lawrence","44.9554680009432","-74.9078"
"12/07/2022","AQS","360890004","1","3.3","ppb","4","Alcoa West","24","100.0000","42401","Sulfur dioxide","36300","Ogdensburg-Massena, NY","36","New York","089","St. Lawrence","44.9554680009432","-74.9078"
"12/08/2022","AQS","360890004","1","0.6","ppb","0","Alcoa West","24","100.0000","42401","Sulfur dioxide","36300","Ogdensburg-Massena, NY","36","New York","089","St. Lawrence","44.9554680009432","-74.9078"
"12/09/2022","AQS","360890004","1","45.4","ppb","62","Alcoa West","24","100.0000","42401","Sulfur dioxide","36300","Ogdensburg-Massena, NY","36","New York","089","St. Lawrence","44.9554680009432","-74.9078"
"12/10/2022","AQS","360890004","1","51.1","ppb","70","Alcoa West","24","100.0000","42401","Sulfur dioxide","36300","Ogdensburg-Massena, NY","36","New York","089","St. Lawrence","44.9554680009432","-74.9078"
"12/11/2022","AQS","360890004","1","64.7","ppb","86","Alcoa West","24","100.0000","42401","Sulfur dioxide","36300","Ogdensburg-Massena, NY","36","New York","089","St. Lawrence","44.9554680009432","-74.9078"
"12/12/2022","AQS","360890004","1","19.8","ppb","27","Alcoa West","24","100.0000","42401","Sulfur dioxide","36300","Ogdensburg-Massena, NY","36","New York","089","St. Lawrence","44.9554680009432","-74.9078"
"12/13/2022","AQS","360890004","1","0.8","ppb","0","Alcoa West","24","100.0000","42401","Sulfur dioxide","36300","Ogdensburg-Massena, NY","36","New York","089","St. Lawrence","44.9554680009432","-74.9078"
"12/14/2022","AQS","360890004","1","0.9","ppb","0","Alcoa West","23","96.0000","42401","Sulfur dioxide","36300","Ogdensburg-Massena, NY","36","New York","089","St. Lawrence","44.9554680009432","-74.9078"
"12/15/2022","AQS","360890004","1","66.7","ppb","89","Alcoa West","22","92.0000","42401","Sulfur dioxide","36300","Ogdensburg-Massena, NY","36","New York","089","St. Lawrence","44.9554680009432","-74.9078"
"12/16/2022","AQS","360890004","1","59.3","ppb","80","Alcoa West","24","100.0000","42401","Sulfur dioxide","36300","Ogdensburg-Massena, NY","36","New York","089","St. Lawrence","44.9554680009432","-74.9078"
"12/17/2022","AQS","360890004","1","14","ppb","20","Alcoa West","24","100.0000","42401","Sulfur dioxide","36300","Ogdensburg-Massena, NY","36","New York","089","St. Lawrence","44.9554680009432","-74.9078"
"12/18/2022","AQS","360890004","1","0.8","ppb","0","Alcoa West","24","100.0000","42401","Sulfur dioxide","36300","Ogdensburg-Massena, NY","36","New York","089","St. Lawrence","44.9554680009432","-74.9078"
"12/19/2022","AQS","360890004","1","0.8","ppb","0","Alcoa West","24","100.0000","42401","Sulfur dioxide","36300","Ogdensburg-Massena, NY","36","New York","089","St. Lawrence","44.9554680009432","-74.9078"
"12/20/2022","AQS","360890004","1","0.7","ppb","0","Alcoa West","24","100.0000","42401","Sulfur dioxide","36300","Ogdensburg-Massena, NY","36","New York","089","St. Lawrence","44.9554680009432","-74.9078"
"12/21/2022","AQS","360890004","1","1.1","ppb","1","Alcoa West","24","100.0000","42401","Sulfur dioxide","36300","Ogdensburg-Massena, NY","36","New York","089","St. Lawrence","44.9554680009432","-74.9078"
"12/22/2022","AQS","360890004","1","52.5","ppb","71","Alcoa West","24","100.0000","42401","Sulfur dioxide","36300","Ogdensburg-Massena, NY","36","New York","089","St. Lawrence","44.9554680009432","-74.9078"
"12/23/2022","AQS","360890004","1","47.5","ppb","65","Alcoa West","24","100.0000","42401","Sulfur dioxide","36300","Ogdensburg-Massena, NY","36","New York","089","St. Lawrence","44.9554680009432","-74.9078"
"12/24/2022","AQS","360890004","1","0.7","ppb","0","Alcoa West","24","100.0000","42401","Sulfur dioxide","36300","Ogdensburg-Massena, NY","36","New York","089","St. Lawrence","44.9554680009432","-74.9078"
"12/25/2022","AQS","360890004","1","0.8","ppb","0","Alcoa West","24","100.0000","42401","Sulfur dioxide","36300","Ogdensburg-Massena, NY","36","New York","089","St. Lawrence","44.9554680009432","-74.9078"
"12/26/2022","AQS","360890004","1","0.8","ppb","0","Alcoa West","24","100.0000","42401","Sulfur dioxide","36300","Ogdensburg-Massena, NY","36","New York","089","St. Lawrence","44.9554680009432","-74.9078"
"12/27/2022","AQS","360890004","1","1.4","ppb","1","Alcoa West","24","100.0000","42401","Sulfur dioxide","36300","Ogdensburg-Massena, NY","36","New York","089","St. Lawrence","44.9554680009432","-74.9078"
"12/28/2022","AQS","360890004","1","1.3","ppb","1","Alcoa West","24","100.0000","42401","Sulfur dioxide","36300","Ogdensburg-Massena, NY","36","New York","089","St. Lawrence","44.9554680009432","-74.9078"
"12/29/2022","AQS","360890004","1","1","ppb","1","Alcoa West","24","100.0000","42401","Sulfur dioxide","36300","Ogdensburg-Massena, NY","36","New York","089","St. Lawrence","44.9554680009432","-74.9078"
"12/30/2022","AQS","360890004","1","0.8","ppb","0","Alcoa West","24","100.0000","42401","Sulfur dioxide","36300","Ogdensburg-Massena, NY","36","New York","089","St. Lawrence","44.9554680009432","-74.9078"
"12/31/2022","AQS","360890004","1","4.9","ppb","6","Alcoa West","24","100.0000","42401","Sulfur dioxide","36300","Ogdensburg-Massena, NY","36","New York","089","St. Lawrence","44.9554680009432","-74.9078"
"01/01/2022","AQS","360890005","1","3.2","ppb","4","Alcoa East","24","100.0000","42401","Sulfur dioxide","36300","Ogdensburg-Massena, NY","36","New York","089","St. Lawrence","44.9654120009432","-74.875"
"01/02/2022","AQS","360890005","1","0.8","ppb","0","Alcoa East","24","100.0000","42401","Sulfur dioxide","36300","Ogdensburg-Massena, NY","36","New York","089","St. Lawrence","44.9654120009432","-74.875"
"01/03/2022","AQS","360890005","1","2.5","ppb","3","Alcoa East","24","100.0000","42401","Sulfur dioxide","36300","Ogdensburg-Massena, NY","36","New York","089","St. Lawrence","44.9654120009432","-74.875"
"01/04/2022","AQS","360890005","1","1.1","ppb","1","Alcoa East","24","100.0000","42401","Sulfur dioxide","36300","Ogdensburg-Massena, NY","36","New York","089","St. Lawrence","44.9654120009432","-74.875"
"01/05/2022","AQS","360890005","1","2.2","ppb","3","Alcoa East","24","100.0000","42401","Sulfur dioxide","36300","Ogdensburg-Massena, NY","36","New York","089","St. Lawrence","44.9654120009432","-74.875"
"01/06/2022","AQS","360890005","1","26.5","ppb","37","Alcoa East","24","100.0000","42401","Sulfur dioxide","36300","Ogdensburg-Massena, NY","36","New York","089","St. Lawrence","44.9654120009432","-74.875"
"01/07/2022","AQS","360890005","1","1.3","ppb","1","Alcoa East","24","100.0000","42401","Sulfur dioxide","36300","Ogdensburg-Massena, NY","36","New York","089","St. Lawrence","44.9654120009432","-74.875"
"01/08/2022","AQS","360890005","1","3.7","ppb","4","Alcoa East","24","100.0000","42401","Sulfur dioxide","36300","Ogdensburg-Massena, NY","36","New York","089","St. Lawrence","44.9654120009432","-74.875"
"01/09/2022","AQS","360890005","1","36.3","ppb","51","Alcoa East","24","100.0000","42401","Sulfur dioxide","36300","Ogdensburg-Massena, NY","36","New York","089","St. Lawrence","44.9654120009432","-74.875"
"01/10/2022","AQS","360890005","1","17.5","ppb","24","Alcoa East","24","100.0000","42401","Sulfur dioxide","36300","Ogdensburg-Massena, NY","36","New York","089","St. Lawrence","44.9654120009432","-74.875"
"01/11/2022","AQS","360890005","1","6","ppb","9","Alcoa East","24","100.0000","42401","Sulfur dioxide","36300","Ogdensburg-Massena, NY","36","New York","089","St. Lawrence","44.9654120009432","-74.875"
"01/12/2022","AQS","360890005","1","1.5","ppb","1","Alcoa East","24","100.0000","42401","Sulfur dioxide","36300","Ogdensburg-Massena, NY","36","New York","089","St. Lawrence","44.9654120009432","-74.875"
"01/13/2022","AQS","360890005","1","2.1","ppb","3","Alcoa East","24","100.0000","42401","Sulfur dioxide","36300","Ogdensburg-Massena, NY","36","New York","089","St. Lawrence","44.9654120009432","-74.875"
"01/14/2022","AQS","360890005","1","1.6","ppb","1","Alcoa East","24","100.0000","42401","Sulfur dioxide","36300","Ogdensburg-Massena, NY","36","New York","089","St. Lawrence","44.9654120009432","-74.875"
"01/15/2022","AQS","360890005","1","5.1","ppb","7","Alcoa East","24","100.0000","42401","Sulfur dioxide","36300","Ogdensburg-Massena, NY","36","New York","089","St. Lawrence","44.9654120009432","-74.875"
"01/16/2022","AQS","360890005","1","5","ppb","7","Alcoa East","24","100.0000","42401","Sulfur dioxide","36300","Ogdensburg-Massena, NY","36","New York","089","St. Lawrence","44.9654120009432","-74.875"
"01/17/2022","AQS","360890005","1","2.6","ppb","3","Alcoa East","24","100.0000","42401","Sulfur dioxide","36300","Ogdensburg-Massena, NY","36","New York","089","St. Lawrence","44.9654120009432","-74.875"
"01/18/2022","AQS","360890005","1","2.9","ppb","3","Alcoa East","24","100.0000","42401","Sulfur dioxide","36300","Ogdensburg-Massena, NY","36","New York","089","St. Lawrence","44.9654120009432","-74.875"
"01/19/2022","AQS","360890005","1","28.4","ppb","40","Alcoa East","24","100.0000","42401","Sulfur dioxide","36300","Ogdensburg-Massena, NY","36","New York","089","St. Lawrence","44.9654120009432","-74.875"
"01/20/2022","AQS","360890005","1","7.3","ppb","10","Alcoa East","24","100.0000","42401","Sulfur dioxide","36300","Ogdensburg-Massena, NY","36","New York","089","St. Lawrence","44.9654120009432","-74.875"
"01/21/2022","AQS","360890005","1","8.9","ppb","11","Alcoa East","24","100.0000","42401","Sulfur dioxide","36300","Ogdensburg-Massena, NY","36","New York","089","St. Lawrence","44.9654120009432","-74.875"
"01/22/2022","AQS","360890005","1","5.5","ppb","7","Alcoa East","24","100.0000","42401","Sulfur dioxide","36300","Ogdensburg-Massena, NY","36","New York","089","St. Lawrence","44.9654120009432","-74.875"
"01/23/2022","AQS","360890005","1","11.9","ppb","16","Alcoa East","24","100.0000","42401","Sulfur dioxide","36300","Ogdensburg-Massena, NY","36","New York","089","St. Lawrence","44.9654120009432","-74.875"
"01/24/2022","AQS","360890005","1","7.3","ppb","10","Alcoa East","24","100.0000","42401","Sulfur dioxide","36300","Ogdensburg-Massena, NY","36","New York","089","St. Lawrence","44.9654120009432","-74.875"
"01/25/2022","AQS","360890005","1","11","ppb","16","Alcoa East","24","100.0000","42401","Sulfur dioxide","36300","Ogdensburg-Massena, NY","36","New York","089","St. Lawrence","44.9654120009432","-74.875"
"01/26/2022","AQS","360890005","1","0.4","ppb","0","Alcoa East","24","100.0000","42401","Sulfur dioxide","36300","Ogdensburg-Massena, NY","36","New York","089","St. Lawrence","44.9654120009432","-74.875"
"01/27/2022","AQS","360890005","1","1.1","ppb","1","Alcoa East","24","100.0000","42401","Sulfur dioxide","36300","Ogdensburg-Massena, NY","36","New York","089","St. Lawrence","44.9654120009432","-74.875"
"01/28/2022","AQS","360890005","1","12.2","ppb","17","Alcoa East","24","100.0000","42401","Sulfur dioxide","36300","Ogdensburg-Massena, NY","36","New York","089","St. Lawrence","44.9654120009432","-74.875"
"01/29/2022","AQS","360890005","1","7.4","ppb","10","Alcoa East","24","100.0000","42401","Sulfur dioxide","36300","Ogdensburg-Massena, NY","36","New York","089","St. Lawrence","44.9654120009432","-74.875"
"01/30/2022","AQS","360890005","1","28.7","ppb","40","Alcoa East","24","100.0000","42401","Sulfur dioxide","36300","Ogdensburg-Massena, NY","36","New York","089","St. Lawrence","44.9654120009432","-74.875"
"01/31/2022","AQS","360890005","1","7.4","ppb","10","Alcoa East","24","100.0000","42401","Sulfur dioxide","36300","Ogdensburg-Massena, NY","36","New York","089","St. Lawrence","44.9654120009432","-74.875"
"02/01/2022","AQS","360890005","1","2.5","ppb","3","Alcoa East","24","100.0000","42401","Sulfur dioxide","36300","Ogdensburg-Massena, NY","36","New York","089","St. Lawrence","44.9654120009432","-74.875"
"02/02/2022","AQS","360890005","1","11.3","ppb","16","Alcoa East","24","100.0000","42401","Sulfur dioxide","36300","Ogdensburg-Massena, NY","36","New York","089","St. Lawrence","44.9654120009432","-74.875"
"02/03/2022","AQS","360890005","1","8.1","ppb","11","Alcoa East","24","100.0000","42401","Sulfur dioxide","36300","Ogdensburg-Massena, NY","36","New York","089","St. Lawrence","44.9654120009432","-74.875"
"02/04/2022","AQS","360890005","1","0.4","ppb","0","Alcoa East","24","100.0000","42401","Sulfur dioxide","36300","Ogdensburg-Massena, NY","36","New York","089","St. Lawrence","44.9654120009432","-74.875"
"02/05/2022","AQS","360890005","1","8.4","ppb","11","Alcoa East","24","100.0000","42401","Sulfur dioxide","36300","Ogdensburg-Massena, NY","36","New York","089","St. Lawrence","44.9654120009432","-74.875"
"02/06/2022","AQS","360890005","1","1.6","ppb","1","Alcoa East","24","100.0000","42401","Sulfur dioxide","36300","Ogdensburg-Massena, NY","36","New York","089","St. Lawrence","44.9654120009432","-74.875"
"02/07/2022","AQS","360890005","1","4","ppb","6","Alcoa East","24","100.0000","42401","Sulfur dioxide","36300","Ogdensburg-Massena, NY","36","New York","089","St. Lawrence","44.9654120009432","-74.875"
"02/08/2022","AQS","360890005","1","36.2","ppb","51","Alcoa East","24","100.0000","42401","Sulfur dioxide","36300","Ogdensburg-Massena, NY","36","New York","089","St. Lawrence","44.9654120009432","-74.875"
"02/09/2022","AQS","360890005","1","14.3","ppb","20","Alcoa East","24","100.0000","42401","Sulfur dioxide","36300","Ogdensburg-Massena, NY","36","New York","089","St. Lawrence","44.9654120009432","-74.875"
"02/10/2022","AQS","360890005","1","13.1","ppb","19","Alcoa East","24","100.0000","42401","Sulfur dioxide","36300","Ogdensburg-Massena, NY","36","New York","089","St. Lawrence","44.9654120009432","-74.875"
"02/11/2022","AQS","360890005","1","29.5","ppb","41","Alcoa East","24","100.0000","42401","Sulfur dioxide","36300","Ogdensburg-Massena, NY","36","New York","089","St. Lawrence","44.9654120009432","-74.875"
"02/12/2022","AQS","360890005","1","0.3","ppb","0","Alcoa East","24","100.0000","42401","Sulfur dioxide","36300","Ogdensburg-Massena, NY","36","New York","089","St. Lawrence","44.9654120009432","-74.875"
"02/13/2022","AQS","360890005","1","1.8","ppb","1","Alcoa East","24","100.0000","42401","Sulfur dioxide","36300","Ogdensburg-Massena, NY","36","New York","089","St. Lawrence","44.9654120009432","-74.875"
"02/14/2022","AQS","360890005","1","3.3","ppb","4","Alcoa East","24","100.0000","42401","Sulfur dioxide","36300","Ogdensburg-Massena, NY","36","New York","089","St. Lawrence","44.9654120009432","-74.875"
"02/15/2022","AQS","360890005","1","12.3","ppb","17","Alcoa East","24","100.0000","42401","Sulfur dioxide","36300","Ogdensburg-Massena, NY","36","New York","089","St. Lawrence","44.9654120009432","-74.875"
"02/16/2022","AQS","360890005","1","0.7","ppb","0","Alcoa East","24","100.0000","42401","Sulfur dioxide","36300","Ogdensburg-Massena, NY","36","New York","089","St. Lawrence","44.9654120009432","-74.875"
"02/17/2022","AQS","360890005","1","4.3","ppb","6","Alcoa East","24","100.0000","42401","Sulfur dioxide","36300","Ogdensburg-Massena, NY","36","New York","089","St. Lawrence","44.9654120009432","-74.875"
"02/18/2022","AQS","360890005","1","1.3","ppb","1","Alcoa East","24","100.0000","42401","Sulfur dioxide","36300","Ogdensburg-Massena, NY","36","New York","089","St. Lawrence","44.9654120009432","-74.875"
"02/19/2022","AQS","360890005","1","17.2","ppb","24","Alcoa East","24","100.0000","42401","Sulfur dioxide","36300","Ogdensburg-Massena, NY","36","New York","089","St. Lawrence","44.9654120009432","-74.875"
"02/20/2022","AQS","360890005","1","4.2","ppb","6","Alcoa East","24","100.0000","42401","Sulfur dioxide","36300","Ogdensburg-Massena, NY","36","New York","089","St. Lawrence","44.9654120009432","-74.875"
"02/21/2022","AQS","360890005","1","7.7","ppb","10","Alcoa East","24","100.0000","42401","Sulfur dioxide","36300","Ogdensburg-Massena, NY","36","New York","089","St. Lawrence","44.9654120009432","-74.875"
"02/22/2022","AQS","360890005","1","1.9","ppb","1","Alcoa East","24","100.0000","42401","Sulfur dioxide","36300","Ogdensburg-Massena, NY","36","New York","089","St. Lawrence","44.9654120009432","-74.875"
"03/02/2022","AQS","360890005","1","17.2","ppb","24","Alcoa East","24","100.0000","42401","Sulfur dioxide","36300","Ogdensburg-Massena, NY","36","New York","089","St. Lawrence","44.9654120009432","-74.875"
"03/03/2022","AQS","360890005","1","0.2","ppb","0","Alcoa East","24","100.0000","42401","Sulfur dioxide","36300","Ogdensburg-Massena, NY","36","New York","089","St. Lawrence","44.9654120009432","-74.875"
"03/04/2022","AQS","360890005","1","14","ppb","20","Alcoa East","24","100.0000","42401","Sulfur dioxide","36300","Ogdensburg-Massena, NY","36","New York","089","St. Lawrence","44.9654120009432","-74.875"
"03/05/2022","AQS","360890005","1","14.4","ppb","20","Alcoa East","24","100.0000","42401","Sulfur dioxide","36300","Ogdensburg-Massena, NY","36","New York","089","St. Lawrence","44.9654120009432","-74.875"
"03/06/2022","AQS","360890005","1","39","ppb","55","Alcoa East","24","100.0000","42401","Sulfur dioxide","36300","Ogdensburg-Massena, NY","36","New York","089","St. Lawrence","44.9654120009432","-74.875"
"03/07/2022","AQS","360890005","1","19.5","ppb","27","Alcoa East","24","100.0000","42401","Sulfur dioxide","36300","Ogdensburg-Massena, NY","36","New York","089","St. Lawrence","44.9654120009432","-74.875"
"03/08/2022","AQS","360890005","1","0.7","ppb","0","Alcoa East","24","100.0000","42401","Sulfur dioxide","36300","Ogdensburg-Massena, NY","36","New York","089","St. Lawrence","44.9654120009432","-74.875"
"03/09/2022","AQS","360890005","1","3.7","ppb","4","Alcoa East","24","100.0000","42401","Sulfur dioxide","36300","Ogdensburg-Massena, NY","36","New York","089","St. Lawrence","44.9654120009432","-74.875"
"03/10/2022","AQS","360890005","1","16.7","ppb","23","Alcoa East","24","100.0000","42401","Sulfur dioxide","36300","Ogdensburg-Massena, NY","36","New York","089","St. Lawrence","44.9654120009432","-74.875"
"03/11/2022","AQS","360890005","1","3.5","ppb","4","Alcoa East","24","100.0000","42401","Sulfur dioxide","36300","Ogdensburg-Massena, NY","36","New York","089","St. Lawrence","44.9654120009432","-74.875"
"03/12/2022","AQS","360890005","1","26","ppb","37","Alcoa East","24","100.0000","42401","Sulfur dioxide","36300","Ogdensburg-Massena, NY","36","New York","089","St. Lawrence","44.9654120009432","-74.875"
"03/13/2022","AQS","360890005","1","35.2","ppb","50","Alcoa East","24","100.0000","42401","Sulfur dioxide","36300","Ogdensburg-Massena, NY","36","New York","089","St. Lawrence","44.9654120009432","-74.875"
"03/14/2022","AQS","360890005","1","35.6","ppb","50","Alcoa East","24","100.0000","42401","Sulfur dioxide","36300","Ogdensburg-Massena, NY","36","New York","089","St. Lawrence","44.9654120009432","-74.875"
"03/15/2022","AQS","360890005","1","5.3","ppb","7","Alcoa East","22","92.0000","42401","Sulfur dioxide","36300","Ogdensburg-Massena, NY","36","New York","089","St. Lawrence","44.9654120009432","-74.875"
"03/16/2022","AQS","360890005","1","2.6","ppb","3","Alcoa East","24","100.0000","42401","Sulfur dioxide","36300","Ogdensburg-Massena, NY","36","New York","089","St. Lawrence","44.9654120009432","-74.875"
"03/17/2022","AQS","360890005","1","3.6","ppb","4","Alcoa East","24","100.0000","42401","Sulfur dioxide","36300","Ogdensburg-Massena, NY","36","New York","089","St. Lawrence","44.9654120009432","-74.875"
"03/18/2022","AQS","360890005","1","4.5","ppb","6","Alcoa East","24","100.0000","42401","Sulfur dioxide","36300","Ogdensburg-Massena, NY","36","New York","089","St. Lawrence","44.9654120009432","-74.875"
"03/19/2022","AQS","360890005","1","1.6","ppb","1","Alcoa East","24","100.0000","42401","Sulfur dioxide","36300","Ogdensburg-Massena, NY","36","New York","089","St. Lawrence","44.9654120009432","-74.875"
"03/20/2022","AQS","360890005","1","15.3","ppb","21","Alcoa East","24","100.0000","42401","Sulfur dioxide","36300","Ogdensburg-Massena, NY","36","New York","089","St. Lawrence","44.9654120009432","-74.875"
"03/21/2022","AQS","360890005","1","26.3","ppb","37","Alcoa East","24","100.0000","42401","Sulfur dioxide","36300","Ogdensburg-Massena, NY","36","New York","089","St. Lawrence","44.9654120009432","-74.875"
"03/22/2022","AQS","360890005","1","30.1","ppb","43","Alcoa East","24","100.0000","42401","Sulfur dioxide","36300","Ogdensburg-Massena, NY","36","New York","089","St. Lawrence","44.9654120009432","-74.875"
"03/23/2022","AQS","360890005","1","2","ppb","3","Alcoa East","24","100.0000","42401","Sulfur dioxide","36300","Ogdensburg-Massena, NY","36","New York","089","St. Lawrence","44.9654120009432","-74.875"
"03/24/2022","AQS","360890005","1","0.5","ppb","0","Alcoa East","24","100.0000","42401","Sulfur dioxide","36300","Ogdensburg-Massena, NY","36","New York","089","St. Lawrence","44.9654120009432","-74.875"
"03/25/2022","AQS","360890005","1","13","ppb","19","Alcoa East","24","100.0000","42401","Sulfur dioxide","36300","Ogdensburg-Massena, NY","36","New York","089","St. Lawrence","44.9654120009432","-74.875"
"03/26/2022","AQS","360890005","1","6.5","ppb","9","Alcoa East","24","100.0000","42401","Sulfur dioxide","36300","Ogdensburg-Massena, NY","36","New York","089","St. Lawrence","44.9654120009432","-74.875"
"03/27/2022","AQS","360890005","1","3.5","ppb","4","Alcoa East","24","100.0000","42401","Sulfur dioxide","36300","Ogdensburg-Massena, NY","36","New York","089","St. Lawrence","44.9654120009432","-74.875"
"03/28/2022","AQS","360890005","1","0.6","ppb","0","Alcoa East","24","100.0000","42401","Sulfur dioxide","36300","Ogdensburg-Massena, NY","36","New York","089","St. Lawrence","44.9654120009432","-74.875"
"03/29/2022","AQS","360890005","1","0.9","ppb","0","Alcoa East","24","100.0000","42401","Sulfur dioxide","36300","Ogdensburg-Massena, NY","36","New York","089","St. Lawrence","44.9654120009432","-74.875"
"03/30/2022","AQS","360890005","1","3.3","ppb","4","Alcoa East","24","100.0000","42401","Sulfur dioxide","36300","Ogdensburg-Massena, NY","36","New York","089","St. Lawrence","44.9654120009432","-74.875"
"03/31/2022","AQS","360890005","1","3.3","ppb","4","Alcoa East","24","100.0000","42401","Sulfur dioxide","36300","Ogdensburg-Massena, NY","36","New York","089","St. Lawrence","44.9654120009432","-74.875"
"04/01/2022","AQS","360890005","1","13.2","ppb","19","Alcoa East","24","100.0000","42401","Sulfur dioxide","36300","Ogdensburg-Massena, NY","36","New York","089","St. Lawrence","44.9654120009432","-74.875"
"04/02/2022","AQS","360890005","1","4.7","ppb","6","Alcoa East","24","100.0000","42401","Sulfur dioxide","36300","Ogdensburg-Massena, NY","36","New York","089","St. Lawrence","44.9654120009432","-74.875"
"04/03/2022","AQS","360890005","1","1.9","ppb","1","Alcoa East","24","100.0000","42401","Sulfur dioxide","36300","Ogdensburg-Massena, NY","36","New York","089","St. Lawrence","44.9654120009432","-74.875"
"04/04/2022","AQS","360890005","1","5.5","ppb","7","Alcoa East","24","100.0000","42401","Sulfur dioxide","36300","Ogdensburg-Massena, NY","36","New York","089","St. Lawrence","44.9654120009432","-74.875"
"04/05/2022","AQS","360890005","1","1.5","ppb","1","Alcoa East","24","100.0000","42401","Sulfur dioxide","36300","Ogdensburg-Massena, NY","36","New York","089","St. Lawrence","44.9654120009432","-74.875"
"04/06/2022","AQS","360890005","1","2.8","ppb","3","Alcoa East","24","100.0000","42401","Sulfur dioxide","36300","Ogdensburg-Massena, NY","36","New York","089","St. Lawrence","44.9654120009432","-74.875"
"04/07/2022","AQS","360890005","1","1","ppb","1","Alcoa East","24","100.0000","42401","Sulfur dioxide","36300","Ogdensburg-Massena, NY","36","New York","089","St. Lawrence","44.9654120009432","-74.875"
"04/08/2022","AQS","360890005","1","4.3","ppb","6","Alcoa East","24","100.0000","42401","Sulfur dioxide","36300","Ogdensburg-Massena, NY","36","New York","089","St. Lawrence","44.9654120009432","-74.875"
"04/09/2022","AQS","360890005","1","2.5","ppb","3","Alcoa East","24","100.0000","42401","Sulfur dioxide","36300","Ogdensburg-Massena, NY","36","New York","089","St. Lawrence","44.9654120009432","-74.875"
"04/10/2022","AQS","360890005","1","12","ppb","17","Alcoa East","24","100.0000","42401","Sulfur dioxide","36300","Ogdensburg-Massena, NY","36","New York","089","St. Lawrence","44.9654120009432","-74.875"
"04/11/2022","AQS","360890005","1","2.4","ppb","3","Alcoa East","24","100.0000","42401","Sulfur dioxide","36300","Ogdensburg-Massena, NY","36","New York","089","St. Lawrence","44.9654120009432","-74.875"
"04/12/2022","AQS","360890005","1","13.3","ppb","19","Alcoa East","24","100.0000","42401","Sulfur dioxide","36300","Ogdensburg-Massena, NY","36","New York","089","St. Lawrence","44.9654120009432","-74.875"
"04/13/2022","AQS","360890005","1","0.8","ppb","0","Alcoa East","24","100.0000","42401","Sulfur dioxide","36300","Ogdensburg-Massena, NY","36","New York","089","St. Lawrence","44.9654120009432","-74.875"
"04/14/2022","AQS","360890005","1","1.4","ppb","1","Alcoa East","24","100.0000","42401","Sulfur dioxide","36300","Ogdensburg-Massena, NY","36","New York","089","St. Lawrence","44.9654120009432","-74.875"
"04/15/2022","AQS","360890005","1","2.7","ppb","3","Alcoa East","24","100.0000","42401","Sulfur dioxide","36300","Ogdensburg-Massena, NY","36","New York","089","St. Lawrence","44.9654120009432","-74.875"
"04/16/2022","AQS","360890005","1","11.4","ppb","16","Alcoa East","24","100.0000","42401","Sulfur dioxide","36300","Ogdensburg-Massena, NY","36","New York","089","St. Lawrence","44.9654120009432","-74.875"
"04/17/2022","AQS","360890005","1","0.7","ppb","0","Alcoa East","24","100.0000","42401","Sulfur dioxide","36300","Ogdensburg-Massena, NY","36","New York","089","St. Lawrence","44.9654120009432","-74.875"
"04/18/2022","AQS","360890005","1","1.1","ppb","1","Alcoa East","24","100.0000","42401","Sulfur dioxide","36300","Ogdensburg-Massena, NY","36","New York","089","St. Lawrence","44.9654120009432","-74.875"
"04/19/2022","AQS","360890005","1","27.8","ppb","39","Alcoa East","24","100.0000","42401","Sulfur dioxide","36300","Ogdensburg-Massena, NY","36","New York","089","St. Lawrence","44.9654120009432","-74.875"
"04/20/2022","AQS","360890005","1","1.7","ppb","1","Alcoa East","24","100.0000","42401","Sulfur dioxide","36300","Ogdensburg-Massena, NY","36","New York","089","St. Lawrence","44.9654120009432","-74.875"
"04/21/2022","AQS","360890005","1","18","ppb","26","Alcoa East","24","100.0000","42401","Sulfur dioxide","36300","Ogdensburg-Massena, NY","36","New York","089","St. Lawrence","44.9654120009432","-74.875"
"04/22/2022","AQS","360890005","1","18.2","ppb","26","Alcoa East","24","100.0000","42401","Sulfur dioxide","36300","Ogdensburg-Massena, NY","36","New York","089","St. Lawrence","44.9654120009432","-74.875"
"04/23/2022","AQS","360890005","1","2.6","ppb","3","Alcoa East","24","100.0000","42401","Sulfur dioxide","36300","Ogdensburg-Massena, NY","36","New York","089","St. Lawrence","44.9654120009432","-74.875"
"04/24/2022","AQS","360890005","1","1.9","ppb","1","Alcoa East","24","100.0000","42401","Sulfur dioxide","36300","Ogdensburg-Massena, NY","36","New York","089","St. Lawrence","44.9654120009432","-74.875"
"04/25/2022","AQS","360890005","1","3.8","ppb","4","Alcoa East","24","100.0000","42401","Sulfur dioxide","36300","Ogdensburg-Massena, NY","36","New York","089","St. Lawrence","44.9654120009432","-74.875"
"04/26/2022","AQS","360890005","1","8","ppb","11","Alcoa East","24","100.0000","42401","Sulfur dioxide","36300","Ogdensburg-Massena, NY","36","New York","089","St. Lawrence","44.9654120009432","-74.875"
"04/27/2022","AQS","360890005","1","2.6","ppb","3","Alcoa East","24","100.0000","42401","Sulfur dioxide","36300","Ogdensburg-Massena, NY","36","New York","089","St. Lawrence","44.9654120009432","-74.875"
"04/28/2022","AQS","360890005","1","0.7","ppb","0","Alcoa East","24","100.0000","42401","Sulfur dioxide","36300","Ogdensburg-Massena, NY","36","New York","089","St. Lawrence","44.9654120009432","-74.875"
"04/29/2022","AQS","360890005","1","0.8","ppb","0","Alcoa East","24","100.0000","42401","Sulfur dioxide","36300","Ogdensburg-Massena, NY","36","New York","089","St. Lawrence","44.9654120009432","-74.875"
"04/30/2022","AQS","360890005","1","0.9","ppb","0","Alcoa East","24","100.0000","42401","Sulfur dioxide","36300","Ogdensburg-Massena, NY","36","New York","089","St. Lawrence","44.9654120009432","-74.875"
"05/01/2022","AQS","360890005","1","1.1","ppb","1","Alcoa East","24","100.0000","42401","Sulfur dioxide","36300","Ogdensburg-Massena, NY","36","New York","089","St. Lawrence","44.9654120009432","-74.875"
"05/02/2022","AQS","360890005","1","3.2","ppb","4","Alcoa East","24","100.0000","42401","Sulfur dioxide","36300","Ogdensburg-Massena, NY","36","New York","089","St. Lawrence","44.9654120009432","-74.875"
"05/03/2022","AQS","360890005","1","1.7","ppb","1","Alcoa East","24","100.0000","42401","Sulfur dioxide","36300","Ogdensburg-Massena, NY","36","New York","089","St. Lawrence","44.9654120009432","-74.875"
"05/04/2022","AQS","360890005","1","0.6","ppb","0","Alcoa East","24","100.0000","42401","Sulfur dioxide","36300","Ogdensburg-Massena, NY","36","New York","089","St. Lawrence","44.9654120009432","-74.875"
"05/05/2022","AQS","360890005","1","4.7","ppb","6","Alcoa East","24","100.0000","42401","Sulfur dioxide","36300","Ogdensburg-Massena, NY","36","New York","089","St. Lawrence","44.9654120009432","-74.875"
"05/06/2022","AQS","360890005","1","3.2","ppb","4","Alcoa East","24","100.0000","42401","Sulfur dioxide","36300","Ogdensburg-Massena, NY","36","New York","089","St. Lawrence","44.9654120009432","-74.875"
"05/07/2022","AQS","360890005","1","2.1","ppb","3","Alcoa East","24","100.0000","42401","Sulfur dioxide","36300","Ogdensburg-Massena, NY","36","New York","089","St. Lawrence","44.9654120009432","-74.875"
"05/08/2022","AQS","360890005","1","2.1","ppb","3","Alcoa East","24","100.0000","42401","Sulfur dioxide","36300","Ogdensburg-Massena, NY","36","New York","089","St. Lawrence","44.9654120009432","-74.875"
"05/09/2022","AQS","360890005","1","3.9","ppb","4","Alcoa East","24","100.0000","42401","Sulfur dioxide","36300","Ogdensburg-Massena, NY","36","New York","089","St. Lawrence","44.9654120009432","-74.875"
"05/10/2022","AQS","360890005","1","3.3","ppb","4","Alcoa East","24","100.0000","42401","Sulfur dioxide","36300","Ogdensburg-Massena, NY","36","New York","089","St. Lawrence","44.9654120009432","-74.875"
"05/11/2022","AQS","360890005","1","2.6","ppb","3","Alcoa East","24","100.0000","42401","Sulfur dioxide","36300","Ogdensburg-Massena, NY","36","New York","089","St. Lawrence","44.9654120009432","-74.875"
"05/12/2022","AQS","360890005","1","3.7","ppb","4","Alcoa East","24","100.0000","42401","Sulfur dioxide","36300","Ogdensburg-Massena, NY","36","New York","089","St. Lawrence","44.9654120009432","-74.875"
"05/13/2022","AQS","360890005","1","26.4","ppb","37","Alcoa East","24","100.0000","42401","Sulfur dioxide","36300","Ogdensburg-Massena, NY","36","New York","089","St. Lawrence","44.9654120009432","-74.875"
"05/14/2022","AQS","360890005","1","3.6","ppb","4","Alcoa East","24","100.0000","42401","Sulfur dioxide","36300","Ogdensburg-Massena, NY","36","New York","089","St. Lawrence","44.9654120009432","-74.875"
"05/15/2022","AQS","360890005","1","1","ppb","1","Alcoa East","24","100.0000","42401","Sulfur dioxide","36300","Ogdensburg-Massena, NY","36","New York","089","St. Lawrence","44.9654120009432","-74.875"
"05/16/2022","AQS","360890005","1","14.7","ppb","20","Alcoa East","24","100.0000","42401","Sulfur dioxide","36300","Ogdensburg-Massena, NY","36","New York","089","St. Lawrence","44.9654120009432","-74.875"
"05/17/2022","AQS","360890005","1","19.4","ppb","27","Alcoa East","24","100.0000","42401","Sulfur dioxide","36300","Ogdensburg-Massena, NY","36","New York","089","St. Lawrence","44.9654120009432","-74.875"
"05/18/2022","AQS","360890005","1","5.8","ppb","7","Alcoa East","24","100.0000","42401","Sulfur dioxide","36300","Ogdensburg-Massena, NY","36","New York","089","St. Lawrence","44.9654120009432","-74.875"
"05/19/2022","AQS","360890005","1","0.9","ppb","0","Alcoa East","24","100.0000","42401","Sulfur dioxide","36300","Ogdensburg-Massena, NY","36","New York","089","St. Lawrence","44.9654120009432","-74.875"
"05/20/2022","AQS","360890005","1","1.4","ppb","1","Alcoa East","24","100.0000","42401","Sulfur dioxide","36300","Ogdensburg-Massena, NY","36","New York","089","St. Lawrence","44.9654120009432","-74.875"
"05/21/2022","AQS","360890005","1","15.3","ppb","21","Alcoa East","24","100.0000","42401","Sulfur dioxide","36300","Ogdensburg-Massena, NY","36","New York","089","St. Lawrence","44.9654120009432","-74.875"
"05/22/2022","AQS","360890005","1","3.4","ppb","4","Alcoa East","24","100.0000","42401","Sulfur dioxide","36300","Ogdensburg-Massena, NY","36","New York","089","St. Lawrence","44.9654120009432","-74.875"
"05/23/2022","AQS","360890005","1","1.5","ppb","1","Alcoa East","24","100.0000","42401","Sulfur dioxide","36300","Ogdensburg-Massena, NY","36","New York","089","St. Lawrence","44.9654120009432","-74.875"
"05/24/2022","AQS","360890005","1","1","ppb","1","Alcoa East","24","100.0000","42401","Sulfur dioxide","36300","Ogdensburg-Massena, NY","36","New York","089","St. Lawrence","44.9654120009432","-74.875"
"05/25/2022","AQS","360890005","1","1.3","ppb","1","Alcoa East","24","100.0000","42401","Sulfur dioxide","36300","Ogdensburg-Massena, NY","36","New York","089","St. Lawrence","44.9654120009432","-74.875"
"05/26/2022","AQS","360890005","1","0.8","ppb","0","Alcoa East","24","100.0000","42401","Sulfur dioxide","36300","Ogdensburg-Massena, NY","36","New York","089","St. Lawrence","44.9654120009432","-74.875"
"05/27/2022","AQS","360890005","1","1.6","ppb","1","Alcoa East","24","100.0000","42401","Sulfur dioxide","36300","Ogdensburg-Massena, NY","36","New York","089","St. Lawrence","44.9654120009432","-74.875"
"05/28/2022","AQS","360890005","1","5.6","ppb","7","Alcoa East","24","100.0000","42401","Sulfur dioxide","36300","Ogdensburg-Massena, NY","36","New York","089","St. Lawrence","44.9654120009432","-74.875"
"05/29/2022","AQS","360890005","1","14.1","ppb","20","Alcoa East","24","100.0000","42401","Sulfur dioxide","36300","Ogdensburg-Massena, NY","36","New York","089","St. Lawrence","44.9654120009432","-74.875"
"05/30/2022","AQS","360890005","1","2","ppb","3","Alcoa East","24","100.0000","42401","Sulfur dioxide","36300","Ogdensburg-Massena, NY","36","New York","089","St. Lawrence","44.9654120009432","-74.875"
"05/31/2022","AQS","360890005","1","2.5","ppb","3","Alcoa East","24","100.0000","42401","Sulfur dioxide","36300","Ogdensburg-Massena, NY","36","New York","089","St. Lawrence","44.9654120009432","-74.875"
"06/01/2022","AQS","360890005","1","1.5","ppb","1","Alcoa East","24","100.0000","42401","Sulfur dioxide","36300","Ogdensburg-Massena, NY","36","New York","089","St. Lawrence","44.9654120009432","-74.875"
"06/02/2022","AQS","360890005","1","1.1","ppb","1","Alcoa East","24","100.0000","42401","Sulfur dioxide","36300","Ogdensburg-Massena, NY","36","New York","089","St. Lawrence","44.9654120009432","-74.875"
"06/03/2022","AQS","360890005","1","5.5","ppb","7","Alcoa East","24","100.0000","42401","Sulfur dioxide","36300","Ogdensburg-Massena, NY","36","New York","089","St. Lawrence","44.9654120009432","-74.875"
"06/04/2022","AQS","360890005","1","13.2","ppb","19","Alcoa East","24","100.0000","42401","Sulfur dioxide","36300","Ogdensburg-Massena, NY","36","New York","089","St. Lawrence","44.9654120009432","-74.875"
"06/05/2022","AQS","360890005","1","11","ppb","16","Alcoa East","24","100.0000","42401","Sulfur dioxide","36300","Ogdensburg-Massena, NY","36","New York","089","St. Lawrence","44.9654120009432","-74.875"
"06/06/2022","AQS","360890005","1","1.1","ppb","1","Alcoa East","24","100.0000","42401","Sulfur dioxide","36300","Ogdensburg-Massena, NY","36","New York","089","St. Lawrence","44.9654120009432","-74.875"
"06/07/2022","AQS","360890005","1","5.1","ppb","7","Alcoa East","24","100.0000","42401","Sulfur dioxide","36300","Ogdensburg-Massena, NY","36","New York","089","St. Lawrence","44.9654120009432","-74.875"
"06/08/2022","AQS","360890005","1","11.1","ppb","16","Alcoa East","24","100.0000","42401","Sulfur dioxide","36300","Ogdensburg-Massena, NY","36","New York","089","St. Lawrence","44.9654120009432","-74.875"
"06/09/2022","AQS","360890005","1","3.6","ppb","4","Alcoa East","24","100.0000","42401","Sulfur dioxide","36300","Ogdensburg-Massena, NY","36","New York","089","St. Lawrence","44.9654120009432","-74.875"
"06/10/2022","AQS","360890005","1","9.2","ppb","13","Alcoa East","24","100.0000","42401","Sulfur dioxide","36300","Ogdensburg-Massena, NY","36","New York","089","St. Lawrence","44.9654120009432","-74.875"
"06/11/2022","AQS","360890005","1","3.4","ppb","4","Alcoa East","24","100.0000","42401","Sulfur dioxide","36300","Ogdensburg-Massena, NY","36","New York","089","St. Lawrence","44.9654120009432","-74.875"
"06/12/2022","AQS","360890005","1","1.5","ppb","1","Alcoa East","24","100.0000","42401","Sulfur dioxide","36300","Ogdensburg-Massena, NY","36","New York","089","St. Lawrence","44.9654120009432","-74.875"
"06/13/2022","AQS","360890005","1","2.5","ppb","3","Alcoa East","24","100.0000","42401","Sulfur dioxide","36300","Ogdensburg-Massena, NY","36","New York","089","St. Lawrence","44.9654120009432","-74.875"
"06/14/2022","AQS","360890005","1","4.9","ppb","6","Alcoa East","24","100.0000","42401","Sulfur dioxide","36300","Ogdensburg-Massena, NY","36","New York","089","St. Lawrence","44.9654120009432","-74.875"
"06/15/2022","AQS","360890005","1","1.6","ppb","1","Alcoa East","21","88.0000","42401","Sulfur dioxide","36300","Ogdensburg-Massena, NY","36","New York","089","St. Lawrence","44.9654120009432","-74.875"
"06/16/2022","AQS","360890005","1","0.6","ppb","0","Alcoa East","24","100.0000","42401","Sulfur dioxide","36300","Ogdensburg-Massena, NY","36","New York","089","St. Lawrence","44.9654120009432","-74.875"
"06/17/2022","AQS","360890005","1","17.4","ppb","24","Alcoa East","24","100.0000","42401","Sulfur dioxide","36300","Ogdensburg-Massena, NY","36","New York","089","St. Lawrence","44.9654120009432","-74.875"
"06/18/2022","AQS","360890005","1","0.8","ppb","0","Alcoa East","24","100.0000","42401","Sulfur dioxide","36300","Ogdensburg-Massena, NY","36","New York","089","St. Lawrence","44.9654120009432","-74.875"
"06/19/2022","AQS","360890005","1","0.7","ppb","0","Alcoa East","24","100.0000","42401","Sulfur dioxide","36300","Ogdensburg-Massena, NY","36","New York","089","St. Lawrence","44.9654120009432","-74.875"
"06/20/2022","AQS","360890005","1","17.5","ppb","24","Alcoa East","24","100.0000","42401","Sulfur dioxide","36300","Ogdensburg-Massena, NY","36","New York","089","St. Lawrence","44.9654120009432","-74.875"
"06/21/2022","AQS","360890005","1","1.8","ppb","1","Alcoa East","24","100.0000","42401","Sulfur dioxide","36300","Ogdensburg-Massena, NY","36","New York","089","St. Lawrence","44.9654120009432","-74.875"
"06/22/2022","AQS","360890005","1","0.8","ppb","0","Alcoa East","24","100.0000","42401","Sulfur dioxide","36300","Ogdensburg-Massena, NY","36","New York","089","St. Lawrence","44.9654120009432","-74.875"
"06/23/2022","AQS","360890005","1","0.7","ppb","0","Alcoa East","24","100.0000","42401","Sulfur dioxide","36300","Ogdensburg-Massena, NY","36","New York","089","St. Lawrence","44.9654120009432","-74.875"
"06/24/2022","AQS","360890005","1","1.4","ppb","1","Alcoa East","24","100.0000","42401","Sulfur dioxide","36300","Ogdensburg-Massena, NY","36","New York","089","St. Lawrence","44.9654120009432","-74.875"
"06/25/2022","AQS","360890005","1","5","ppb","7","Alcoa East","24","100.0000","42401","Sulfur dioxide","36300","Ogdensburg-Massena, NY","36","New York","089","St. Lawrence","44.9654120009432","-74.875"
"06/26/2022","AQS","360890005","1","11.8","ppb","16","Alcoa East","24","100.0000","42401","Sulfur dioxide","36300","Ogdensburg-Massena, NY","36","New York","089","St. Lawrence","44.9654120009432","-74.875"
"06/27/2022","AQS","360890005","1","11.2","ppb","16","Alcoa East","24","100.0000","42401","Sulfur dioxide","36300","Ogdensburg-Massena, NY","36","New York","089","St. Lawrence","44.9654120009432","-74.875"
"06/28/2022","AQS","360890005","1","3.6","ppb","4","Alcoa East","24","100.0000","42401","Sulfur dioxide","36300","Ogdensburg-Massena, NY","36","New York","089","St. Lawrence","44.9654120009432","-74.875"
"06/29/2022","AQS","360890005","1","3.3","ppb","4","Alcoa East","24","100.0000","42401","Sulfur dioxide","36300","Ogdensburg-Massena, NY","36","New York","089","St. Lawrence","44.9654120009432","-74.875"
"06/30/2022","AQS","360890005","1","1.3","ppb","1","Alcoa East","24","100.0000","42401","Sulfur dioxide","36300","Ogdensburg-Massena, NY","36","New York","089","St. Lawrence","44.9654120009432","-74.875"
"07/01/2022","AQS","360890005","1","8.8","ppb","11","Alcoa East","23","96.0000","42401","Sulfur dioxide","36300","Ogdensburg-Massena, NY","36","New York","089","St. Lawrence","44.9654120009432","-74.875"
"07/02/2022","AQS","360890005","1","15.2","ppb","21","Alcoa East","24","100.0000","42401","Sulfur dioxide","36300","Ogdensburg-Massena, NY","36","New York","089","St. Lawrence","44.9654120009432","-74.875"
"07/03/2022","AQS","360890005","1","23.4","ppb","33","Alcoa East","24","100.0000","42401","Sulfur dioxide","36300","Ogdensburg-Massena, NY","36","New York","089","St. Lawrence","44.9654120009432","-74.875"
"07/04/2022","AQS","360890005","1","5.4","ppb","7","Alcoa East","24","100.0000","42401","Sulfur dioxide","36300","Ogdensburg-Massena, NY","36","New York","089","St. Lawrence","44.9654120009432","-74.875"
"07/05/2022","AQS","360890005","1","0.7","ppb","0","Alcoa East","24","100.0000","42401","Sulfur dioxide","36300","Ogdensburg-Massena, NY","36","New York","089","St. Lawrence","44.9654120009432","-74.875"
"07/06/2022","AQS","360890005","1","0.7","ppb","0","Alcoa East","24","100.0000","42401","Sulfur dioxide","36300","Ogdensburg-Massena, NY","36","New York","089","St. Lawrence","44.9654120009432","-74.875"
"07/07/2022","AQS","360890005","1","3.9","ppb","4","Alcoa East","22","92.0000","42401","Sulfur dioxide","36300","Ogdensburg-Massena, NY","36","New York","089","St. Lawrence","44.9654120009432","-74.875"
"07/08/2022","AQS","360890005","1","5.6","ppb","7","Alcoa East","24","100.0000","42401","Sulfur dioxide","36300","Ogdensburg-Massena, NY","36","New York","089","St. Lawrence","44.9654120009432","-74.875"
"07/09/2022","AQS","360890005","1","0.9","ppb","0","Alcoa East","24","100.0000","42401","Sulfur dioxide","36300","Ogdensburg-Massena, NY","36","New York","089","St. Lawrence","44.9654120009432","-74.875"
"07/10/2022","AQS","360890005","1","2.4","ppb","3","Alcoa East","24","100.0000","42401","Sulfur dioxide","36300","Ogdensburg-Massena, NY","36","New York","089","St. Lawrence","44.9654120009432","-74.875"
"07/11/2022","AQS","360890005","1","0.9","ppb","0","Alcoa East","24","100.0000","42401","Sulfur dioxide","36300","Ogdensburg-Massena, NY","36","New York","089","St. Lawrence","44.9654120009432","-74.875"
"07/12/2022","AQS","360890005","1","8.9","ppb","11","Alcoa East","24","100.0000","42401","Sulfur dioxide","36300","Ogdensburg-Massena, NY","36","New York","089","St. Lawrence","44.9654120009432","-74.875"
"07/13/2022","AQS","360890005","1","4.2","ppb","6","Alcoa East","24","100.0000","42401","Sulfur dioxide","36300","Ogdensburg-Massena, NY","36","New York","089","St. Lawrence","44.9654120009432","-74.875"
"07/14/2022","AQS","360890005","1","3","ppb","4","Alcoa East","24","100.0000","42401","Sulfur dioxide","36300","Ogdensburg-Massena, NY","36","New York","089","St. Lawrence","44.9654120009432","-74.875"
"07/15/2022","AQS","360890005","1","5.1","ppb","7","Alcoa East","24","100.0000","42401","Sulfur dioxide","36300","Ogdensburg-Massena, NY","36","New York","089","St. Lawrence","44.9654120009432","-74.875"
"07/16/2022","AQS","360890005","1","4.7","ppb","6","Alcoa East","24","100.0000","42401","Sulfur dioxide","36300","Ogdensburg-Massena, NY","36","New York","089","St. Lawrence","44.9654120009432","-74.875"
"07/17/2022","AQS","360890005","1","1.2","ppb","1","Alcoa East","24","100.0000","42401","Sulfur dioxide","36300","Ogdensburg-Massena, NY","36","New York","089","St. Lawrence","44.9654120009432","-74.875"
"07/18/2022","AQS","360890005","1","0.6","ppb","0","Alcoa East","24","100.0000","42401","Sulfur dioxide","36300","Ogdensburg-Massena, NY","36","New York","089","St. Lawrence","44.9654120009432","-74.875"
"07/19/2022","AQS","360890005","1","8.9","ppb","11","Alcoa East","24","100.0000","42401","Sulfur dioxide","36300","Ogdensburg-Massena, NY","36","New York","089","St. Lawrence","44.9654120009432","-74.875"
"07/20/2022","AQS","360890005","1","5","ppb","7","Alcoa East","24","100.0000","42401","Sulfur dioxide","36300","Ogdensburg-Massena, NY","36","New York","089","St. Lawrence","44.9654120009432","-74.875"
"07/21/2022","AQS","360890005","1","14.7","ppb","20","Alcoa East","24","100.0000","42401","Sulfur dioxide","36300","Ogdensburg-Massena, NY","36","New York","089","St. Lawrence","44.9654120009432","-74.875"
"07/22/2022","AQS","360890005","1","9.1","ppb","13","Alcoa East","24","100.0000","42401","Sulfur dioxide","36300","Ogdensburg-Massena, NY","36","New York","089","St. Lawrence","44.9654120009432","-74.875"
"07/23/2022","AQS","360890005","1","7.6","ppb","10","Alcoa East","24","100.0000","42401","Sulfur dioxide","36300","Ogdensburg-Massena, NY","36","New York","089","St. Lawrence","44.9654120009432","-74.875"
"07/24/2022","AQS","360890005","1","0.9","ppb","0","Alcoa East","24","100.0000","42401","Sulfur dioxide","36300","Ogdensburg-Massena, NY","36","New York","089","St. Lawrence","44.9654120009432","-74.875"
"07/25/2022","AQS","360890005","1","15.1","ppb","21","Alcoa East","24","100.0000","42401","Sulfur dioxide","36300","Ogdensburg-Massena, NY","36","New York","089","St. Lawrence","44.9654120009432","-74.875"
"07/26/2022","AQS","360890005","1","7.1","ppb","10","Alcoa East","24","100.0000","42401","Sulfur dioxide","36300","Ogdensburg-Massena, NY","36","New York","089","St. Lawrence","44.9654120009432","-74.875"
"07/27/2022","AQS","360890005","1","7.7","ppb","10","Alcoa East","24","100.0000","42401","Sulfur dioxide","36300","Ogdensburg-Massena, NY","36","New York","089","St. Lawrence","44.9654120009432","-74.875"
"07/28/2022","AQS","360890005","1","1.6","ppb","1","Alcoa East","24","100.0000","42401","Sulfur dioxide","36300","Ogdensburg-Massena, NY","36","New York","089","St. Lawrence","44.9654120009432","-74.875"
"07/29/2022","AQS","360890005","1","11","ppb","16","Alcoa East","24","100.0000","42401","Sulfur dioxide","36300","Ogdensburg-Massena, NY","36","New York","089","St. Lawrence","44.9654120009432","-74.875"
"07/30/2022","AQS","360890005","1","9.9","ppb","13","Alcoa East","24","100.0000","42401","Sulfur dioxide","36300","Ogdensburg-Massena, NY","36","New York","089","St. Lawrence","44.9654120009432","-74.875"
"07/31/2022","AQS","360890005","1","6.4","ppb","9","Alcoa East","24","100.0000","42401","Sulfur dioxide","36300","Ogdensburg-Massena, NY","36","New York","089","St. Lawrence","44.9654120009432","-74.875"
"08/01/2022","AQS","360890005","1","1","ppb","1","Alcoa East","24","100.0000","42401","Sulfur dioxide","36300","Ogdensburg-Massena, NY","36","New York","089","St. Lawrence","44.9654120009432","-74.875"
"08/02/2022","AQS","360890005","1","5.3","ppb","7","Alcoa East","24","100.0000","42401","Sulfur dioxide","36300","Ogdensburg-Massena, NY","36","New York","089","St. Lawrence","44.9654120009432","-74.875"
"08/03/2022","AQS","360890005","1","2.1","ppb","3","Alcoa East","24","100.0000","42401","Sulfur dioxide","36300","Ogdensburg-Massena, NY","36","New York","089","St. Lawrence","44.9654120009432","-74.875"
"08/04/2022","AQS","360890005","1","5.4","ppb","7","Alcoa East","24","100.0000","42401","Sulfur dioxide","36300","Ogdensburg-Massena, NY","36","New York","089","St. Lawrence","44.9654120009432","-74.875"
"08/05/2022","AQS","360890005","1","3.7","ppb","4","Alcoa East","24","100.0000","42401","Sulfur dioxide","36300","Ogdensburg-Massena, NY","36","New York","089","St. Lawrence","44.9654120009432","-74.875"
"08/06/2022","AQS","360890005","1","3.3","ppb","4","Alcoa East","24","100.0000","42401","Sulfur dioxide","36300","Ogdensburg-Massena, NY","36","New York","089","St. Lawrence","44.9654120009432","-74.875"
"08/07/2022","AQS","360890005","1","0.7","ppb","0","Alcoa East","24","100.0000","42401","Sulfur dioxide","36300","Ogdensburg-Massena, NY","36","New York","089","St. Lawrence","44.9654120009432","-74.875"
"08/08/2022","AQS","360890005","1","2.4","ppb","3","Alcoa East","24","100.0000","42401","Sulfur dioxide","36300","Ogdensburg-Massena, NY","36","New York","089","St. Lawrence","44.9654120009432","-74.875"
"08/09/2022","AQS","360890005","1","0.7","ppb","0","Alcoa East","23","96.0000","42401","Sulfur dioxide","36300","Ogdensburg-Massena, NY","36","New York","089","St. Lawrence","44.9654120009432","-74.875"
"08/10/2022","AQS","360890005","1","2.9","ppb","3","Alcoa East","24","100.0000","42401","Sulfur dioxide","36300","Ogdensburg-Massena, NY","36","New York","089","St. Lawrence","44.9654120009432","-74.875"
"08/11/2022","AQS","360890005","1","4.9","ppb","6","Alcoa East","24","100.0000","42401","Sulfur dioxide","36300","Ogdensburg-Massena, NY","36","New York","089","St. Lawrence","44.9654120009432","-74.875"
"08/12/2022","AQS","360890005","1","0.8","ppb","0","Alcoa East","24","100.0000","42401","Sulfur dioxide","36300","Ogdensburg-Massena, NY","36","New York","089","St. Lawrence","44.9654120009432","-74.875"
"08/13/2022","AQS","360890005","1","10.7","ppb","14","Alcoa East","24","100.0000","42401","Sulfur dioxide","36300","Ogdensburg-Massena, NY","36","New York","089","St. Lawrence","44.9654120009432","-74.875"
"08/14/2022","AQS","360890005","1","5.3","ppb","7","Alcoa East","24","100.0000","42401","Sulfur dioxide","36300","Ogdensburg-Massena, NY","36","New York","089","St. Lawrence","44.9654120009432","-74.875"
"08/15/2022","AQS","360890005","1","7.7","ppb","10","Alcoa East","24","100.0000","42401","Sulfur dioxide","36300","Ogdensburg-Massena, NY","36","New York","089","St. Lawrence","44.9654120009432","-74.875"
"08/16/2022","AQS","360890005","1","1.5","ppb","1","Alcoa East","24","100.0000","42401","Sulfur dioxide","36300","Ogdensburg-Massena, NY","36","New York","089","St. Lawrence","44.9654120009432","-74.875"
"08/17/2022","AQS","360890005","1","1.4","ppb","1","Alcoa East","24","100.0000","42401","Sulfur dioxide","36300","Ogdensburg-Massena, NY","36","New York","089","St. Lawrence","44.9654120009432","-74.875"
"08/18/2022","AQS","360890005","1","1.8","ppb","1","Alcoa East","24","100.0000","42401","Sulfur dioxide","36300","Ogdensburg-Massena, NY","36","New York","089","St. Lawrence","44.9654120009432","-74.875"
"08/19/2022","AQS","360890005","1","3.4","ppb","4","Alcoa East","24","100.0000","42401","Sulfur dioxide","36300","Ogdensburg-Massena, NY","36","New York","089","St. Lawrence","44.9654120009432","-74.875"
"08/20/2022","AQS","360890005","1","2.8","ppb","3","Alcoa East","24","100.0000","42401","Sulfur dioxide","36300","Ogdensburg-Massena, NY","36","New York","089","St. Lawrence","44.9654120009432","-74.875"
"08/21/2022","AQS","360890005","1","5.4","ppb","7","Alcoa East","24","100.0000","42401","Sulfur dioxide","36300","Ogdensburg-Massena, NY","36","New York","089","St. Lawrence","44.9654120009432","-74.875"
"08/22/2022","AQS","360890005","1","1.8","ppb","1","Alcoa East","24","100.0000","42401","Sulfur dioxide","36300","Ogdensburg-Massena, NY","36","New York","089","St. Lawrence","44.9654120009432","-74.875"
"08/23/2022","AQS","360890005","1","0.8","ppb","0","Alcoa East","24","100.0000","42401","Sulfur dioxide","36300","Ogdensburg-Massena, NY","36","New York","089","St. Lawrence","44.9654120009432","-74.875"
"08/24/2022","AQS","360890005","1","3.1","ppb","4","Alcoa East","24","100.0000","42401","Sulfur dioxide","36300","Ogdensburg-Massena, NY","36","New York","089","St. Lawrence","44.9654120009432","-74.875"
"08/25/2022","AQS","360890005","1","0.8","ppb","0","Alcoa East","24","100.0000","42401","Sulfur dioxide","36300","Ogdensburg-Massena, NY","36","New York","089","St. Lawrence","44.9654120009432","-74.875"
"08/26/2022","AQS","360890005","1","1.9","ppb","1","Alcoa East","24","100.0000","42401","Sulfur dioxide","36300","Ogdensburg-Massena, NY","36","New York","089","St. Lawrence","44.9654120009432","-74.875"
"08/27/2022","AQS","360890005","1","1","ppb","1","Alcoa East","24","100.0000","42401","Sulfur dioxide","36300","Ogdensburg-Massena, NY","36","New York","089","St. Lawrence","44.9654120009432","-74.875"
"08/28/2022","AQS","360890005","1","1.1","ppb","1","Alcoa East","24","100.0000","42401","Sulfur dioxide","36300","Ogdensburg-Massena, NY","36","New York","089","St. Lawrence","44.9654120009432","-74.875"
"08/29/2022","AQS","360890005","1","0.8","ppb","0","Alcoa East","24","100.0000","42401","Sulfur dioxide","36300","Ogdensburg-Massena, NY","36","New York","089","St. Lawrence","44.9654120009432","-74.875"
"08/30/2022","AQS","360890005","1","0.8","ppb","0","Alcoa East","24","100.0000","42401","Sulfur dioxide","36300","Ogdensburg-Massena, NY","36","New York","089","St. Lawrence","44.9654120009432","-74.875"
"08/31/2022","AQS","360890005","1","12.4","ppb","17","Alcoa East","24","100.0000","42401","Sulfur dioxide","36300","Ogdensburg-Massena, NY","36","New York","089","St. Lawrence","44.9654120009432","-74.875"
"09/01/2022","AQS","360890005","1","0.8","ppb","0","Alcoa East","24","100.0000","42401","Sulfur dioxide","36300","Ogdensburg-Massena, NY","36","New York","089","St. Lawrence","44.9654120009432","-74.875"
"09/02/2022","AQS","360890005","1","1.7","ppb","1","Alcoa East","24","100.0000","42401","Sulfur dioxide","36300","Ogdensburg-Massena, NY","36","New York","089","St. Lawrence","44.9654120009432","-74.875"
"09/03/2022","AQS","360890005","1","1.3","ppb","1","Alcoa East","24","100.0000","42401","Sulfur dioxide","36300","Ogdensburg-Massena, NY","36","New York","089","St. Lawrence","44.9654120009432","-74.875"
"09/04/2022","AQS","360890005","1","0.8","ppb","0","Alcoa East","24","100.0000","42401","Sulfur dioxide","36300","Ogdensburg-Massena, NY","36","New York","089","St. Lawrence","44.9654120009432","-74.875"
"09/05/2022","AQS","360890005","1","1.4","ppb","1","Alcoa East","24","100.0000","42401","Sulfur dioxide","36300","Ogdensburg-Massena, NY","36","New York","089","St. Lawrence","44.9654120009432","-74.875"
"09/06/2022","AQS","360890005","1","1.2","ppb","1","Alcoa East","24","100.0000","42401","Sulfur dioxide","36300","Ogdensburg-Massena, NY","36","New York","089","St. Lawrence","44.9654120009432","-74.875"
"09/07/2022","AQS","360890005","1","1","ppb","1","Alcoa East","24","100.0000","42401","Sulfur dioxide","36300","Ogdensburg-Massena, NY","36","New York","089","St. Lawrence","44.9654120009432","-74.875"
"09/08/2022","AQS","360890005","1","10.6","ppb","14","Alcoa East","24","100.0000","42401","Sulfur dioxide","36300","Ogdensburg-Massena, NY","36","New York","089","St. Lawrence","44.9654120009432","-74.875"
"09/09/2022","AQS","360890005","1","2.7","ppb","3","Alcoa East","24","100.0000","42401","Sulfur dioxide","36300","Ogdensburg-Massena, NY","36","New York","089","St. Lawrence","44.9654120009432","-74.875"
"09/10/2022","AQS","360890005","1","3.8","ppb","4","Alcoa East","24","100.0000","42401","Sulfur dioxide","36300","Ogdensburg-Massena, NY","36","New York","089","St. Lawrence","44.9654120009432","-74.875"
"09/11/2022","AQS","360890005","1","1.1","ppb","1","Alcoa East","24","100.0000","42401","Sulfur dioxide","36300","Ogdensburg-Massena, NY","36","New York","089","St. Lawrence","44.9654120009432","-74.875"
"09/12/2022","AQS","360890005","1","0.7","ppb","0","Alcoa East","24","100.0000","42401","Sulfur dioxide","36300","Ogdensburg-Massena, NY","36","New York","089","St. Lawrence","44.9654120009432","-74.875"
"09/13/2022","AQS","360890005","1","1.7","ppb","1","Alcoa East","24","100.0000","42401","Sulfur dioxide","36300","Ogdensburg-Massena, NY","36","New York","089","St. Lawrence","44.9654120009432","-74.875"
"09/14/2022","AQS","360890005","1","10.8","ppb","14","Alcoa East","24","100.0000","42401","Sulfur dioxide","36300","Ogdensburg-Massena, NY","36","New York","089","St. Lawrence","44.9654120009432","-74.875"
"09/15/2022","AQS","360890005","1","2.3","ppb","3","Alcoa East","23","96.0000","42401","Sulfur dioxide","36300","Ogdensburg-Massena, NY","36","New York","089","St. Lawrence","44.9654120009432","-74.875"
"09/16/2022","AQS","360890005","1","1.9","ppb","1","Alcoa East","24","100.0000","42401","Sulfur dioxide","36300","Ogdensburg-Massena, NY","36","New York","089","St. Lawrence","44.9654120009432","-74.875"
"09/17/2022","AQS","360890005","1","0.3","ppb","0","Alcoa East","24","100.0000","42401","Sulfur dioxide","36300","Ogdensburg-Massena, NY","36","New York","089","St. Lawrence","44.9654120009432","-74.875"
"09/18/2022","AQS","360890005","1","2.1","ppb","3","Alcoa East","24","100.0000","42401","Sulfur dioxide","36300","Ogdensburg-Massena, NY","36","New York","089","St. Lawrence","44.9654120009432","-74.875"
"09/19/2022","AQS","360890005","1","0.3","ppb","0","Alcoa East","24","100.0000","42401","Sulfur dioxide","36300","Ogdensburg-Massena, NY","36","New York","089","St. Lawrence","44.9654120009432","-74.875"
"09/20/2022","AQS","360890005","1","0.1","ppb","0","Alcoa East","24","100.0000","42401","Sulfur dioxide","36300","Ogdensburg-Massena, NY","36","New York","089","St. Lawrence","44.9654120009432","-74.875"
"09/21/2022","AQS","360890005","1","0.2","ppb","0","Alcoa East","24","100.0000","42401","Sulfur dioxide","36300","Ogdensburg-Massena, NY","36","New York","089","St. Lawrence","44.9654120009432","-74.875"
"09/22/2022","AQS","360890005","1","5.8","ppb","7","Alcoa East","24","100.0000","42401","Sulfur dioxide","36300","Ogdensburg-Massena, NY","36","New York","089","St. Lawrence","44.9654120009432","-74.875"
"09/23/2022","AQS","360890005","1","0.7","ppb","0","Alcoa East","24","100.0000","42401","Sulfur dioxide","36300","Ogdensburg-Massena, NY","36","New York","089","St. Lawrence","44.9654120009432","-74.875"
"09/24/2022","AQS","360890005","1","9.6","ppb","13","Alcoa East","24","100.0000","42401","Sulfur dioxide","36300","Ogdensburg-Massena, NY","36","New York","089","St. Lawrence","44.9654120009432","-74.875"
"09/25/2022","AQS","360890005","1","0.4","ppb","0","Alcoa East","24","100.0000","42401","Sulfur dioxide","36300","Ogdensburg-Massena, NY","36","New York","089","St. Lawrence","44.9654120009432","-74.875"
"09/26/2022","AQS","360890005","1","3.9","ppb","4","Alcoa East","24","100.0000","42401","Sulfur dioxide","36300","Ogdensburg-Massena, NY","36","New York","089","St. Lawrence","44.9654120009432","-74.875"
"09/27/2022","AQS","360890005","1","10.3","ppb","14","Alcoa East","24","100.0000","42401","Sulfur dioxide","36300","Ogdensburg-Massena, NY","36","New York","089","St. Lawrence","44.9654120009432","-74.875"
"09/28/2022","AQS","360890005","1","0.3","ppb","0","Alcoa East","24","100.0000","42401","Sulfur dioxide","36300","Ogdensburg-Massena, NY","36","New York","089","St. Lawrence","44.9654120009432","-74.875"
"09/29/2022","AQS","360890005","1","3.2","ppb","4","Alcoa East","24","100.0000","42401","Sulfur dioxide","36300","Ogdensburg-Massena, NY","36","New York","089","St. Lawrence","44.9654120009432","-74.875"
"09/30/2022","AQS","360890005","1","11.8","ppb","16","Alcoa East","24","100.0000","42401","Sulfur dioxide","36300","Ogdensburg-Massena, NY","36","New York","089","St. Lawrence","44.9654120009432","-74.875"
"10/01/2022","AQS","360890005","1","4.1","ppb","6","Alcoa East","24","100.0000","42401","Sulfur dioxide","36300","Ogdensburg-Massena, NY","36","New York","089","St. Lawrence","44.9654120009432","-74.875"
"10/02/2022","AQS","360890005","1","0.5","ppb","0","Alcoa East","24","100.0000","42401","Sulfur dioxide","36300","Ogdensburg-Massena, NY","36","New York","089","St. Lawrence","44.9654120009432","-74.875"
"10/03/2022","AQS","360890005","1","0.9","ppb","0","Alcoa East","24","100.0000","42401","Sulfur dioxide","36300","Ogdensburg-Massena, NY","36","New York","089","St. Lawrence","44.9654120009432","-74.875"
"10/04/2022","AQS","360890005","1","2.3","ppb","3","Alcoa East","24","100.0000","42401","Sulfur dioxide","36300","Ogdensburg-Massena, NY","36","New York","089","St. Lawrence","44.9654120009432","-74.875"
"10/05/2022","AQS","360890005","1","25.5","ppb","36","Alcoa East","24","100.0000","42401","Sulfur dioxide","36300","Ogdensburg-Massena, NY","36","New York","089","St. Lawrence","44.9654120009432","-74.875"
"10/06/2022","AQS","360890005","1","3","ppb","4","Alcoa East","24","100.0000","42401","Sulfur dioxide","36300","Ogdensburg-Massena, NY","36","New York","089","St. Lawrence","44.9654120009432","-74.875"
"10/07/2022","AQS","360890005","1","1.3","ppb","1","Alcoa East","24","100.0000","42401","Sulfur dioxide","36300","Ogdensburg-Massena, NY","36","New York","089","St. Lawrence","44.9654120009432","-74.875"
"10/08/2022","AQS","360890005","1","16","ppb","23","Alcoa East","24","100.0000","42401","Sulfur dioxide","36300","Ogdensburg-Massena, NY","36","New York","089","St. Lawrence","44.9654120009432","-74.875"
"10/09/2022","AQS","360890005","1","2.5","ppb","3","Alcoa East","24","100.0000","42401","Sulfur dioxide","36300","Ogdensburg-Massena, NY","36","New York","089","St. Lawrence","44.9654120009432","-74.875"
"10/10/2022","AQS","360890005","1","0.4","ppb","0","Alcoa East","24","100.0000","42401","Sulfur dioxide","36300","Ogdensburg-Massena, NY","36","New York","089","St. Lawrence","44.9654120009432","-74.875"
"10/11/2022","AQS","360890005","1","7.1","ppb","10","Alcoa East","24","100.0000","42401","Sulfur dioxide","36300","Ogdensburg-Massena, NY","36","New York","089","St. Lawrence","44.9654120009432","-74.875"
"10/12/2022","AQS","360890005","1","0.4","ppb","0","Alcoa East","24","100.0000","42401","Sulfur dioxide","36300","Ogdensburg-Massena, NY","36","New York","089","St. Lawrence","44.9654120009432","-74.875"
"10/13/2022","AQS","360890005","1","0.3","ppb","0","Alcoa East","24","100.0000","42401","Sulfur dioxide","36300","Ogdensburg-Massena, NY","36","New York","089","St. Lawrence","44.9654120009432","-74.875"
"10/14/2022","AQS","360890005","1","16.3","ppb","23","Alcoa East","24","100.0000","42401","Sulfur dioxide","36300","Ogdensburg-Massena, NY","36","New York","089","St. Lawrence","44.9654120009432","-74.875"
"10/15/2022","AQS","360890005","1","13.6","ppb","19","Alcoa East","24","100.0000","42401","Sulfur dioxide","36300","Ogdensburg-Massena, NY","36","New York","089","St. Lawrence","44.9654120009432","-74.875"
"10/16/2022","AQS","360890005","1","3","ppb","4","Alcoa East","24","100.0000","42401","Sulfur dioxide","36300","Ogdensburg-Massena, NY","36","New York","089","St. Lawrence","44.9654120009432","-74.875"
"10/17/2022","AQS","360890005","1","4.1","ppb","6","Alcoa East","24","100.0000","42401","Sulfur dioxide","36300","Ogdensburg-Massena, NY","36","New York","089","St. Lawrence","44.9654120009432","-74.875"
"10/18/2022","AQS","360890005","1","1.8","ppb","1","Alcoa East","24","100.0000","42401","Sulfur dioxide","36300","Ogdensburg-Massena, NY","36","New York","089","St. Lawrence","44.9654120009432","-74.875"
"10/19/2022","AQS","360890005","1","1.4","ppb","1","Alcoa East","24","100.0000","42401","Sulfur dioxide","36300","Ogdensburg-Massena, NY","36","New York","089","St. Lawrence","44.9654120009432","-74.875"
"10/20/2022","AQS","360890005","1","1.1","ppb","1","Alcoa East","24","100.0000","42401","Sulfur dioxide","36300","Ogdensburg-Massena, NY","36","New York","089","St. Lawrence","44.9654120009432","-74.875"
"10/21/2022","AQS","360890005","1","0.5","ppb","0","Alcoa East","24","100.0000","42401","Sulfur dioxide","36300","Ogdensburg-Massena, NY","36","New York","089","St. Lawrence","44.9654120009432","-74.875"
"10/22/2022","AQS","360890005","1","0.8","ppb","0","Alcoa East","24","100.0000","42401","Sulfur dioxide","36300","Ogdensburg-Massena, NY","36","New York","089","St. Lawrence","44.9654120009432","-74.875"
"10/23/2022","AQS","360890005","1","1.1","ppb","1","Alcoa East","24","100.0000","42401","Sulfur dioxide","36300","Ogdensburg-Massena, NY","36","New York","089","St. Lawrence","44.9654120009432","-74.875"
"10/24/2022","AQS","360890005","1","1.2","ppb","1","Alcoa East","24","100.0000","42401","Sulfur dioxide","36300","Ogdensburg-Massena, NY","36","New York","089","St. Lawrence","44.9654120009432","-74.875"
"10/25/2022","AQS","360890005","1","0.6","ppb","0","Alcoa East","24","100.0000","42401","Sulfur dioxide","36300","Ogdensburg-Massena, NY","36","New York","089","St. Lawrence","44.9654120009432","-74.875"
"10/26/2022","AQS","360890005","1","1","ppb","1","Alcoa East","24","100.0000","42401","Sulfur dioxide","36300","Ogdensburg-Massena, NY","36","New York","089","St. Lawrence","44.9654120009432","-74.875"
"10/27/2022","AQS","360890005","1","1.2","ppb","1","Alcoa East","24","100.0000","42401","Sulfur dioxide","36300","Ogdensburg-Massena, NY","36","New York","089","St. Lawrence","44.9654120009432","-74.875"
"10/28/2022","AQS","360890005","1","0.6","ppb","0","Alcoa East","24","100.0000","42401","Sulfur dioxide","36300","Ogdensburg-Massena, NY","36","New York","089","St. Lawrence","44.9654120009432","-74.875"
"10/29/2022","AQS","360890005","1","7.4","ppb","10","Alcoa East","24","100.0000","42401","Sulfur dioxide","36300","Ogdensburg-Massena, NY","36","New York","089","St. Lawrence","44.9654120009432","-74.875"
"10/30/2022","AQS","360890005","1","9.5","ppb","13","Alcoa East","24","100.0000","42401","Sulfur dioxide","36300","Ogdensburg-Massena, NY","36","New York","089","St. Lawrence","44.9654120009432","-74.875"
"10/31/2022","AQS","360890005","1","1","ppb","1","Alcoa East","24","100.0000","42401","Sulfur dioxide","36300","Ogdensburg-Massena, NY","36","New York","089","St. Lawrence","44.9654120009432","-74.875"
"11/01/2022","AQS","360890005","1","5.8","ppb","7","Alcoa East","24","100.0000","42401","Sulfur dioxide","36300","Ogdensburg-Massena, NY","36","New York","089","St. Lawrence","44.9654120009432","-74.875"
"11/02/2022","AQS","360890005","1","1","ppb","1","Alcoa East","24","100.0000","42401","Sulfur dioxide","36300","Ogdensburg-Massena, NY","36","New York","089","St. Lawrence","44.9654120009432","-74.875"
"11/03/2022","AQS","360890005","1","15.7","ppb","21","Alcoa East","24","100.0000","42401","Sulfur dioxide","36300","Ogdensburg-Massena, NY","36","New York","089","St. Lawrence","44.9654120009432","-74.875"
"11/04/2022","AQS","360890005","1","0.7","ppb","0","Alcoa East","24","100.0000","42401","Sulfur dioxide","36300","Ogdensburg-Massena, NY","36","New York","089","St. Lawrence","44.9654120009432","-74.875"
"11/05/2022","AQS","360890005","1","0.2","ppb","0","Alcoa East","24","100.0000","42401","Sulfur dioxide","36300","Ogdensburg-Massena, NY","36","New York","089","St. Lawrence","44.9654120009432","-74.875"
"11/06/2022","AQS","360890005","1","2.4","ppb","3","Alcoa East","24","100.0000","42401","Sulfur dioxide","36300","Ogdensburg-Massena, NY","36","New York","089","St. Lawrence","44.9654120009432","-74.875"
"11/07/2022","AQS","360890005","1","20.4","ppb","29","Alcoa East","24","100.0000","42401","Sulfur dioxide","36300","Ogdensburg-Massena, NY","36","New York","089","St. Lawrence","44.9654120009432","-74.875"
"11/08/2022","AQS","360890005","1","0.4","ppb","0","Alcoa East","24","100.0000","42401","Sulfur dioxide","36300","Ogdensburg-Massena, NY","36","New York","089","St. Lawrence","44.9654120009432","-74.875"
"11/09/2022","AQS","360890005","1","0.4","ppb","0","Alcoa East","24","100.0000","42401","Sulfur dioxide","36300","Ogdensburg-Massena, NY","36","New York","089","St. Lawrence","44.9654120009432","-74.875"
"11/10/2022","AQS","360890005","1","1.1","ppb","1","Alcoa East","24","100.0000","42401","Sulfur dioxide","36300","Ogdensburg-Massena, NY","36","New York","089","St. Lawrence","44.9654120009432","-74.875"
"11/11/2022","AQS","360890005","1","0.4","ppb","0","Alcoa East","24","100.0000","42401","Sulfur dioxide","36300","Ogdensburg-Massena, NY","36","New York","089","St. Lawrence","44.9654120009432","-74.875"
"11/12/2022","AQS","360890005","1","3.6","ppb","4","Alcoa East","24","100.0000","42401","Sulfur dioxide","36300","Ogdensburg-Massena, NY","36","New York","089","St. Lawrence","44.9654120009432","-74.875"
"11/13/2022","AQS","360890005","1","0.2","ppb","0","Alcoa East","24","100.0000","42401","Sulfur dioxide","36300","Ogdensburg-Massena, NY","36","New York","089","St. Lawrence","44.9654120009432","-74.875"
"11/14/2022","AQS","360890005","1","2.5","ppb","3","Alcoa East","24","100.0000","42401","Sulfur dioxide","36300","Ogdensburg-Massena, NY","36","New York","089","St. Lawrence","44.9654120009432","-74.875"
"11/15/2022","AQS","360890005","1","0.5","ppb","0","Alcoa East","24","100.0000","42401","Sulfur dioxide","36300","Ogdensburg-Massena, NY","36","New York","089","St. Lawrence","44.9654120009432","-74.875"
"11/16/2022","AQS","360890005","1","0.8","ppb","0","Alcoa East","24","100.0000","42401","Sulfur dioxide","36300","Ogdensburg-Massena, NY","36","New York","089","St. Lawrence","44.9654120009432","-74.875"
"11/17/2022","AQS","360890005","1","3","ppb","4","Alcoa East","24","100.0000","42401","Sulfur dioxide","36300","Ogdensburg-Massena, NY","36","New York","089","St. Lawrence","44.9654120009432","-74.875"
"11/18/2022","AQS","360890005","1","1.2","ppb","1","Alcoa East","24","100.0000","42401","Sulfur dioxide","36300","Ogdensburg-Massena, NY","36","New York","089","St. Lawrence","44.9654120009432","-74.875"
"11/19/2022","AQS","360890005","1","0.4","ppb","0","Alcoa East","24","100.0000","42401","Sulfur dioxide","36300","Ogdensburg-Massena, NY","36","New York","089","St. Lawrence","44.9654120009432","-74.875"
"11/20/2022","AQS","360890005","1","19.9","ppb","27","Alcoa East","24","100.0000","42401","Sulfur dioxide","36300","Ogdensburg-Massena, NY","36","New York","089","St. Lawrence","44.9654120009432","-74.875"
"11/21/2022","AQS","360890005","1","31.8","ppb","44","Alcoa East","24","100.0000","42401","Sulfur dioxide","36300","Ogdensburg-Massena, NY","36","New York","089","St. Lawrence","44.9654120009432","-74.875"
"11/22/2022","AQS","360890005","1","2.6","ppb","3","Alcoa East","24","100.0000","42401","Sulfur dioxide","36300","Ogdensburg-Massena, NY","36","New York","089","St. Lawrence","44.9654120009432","-74.875"
"11/23/2022","AQS","360890005","1","1.8","ppb","1","Alcoa East","24","100.0000","42401","Sulfur dioxide","36300","Ogdensburg-Massena, NY","36","New York","089","St. Lawrence","44.9654120009432","-74.875"
"11/24/2022","AQS","360890005","1","0.5","ppb","0","Alcoa East","24","100.0000","42401","Sulfur dioxide","36300","Ogdensburg-Massena, NY","36","New York","089","St. Lawrence","44.9654120009432","-74.875"
"11/25/2022","AQS","360890005","1","7.4","ppb","10","Alcoa East","24","100.0000","42401","Sulfur dioxide","36300","Ogdensburg-Massena, NY","36","New York","089","St. Lawrence","44.9654120009432","-74.875"
"11/26/2022","AQS","360890005","1","3.6","ppb","4","Alcoa East","24","100.0000","42401","Sulfur dioxide","36300","Ogdensburg-Massena, NY","36","New York","089","St. Lawrence","44.9654120009432","-74.875"
"11/27/2022","AQS","360890005","1","2.1","ppb","3","Alcoa East","24","100.0000","42401","Sulfur dioxide","36300","Ogdensburg-Massena, NY","36","New York","089","St. Lawrence","44.9654120009432","-74.875"
"11/28/2022","AQS","360890005","1","0.8","ppb","0","Alcoa East","24","100.0000","42401","Sulfur dioxide","36300","Ogdensburg-Massena, NY","36","New York","089","St. Lawrence","44.9654120009432","-74.875"
"11/29/2022","AQS","360890005","1","4.1","ppb","6","Alcoa East","24","100.0000","42401","Sulfur dioxide","36300","Ogdensburg-Massena, NY","36","New York","089","St. Lawrence","44.9654120009432","-74.875"
"11/30/2022","AQS","360890005","1","9.6","ppb","13","Alcoa East","24","100.0000","42401","Sulfur dioxide","36300","Ogdensburg-Massena, NY","36","New York","089","St. Lawrence","44.9654120009432","-74.875"
"12/01/2022","AQS","360890005","1","17.8","ppb","24","Alcoa East","23","96.0000","42401","Sulfur dioxide","36300","Ogdensburg-Massena, NY","36","New York","089","St. Lawrence","44.9654120009432","-74.875"
"12/02/2022","AQS","360890005","1","0.6","ppb","0","Alcoa East","24","100.0000","42401","Sulfur dioxide","36300","Ogdensburg-Massena, NY","36","New York","089","St. Lawrence","44.9654120009432","-74.875"
"12/03/2022","AQS","360890005","1","21.2","ppb","30","Alcoa East","24","100.0000","42401","Sulfur dioxide","36300","Ogdensburg-Massena, NY","36","New York","089","St. Lawrence","44.9654120009432","-74.875"
"12/04/2022","AQS","360890005","1","3.4","ppb","4","Alcoa East","24","100.0000","42401","Sulfur dioxide","36300","Ogdensburg-Massena, NY","36","New York","089","St. Lawrence","44.9654120009432","-74.875"
"12/05/2022","AQS","360890005","1","0.9","ppb","0","Alcoa East","24","100.0000","42401","Sulfur dioxide","36300","Ogdensburg-Massena, NY","36","New York","089","St. Lawrence","44.9654120009432","-74.875"
"12/06/2022","AQS","360890005","1","4.5","ppb","6","Alcoa East","24","100.0000","42401","Sulfur dioxide","36300","Ogdensburg-Massena, NY","36","New York","089","St. Lawrence","44.9654120009432","-74.875"
"12/07/2022","AQS","360890005","1","2.2","ppb","3","Alcoa East","24","100.0000","42401","Sulfur dioxide","36300","Ogdensburg-Massena, NY","36","New York","089","St. Lawrence","44.9654120009432","-74.875"
"12/08/2022","AQS","360890005","1","0.6","ppb","0","Alcoa East","24","100.0000","42401","Sulfur dioxide","36300","Ogdensburg-Massena, NY","36","New York","089","St. Lawrence","44.9654120009432","-74.875"
"12/09/2022","AQS","360890005","1","0.6","ppb","0","Alcoa East","24","100.0000","42401","Sulfur dioxide","36300","Ogdensburg-Massena, NY","36","New York","089","St. Lawrence","44.9654120009432","-74.875"
"12/10/2022","AQS","360890005","1","1","ppb","1","Alcoa East","24","100.0000","42401","Sulfur dioxide","36300","Ogdensburg-Massena, NY","36","New York","089","St. Lawrence","44.9654120009432","-74.875"
"12/11/2022","AQS","360890005","1","1.3","ppb","1","Alcoa East","24","100.0000","42401","Sulfur dioxide","36300","Ogdensburg-Massena, NY","36","New York","089","St. Lawrence","44.9654120009432","-74.875"
"12/12/2022","AQS","360890005","1","1.3","ppb","1","Alcoa East","24","100.0000","42401","Sulfur dioxide","36300","Ogdensburg-Massena, NY","36","New York","089","St. Lawrence","44.9654120009432","-74.875"
"12/13/2022","AQS","360890005","1","21.1","ppb","30","Alcoa East","24","100.0000","42401","Sulfur dioxide","36300","Ogdensburg-Massena, NY","36","New York","089","St. Lawrence","44.9654120009432","-74.875"
"12/14/2022","AQS","360890005","1","0.6","ppb","0","Alcoa East","24","100.0000","42401","Sulfur dioxide","36300","Ogdensburg-Massena, NY","36","New York","089","St. Lawrence","44.9654120009432","-74.875"
"12/15/2022","AQS","360890005","1","1.2","ppb","1","Alcoa East","22","92.0000","42401","Sulfur dioxide","36300","Ogdensburg-Massena, NY","36","New York","089","St. Lawrence","44.9654120009432","-74.875"
"12/16/2022","AQS","360890005","1","0.5","ppb","0","Alcoa East","24","100.0000","42401","Sulfur dioxide","36300","Ogdensburg-Massena, NY","36","New York","089","St. Lawrence","44.9654120009432","-74.875"
"12/17/2022","AQS","360890005","1","4.2","ppb","6","Alcoa East","24","100.0000","42401","Sulfur dioxide","36300","Ogdensburg-Massena, NY","36","New York","089","St. Lawrence","44.9654120009432","-74.875"
"12/18/2022","AQS","360890005","1","4.3","ppb","6","Alcoa East","24","100.0000","42401","Sulfur dioxide","36300","Ogdensburg-Massena, NY","36","New York","089","St. Lawrence","44.9654120009432","-74.875"
"12/19/2022","AQS","360890005","1","14.3","ppb","20","Alcoa East","24","100.0000","42401","Sulfur dioxide","36300","Ogdensburg-Massena, NY","36","New York","089","St. Lawrence","44.9654120009432","-74.875"
"12/20/2022","AQS","360890005","1","2.5","ppb","3","Alcoa East","24","100.0000","42401","Sulfur dioxide","36300","Ogdensburg-Massena, NY","36","New York","089","St. Lawrence","44.9654120009432","-74.875"
"12/21/2022","AQS","360890005","1","1.8","ppb","1","Alcoa East","24","100.0000","42401","Sulfur dioxide","36300","Ogdensburg-Massena, NY","36","New York","089","St. Lawrence","44.9654120009432","-74.875"
"12/22/2022","AQS","360890005","1","0.7","ppb","0","Alcoa East","24","100.0000","42401","Sulfur dioxide","36300","Ogdensburg-Massena, NY","36","New York","089","St. Lawrence","44.9654120009432","-74.875"
"12/23/2022","AQS","360890005","1","0.5","ppb","0","Alcoa East","24","100.0000","42401","Sulfur dioxide","36300","Ogdensburg-Massena, NY","36","New York","089","St. Lawrence","44.9654120009432","-74.875"
"12/24/2022","AQS","360890005","1","0.4","ppb","0","Alcoa East","24","100.0000","42401","Sulfur dioxide","36300","Ogdensburg-Massena, NY","36","New York","089","St. Lawrence","44.9654120009432","-74.875"
"12/25/2022","AQS","360890005","1","5.8","ppb","7","Alcoa East","24","100.0000","42401","Sulfur dioxide","36300","Ogdensburg-Massena, NY","36","New York","089","St. Lawrence","44.9654120009432","-74.875"
"12/26/2022","AQS","360890005","1","7.2","ppb","10","Alcoa East","24","100.0000","42401","Sulfur dioxide","36300","Ogdensburg-Massena, NY","36","New York","089","St. Lawrence","44.9654120009432","-74.875"
"12/27/2022","AQS","360890005","1","11.2","ppb","16","Alcoa East","24","100.0000","42401","Sulfur dioxide","36300","Ogdensburg-Massena, NY","36","New York","089","St. Lawrence","44.9654120009432","-74.875"
"12/28/2022","AQS","360890005","1","0.9","ppb","0","Alcoa East","24","100.0000","42401","Sulfur dioxide","36300","Ogdensburg-Massena, NY","36","New York","089","St. Lawrence","44.9654120009432","-74.875"
"12/29/2022","AQS","360890005","1","1.4","ppb","1","Alcoa East","24","100.0000","42401","Sulfur dioxide","36300","Ogdensburg-Massena, NY","36","New York","089","St. Lawrence","44.9654120009432","-74.875"
"12/30/2022","AQS","360890005","1","0.5","ppb","0","Alcoa East","24","100.0000","42401","Sulfur dioxide","36300","Ogdensburg-Massena, NY","36","New York","089","St. Lawrence","44.9654120009432","-74.875"
"12/31/2022","AQS","360890005","1","1.9","ppb","1","Alcoa East","24","100.0000","42401","Sulfur dioxide","36300","Ogdensburg-Massena, NY","36","New York","089","St. Lawrence","44.9654120009432","-74.875"
"01/01/2022","AQS","361010003","2","0","ppb","0","PINNACLE STATE PARK","24","100.0000","42401","Sulfur dioxide","18500","Corning, NY","36","New York","101","Steuben","42.09142","-77.20978"
"01/02/2022","AQS","361010003","2","0","ppb","0","PINNACLE STATE PARK","24","100.0000","42401","Sulfur dioxide","18500","Corning, NY","36","New York","101","Steuben","42.09142","-77.20978"
"01/03/2022","AQS","361010003","2","0","ppb","0","PINNACLE STATE PARK","23","96.0000","42401","Sulfur dioxide","18500","Corning, NY","36","New York","101","Steuben","42.09142","-77.20978"
"01/04/2022","AQS","361010003","2","0.5","ppb","0","PINNACLE STATE PARK","24","100.0000","42401","Sulfur dioxide","18500","Corning, NY","36","New York","101","Steuben","42.09142","-77.20978"
"01/05/2022","AQS","361010003","2","0.2","ppb","0","PINNACLE STATE PARK","24","100.0000","42401","Sulfur dioxide","18500","Corning, NY","36","New York","101","Steuben","42.09142","-77.20978"
"01/06/2022","AQS","361010003","2","0","ppb","0","PINNACLE STATE PARK","22","92.0000","42401","Sulfur dioxide","18500","Corning, NY","36","New York","101","Steuben","42.09142","-77.20978"
"01/07/2022","AQS","361010003","2","0.4","ppb","0","PINNACLE STATE PARK","24","100.0000","42401","Sulfur dioxide","18500","Corning, NY","36","New York","101","Steuben","42.09142","-77.20978"
"01/08/2022","AQS","361010003","2","0.3","ppb","0","PINNACLE STATE PARK","24","100.0000","42401","Sulfur dioxide","18500","Corning, NY","36","New York","101","Steuben","42.09142","-77.20978"
"01/09/2022","AQS","361010003","2","0.2","ppb","0","PINNACLE STATE PARK","24","100.0000","42401","Sulfur dioxide","18500","Corning, NY","36","New York","101","Steuben","42.09142","-77.20978"
"01/10/2022","AQS","361010003","2","0.2","ppb","0","PINNACLE STATE PARK","24","100.0000","42401","Sulfur dioxide","18500","Corning, NY","36","New York","101","Steuben","42.09142","-77.20978"
"01/11/2022","AQS","361010003","2","0.7","ppb","0","PINNACLE STATE PARK","24","100.0000","42401","Sulfur dioxide","18500","Corning, NY","36","New York","101","Steuben","42.09142","-77.20978"
"01/12/2022","AQS","361010003","2","0.7","ppb","0","PINNACLE STATE PARK","24","100.0000","42401","Sulfur dioxide","18500","Corning, NY","36","New York","101","Steuben","42.09142","-77.20978"
"01/13/2022","AQS","361010003","2","1.3","ppb","1","PINNACLE STATE PARK","24","100.0000","42401","Sulfur dioxide","18500","Corning, NY","36","New York","101","Steuben","42.09142","-77.20978"
"01/14/2022","AQS","361010003","2","0.3","ppb","0","PINNACLE STATE PARK","22","92.0000","42401","Sulfur dioxide","18500","Corning, NY","36","New York","101","Steuben","42.09142","-77.20978"
"01/15/2022","AQS","361010003","2","0.3","ppb","0","PINNACLE STATE PARK","24","100.0000","42401","Sulfur dioxide","18500","Corning, NY","36","New York","101","Steuben","42.09142","-77.20978"
"01/16/2022","AQS","361010003","2","1.8","ppb","1","PINNACLE STATE PARK","24","100.0000","42401","Sulfur dioxide","18500","Corning, NY","36","New York","101","Steuben","42.09142","-77.20978"
"01/17/2022","AQS","361010003","2","0.3","ppb","0","PINNACLE STATE PARK","24","100.0000","42401","Sulfur dioxide","18500","Corning, NY","36","New York","101","Steuben","42.09142","-77.20978"
"01/18/2022","AQS","361010003","2","0.1","ppb","0","PINNACLE STATE PARK","24","100.0000","42401","Sulfur dioxide","18500","Corning, NY","36","New York","101","Steuben","42.09142","-77.20978"
"01/19/2022","AQS","361010003","2","1","ppb","1","PINNACLE STATE PARK","24","100.0000","42401","Sulfur dioxide","18500","Corning, NY","36","New York","101","Steuben","42.09142","-77.20978"
"01/20/2022","AQS","361010003","2","0.1","ppb","0","PINNACLE STATE PARK","24","100.0000","42401","Sulfur dioxide","18500","Corning, NY","36","New York","101","Steuben","42.09142","-77.20978"
"01/21/2022","AQS","361010003","2","0.1","ppb","0","PINNACLE STATE PARK","23","96.0000","42401","Sulfur dioxide","18500","Corning, NY","36","New York","101","Steuben","42.09142","-77.20978"
"01/22/2022","AQS","361010003","2","2.1","ppb","3","PINNACLE STATE PARK","24","100.0000","42401","Sulfur dioxide","18500","Corning, NY","36","New York","101","Steuben","42.09142","-77.20978"
"01/23/2022","AQS","361010003","2","1.5","ppb","1","PINNACLE STATE PARK","24","100.0000","42401","Sulfur dioxide","18500","Corning, NY","36","New York","101","Steuben","42.09142","-77.20978"
"01/24/2022","AQS","361010003","2","0.2","ppb","0","PINNACLE STATE PARK","24","100.0000","42401","Sulfur dioxide","18500","Corning, NY","36","New York","101","Steuben","42.09142","-77.20978"
"01/25/2022","AQS","361010003","2","0.4","ppb","0","PINNACLE STATE PARK","24","100.0000","42401","Sulfur dioxide","18500","Corning, NY","36","New York","101","Steuben","42.09142","-77.20978"
"01/26/2022","AQS","361010003","2","0.3","ppb","0","PINNACLE STATE PARK","22","92.0000","42401","Sulfur dioxide","18500","Corning, NY","36","New York","101","Steuben","42.09142","-77.20978"
"01/27/2022","AQS","361010003","2","2.2","ppb","3","PINNACLE STATE PARK","23","96.0000","42401","Sulfur dioxide","18500","Corning, NY","36","New York","101","Steuben","42.09142","-77.20978"
"01/28/2022","AQS","361010003","2","0.6","ppb","0","PINNACLE STATE PARK","24","100.0000","42401","Sulfur dioxide","18500","Corning, NY","36","New York","101","Steuben","42.09142","-77.20978"
"01/29/2022","AQS","361010003","2","0.1","ppb","0","PINNACLE STATE PARK","24","100.0000","42401","Sulfur dioxide","18500","Corning, NY","36","New York","101","Steuben","42.09142","-77.20978"
"01/30/2022","AQS","361010003","2","0.3","ppb","0","PINNACLE STATE PARK","24","100.0000","42401","Sulfur dioxide","18500","Corning, NY","36","New York","101","Steuben","42.09142","-77.20978"
"01/31/2022","AQS","361010003","2","1.9","ppb","1","PINNACLE STATE PARK","24","100.0000","42401","Sulfur dioxide","18500","Corning, NY","36","New York","101","Steuben","42.09142","-77.20978"
"02/01/2022","AQS","361010003","2","1.4","ppb","1","PINNACLE STATE PARK","24","100.0000","42401","Sulfur dioxide","18500","Corning, NY","36","New York","101","Steuben","42.09142","-77.20978"
"02/02/2022","AQS","361010003","2","0.6","ppb","0","PINNACLE STATE PARK","23","96.0000","42401","Sulfur dioxide","18500","Corning, NY","36","New York","101","Steuben","42.09142","-77.20978"
"02/03/2022","AQS","361010003","2","0.3","ppb","0","PINNACLE STATE PARK","24","100.0000","42401","Sulfur dioxide","18500","Corning, NY","36","New York","101","Steuben","42.09142","-77.20978"
"02/04/2022","AQS","361010003","2","0.2","ppb","0","PINNACLE STATE PARK","24","100.0000","42401","Sulfur dioxide","18500","Corning, NY","36","New York","101","Steuben","42.09142","-77.20978"
"02/05/2022","AQS","361010003","2","0.5","ppb","0","PINNACLE STATE PARK","24","100.0000","42401","Sulfur dioxide","18500","Corning, NY","36","New York","101","Steuben","42.09142","-77.20978"
"02/06/2022","AQS","361010003","2","0.7","ppb","0","PINNACLE STATE PARK","24","100.0000","42401","Sulfur dioxide","18500","Corning, NY","36","New York","101","Steuben","42.09142","-77.20978"
"02/07/2022","AQS","361010003","2","0.9","ppb","0","PINNACLE STATE PARK","24","100.0000","42401","Sulfur dioxide","18500","Corning, NY","36","New York","101","Steuben","42.09142","-77.20978"
"02/08/2022","AQS","361010003","2","0.4","ppb","0","PINNACLE STATE PARK","24","100.0000","42401","Sulfur dioxide","18500","Corning, NY","36","New York","101","Steuben","42.09142","-77.20978"
"02/09/2022","AQS","361010003","2","1.9","ppb","1","PINNACLE STATE PARK","24","100.0000","42401","Sulfur dioxide","18500","Corning, NY","36","New York","101","Steuben","42.09142","-77.20978"
"02/10/2022","AQS","361010003","2","0.5","ppb","0","PINNACLE STATE PARK","24","100.0000","42401","Sulfur dioxide","18500","Corning, NY","36","New York","101","Steuben","42.09142","-77.20978"
"02/11/2022","AQS","361010003","2","1","ppb","1","PINNACLE STATE PARK","21","88.0000","42401","Sulfur dioxide","18500","Corning, NY","36","New York","101","Steuben","42.09142","-77.20978"
"02/12/2022","AQS","361010003","2","0.1","ppb","0","PINNACLE STATE PARK","24","100.0000","42401","Sulfur dioxide","18500","Corning, NY","36","New York","101","Steuben","42.09142","-77.20978"
"02/13/2022","AQS","361010003","2","0.2","ppb","0","PINNACLE STATE PARK","24","100.0000","42401","Sulfur dioxide","18500","Corning, NY","36","New York","101","Steuben","42.09142","-77.20978"
"02/14/2022","AQS","361010003","2","0.3","ppb","0","PINNACLE STATE PARK","24","100.0000","42401","Sulfur dioxide","18500","Corning, NY","36","New York","101","Steuben","42.09142","-77.20978"
"02/15/2022","AQS","361010003","2","0.7","ppb","0","PINNACLE STATE PARK","24","100.0000","42401","Sulfur dioxide","18500","Corning, NY","36","New York","101","Steuben","42.09142","-77.20978"
"02/16/2022","AQS","361010003","2","1","ppb","1","PINNACLE STATE PARK","24","100.0000","42401","Sulfur dioxide","18500","Corning, NY","36","New York","101","Steuben","42.09142","-77.20978"
"02/17/2022","AQS","361010003","2","0.2","ppb","0","PINNACLE STATE PARK","24","100.0000","42401","Sulfur dioxide","18500","Corning, NY","36","New York","101","Steuben","42.09142","-77.20978"
"02/18/2022","AQS","361010003","2","0.3","ppb","0","PINNACLE STATE PARK","23","96.0000","42401","Sulfur dioxide","18500","Corning, NY","36","New York","101","Steuben","42.09142","-77.20978"
"02/19/2022","AQS","361010003","2","1.2","ppb","1","PINNACLE STATE PARK","24","100.0000","42401","Sulfur dioxide","18500","Corning, NY","36","New York","101","Steuben","42.09142","-77.20978"
"02/20/2022","AQS","361010003","2","1.1","ppb","1","PINNACLE STATE PARK","24","100.0000","42401","Sulfur dioxide","18500","Corning, NY","36","New York","101","Steuben","42.09142","-77.20978"
"02/21/2022","AQS","361010003","2","0.8","ppb","0","PINNACLE STATE PARK","24","100.0000","42401","Sulfur dioxide","18500","Corning, NY","36","New York","101","Steuben","42.09142","-77.20978"
"02/22/2022","AQS","361010003","2","0.7","ppb","0","PINNACLE STATE PARK","24","100.0000","42401","Sulfur dioxide","18500","Corning, NY","36","New York","101","Steuben","42.09142","-77.20978"
"02/23/2022","AQS","361010003","2","0.1","ppb","0","PINNACLE STATE PARK","24","100.0000","42401","Sulfur dioxide","18500","Corning, NY","36","New York","101","Steuben","42.09142","-77.20978"
"02/24/2022","AQS","361010003","2","0.2","ppb","0","PINNACLE STATE PARK","23","96.0000","42401","Sulfur dioxide","18500","Corning, NY","36","New York","101","Steuben","42.09142","-77.20978"
"02/25/2022","AQS","361010003","2","0.2","ppb","0","PINNACLE STATE PARK","24","100.0000","42401","Sulfur dioxide","18500","Corning, NY","36","New York","101","Steuben","42.09142","-77.20978"
"02/26/2022","AQS","361010003","2","0.3","ppb","0","PINNACLE STATE PARK","24","100.0000","42401","Sulfur dioxide","18500","Corning, NY","36","New York","101","Steuben","42.09142","-77.20978"
"02/27/2022","AQS","361010003","2","0.2","ppb","0","PINNACLE STATE PARK","24","100.0000","42401","Sulfur dioxide","18500","Corning, NY","36","New York","101","Steuben","42.09142","-77.20978"
"02/28/2022","AQS","361010003","2","0.3","ppb","0","PINNACLE STATE PARK","23","96.0000","42401","Sulfur dioxide","18500","Corning, NY","36","New York","101","Steuben","42.09142","-77.20978"
"03/01/2022","AQS","361010003","2","0.9","ppb","0","PINNACLE STATE PARK","24","100.0000","42401","Sulfur dioxide","18500","Corning, NY","36","New York","101","Steuben","42.09142","-77.20978"
"03/02/2022","AQS","361010003","2","0.2","ppb","0","PINNACLE STATE PARK","24","100.0000","42401","Sulfur dioxide","18500","Corning, NY","36","New York","101","Steuben","42.09142","-77.20978"
"03/03/2022","AQS","361010003","2","0.5","ppb","0","PINNACLE STATE PARK","24","100.0000","42401","Sulfur dioxide","18500","Corning, NY","36","New York","101","Steuben","42.09142","-77.20978"
"03/04/2022","AQS","361010003","2","0.3","ppb","0","PINNACLE STATE PARK","24","100.0000","42401","Sulfur dioxide","18500","Corning, NY","36","New York","101","Steuben","42.09142","-77.20978"
"03/05/2022","AQS","361010003","2","0.4","ppb","0","PINNACLE STATE PARK","22","92.0000","42401","Sulfur dioxide","18500","Corning, NY","36","New York","101","Steuben","42.09142","-77.20978"
"03/06/2022","AQS","361010003","2","0.4","ppb","0","PINNACLE STATE PARK","24","100.0000","42401","Sulfur dioxide","18500","Corning, NY","36","New York","101","Steuben","42.09142","-77.20978"
"03/07/2022","AQS","361010003","2","0.2","ppb","0","PINNACLE STATE PARK","22","92.0000","42401","Sulfur dioxide","18500","Corning, NY","36","New York","101","Steuben","42.09142","-77.20978"
"03/08/2022","AQS","361010003","2","0.1","ppb","0","PINNACLE STATE PARK","24","100.0000","42401","Sulfur dioxide","18500","Corning, NY","36","New York","101","Steuben","42.09142","-77.20978"
"03/09/2022","AQS","361010003","2","0.1","ppb","0","PINNACLE STATE PARK","24","100.0000","42401","Sulfur dioxide","18500","Corning, NY","36","New York","101","Steuben","42.09142","-77.20978"
"03/10/2022","AQS","361010003","2","0.4","ppb","0","PINNACLE STATE PARK","24","100.0000","42401","Sulfur dioxide","18500","Corning, NY","36","New York","101","Steuben","42.09142","-77.20978"
"03/11/2022","AQS","361010003","2","0.5","ppb","0","PINNACLE STATE PARK","22","92.0000","42401","Sulfur dioxide","18500","Corning, NY","36","New York","101","Steuben","42.09142","-77.20978"
"03/12/2022","AQS","361010003","2","0.1","ppb","0","PINNACLE STATE PARK","22","92.0000","42401","Sulfur dioxide","18500","Corning, NY","36","New York","101","Steuben","42.09142","-77.20978"
"03/13/2022","AQS","361010003","2","0.8","ppb","0","PINNACLE STATE PARK","24","100.0000","42401","Sulfur dioxide","18500","Corning, NY","36","New York","101","Steuben","42.09142","-77.20978"
"03/14/2022","AQS","361010003","2","0.8","ppb","0","PINNACLE STATE PARK","23","96.0000","42401","Sulfur dioxide","18500","Corning, NY","36","New York","101","Steuben","42.09142","-77.20978"
"03/15/2022","AQS","361010003","2","0.9","ppb","0","PINNACLE STATE PARK","24","100.0000","42401","Sulfur dioxide","18500","Corning, NY","36","New York","101","Steuben","42.09142","-77.20978"
"03/16/2022","AQS","361010003","2","0.3","ppb","0","PINNACLE STATE PARK","24","100.0000","42401","Sulfur dioxide","18500","Corning, NY","36","New York","101","Steuben","42.09142","-77.20978"
"03/17/2022","AQS","361010003","2","0.3","ppb","0","PINNACLE STATE PARK","24","100.0000","42401","Sulfur dioxide","18500","Corning, NY","36","New York","101","Steuben","42.09142","-77.20978"
"03/18/2022","AQS","361010003","2","0.4","ppb","0","PINNACLE STATE PARK","24","100.0000","42401","Sulfur dioxide","18500","Corning, NY","36","New York","101","Steuben","42.09142","-77.20978"
"03/19/2022","AQS","361010003","2","0.1","ppb","0","PINNACLE STATE PARK","20","83.0000","42401","Sulfur dioxide","18500","Corning, NY","36","New York","101","Steuben","42.09142","-77.20978"
"03/20/2022","AQS","361010003","2","0.1","ppb","0","PINNACLE STATE PARK","24","100.0000","42401","Sulfur dioxide","18500","Corning, NY","36","New York","101","Steuben","42.09142","-77.20978"
"03/21/2022","AQS","361010003","2","0.2","ppb","0","PINNACLE STATE PARK","23","96.0000","42401","Sulfur dioxide","18500","Corning, NY","36","New York","101","Steuben","42.09142","-77.20978"
"03/22/2022","AQS","361010003","2","0.3","ppb","0","PINNACLE STATE PARK","24","100.0000","42401","Sulfur dioxide","18500","Corning, NY","36","New York","101","Steuben","42.09142","-77.20978"
"03/23/2022","AQS","361010003","2","0.2","ppb","0","PINNACLE STATE PARK","22","92.0000","42401","Sulfur dioxide","18500","Corning, NY","36","New York","101","Steuben","42.09142","-77.20978"
"03/24/2022","AQS","361010003","2","0.2","ppb","0","PINNACLE STATE PARK","24","100.0000","42401","Sulfur dioxide","18500","Corning, NY","36","New York","101","Steuben","42.09142","-77.20978"
"03/25/2022","AQS","361010003","2","0","ppb","0","PINNACLE STATE PARK","23","96.0000","42401","Sulfur dioxide","18500","Corning, NY","36","New York","101","Steuben","42.09142","-77.20978"
"03/26/2022","AQS","361010003","2","0","ppb","0","PINNACLE STATE PARK","24","100.0000","42401","Sulfur dioxide","18500","Corning, NY","36","New York","101","Steuben","42.09142","-77.20978"
"03/27/2022","AQS","361010003","2","0.2","ppb","0","PINNACLE STATE PARK","24","100.0000","42401","Sulfur dioxide","18500","Corning, NY","36","New York","101","Steuben","42.09142","-77.20978"
"03/28/2022","AQS","361010003","2","0.2","ppb","0","PINNACLE STATE PARK","23","96.0000","42401","Sulfur dioxide","18500","Corning, NY","36","New York","101","Steuben","42.09142","-77.20978"
"03/29/2022","AQS","361010003","2","0.2","ppb","0","PINNACLE STATE PARK","24","100.0000","42401","Sulfur dioxide","18500","Corning, NY","36","New York","101","Steuben","42.09142","-77.20978"
"03/30/2022","AQS","361010003","2","0.5","ppb","0","PINNACLE STATE PARK","24","100.0000","42401","Sulfur dioxide","18500","Corning, NY","36","New York","101","Steuben","42.09142","-77.20978"
"03/31/2022","AQS","361010003","2","0.3","ppb","0","PINNACLE STATE PARK","22","92.0000","42401","Sulfur dioxide","18500","Corning, NY","36","New York","101","Steuben","42.09142","-77.20978"
"04/01/2022","AQS","361010003","2","0.1","ppb","0","PINNACLE STATE PARK","22","92.0000","42401","Sulfur dioxide","18500","Corning, NY","36","New York","101","Steuben","42.09142","-77.20978"
"04/02/2022","AQS","361010003","2","0.1","ppb","0","PINNACLE STATE PARK","24","100.0000","42401","Sulfur dioxide","18500","Corning, NY","36","New York","101","Steuben","42.09142","-77.20978"
"04/03/2022","AQS","361010003","2","0.3","ppb","0","PINNACLE STATE PARK","24","100.0000","42401","Sulfur dioxide","18500","Corning, NY","36","New York","101","Steuben","42.09142","-77.20978"
"04/04/2022","AQS","361010003","2","0.1","ppb","0","PINNACLE STATE PARK","21","88.0000","42401","Sulfur dioxide","18500","Corning, NY","36","New York","101","Steuben","42.09142","-77.20978"
"04/05/2022","AQS","361010003","2","0.3","ppb","0","PINNACLE STATE PARK","24","100.0000","42401","Sulfur dioxide","18500","Corning, NY","36","New York","101","Steuben","42.09142","-77.20978"
"04/06/2022","AQS","361010003","2","0.1","ppb","0","PINNACLE STATE PARK","24","100.0000","42401","Sulfur dioxide","18500","Corning, NY","36","New York","101","Steuben","42.09142","-77.20978"
"04/07/2022","AQS","361010003","2","0","ppb","0","PINNACLE STATE PARK","24","100.0000","42401","Sulfur dioxide","18500","Corning, NY","36","New York","101","Steuben","42.09142","-77.20978"
"04/08/2022","AQS","361010003","2","0.1","ppb","0","PINNACLE STATE PARK","24","100.0000","42401","Sulfur dioxide","18500","Corning, NY","36","New York","101","Steuben","42.09142","-77.20978"
"04/09/2022","AQS","361010003","2","0.1","ppb","0","PINNACLE STATE PARK","24","100.0000","42401","Sulfur dioxide","18500","Corning, NY","36","New York","101","Steuben","42.09142","-77.20978"
"04/10/2022","AQS","361010003","2","0.1","ppb","0","PINNACLE STATE PARK","24","100.0000","42401","Sulfur dioxide","18500","Corning, NY","36","New York","101","Steuben","42.09142","-77.20978"
"04/11/2022","AQS","361010003","2","0.2","ppb","0","PINNACLE STATE PARK","23","96.0000","42401","Sulfur dioxide","18500","Corning, NY","36","New York","101","Steuben","42.09142","-77.20978"
"04/12/2022","AQS","361010003","2","0.1","ppb","0","PINNACLE STATE PARK","22","92.0000","42401","Sulfur dioxide","18500","Corning, NY","36","New York","101","Steuben","42.09142","-77.20978"
"04/13/2022","AQS","361010003","2","0.3","ppb","0","PINNACLE STATE PARK","24","100.0000","42401","Sulfur dioxide","18500","Corning, NY","36","New York","101","Steuben","42.09142","-77.20978"
"04/14/2022","AQS","361010003","2","0.2","ppb","0","PINNACLE STATE PARK","24","100.0000","42401","Sulfur dioxide","18500","Corning, NY","36","New York","101","Steuben","42.09142","-77.20978"
"04/15/2022","AQS","361010003","2","0.3","ppb","0","PINNACLE STATE PARK","23","96.0000","42401","Sulfur dioxide","18500","Corning, NY","36","New York","101","Steuben","42.09142","-77.20978"
"04/16/2022","AQS","361010003","2","0.2","ppb","0","PINNACLE STATE PARK","24","100.0000","42401","Sulfur dioxide","18500","Corning, NY","36","New York","101","Steuben","42.09142","-77.20978"
"04/17/2022","AQS","361010003","2","0.1","ppb","0","PINNACLE STATE PARK","24","100.0000","42401","Sulfur dioxide","18500","Corning, NY","36","New York","101","Steuben","42.09142","-77.20978"
"04/18/2022","AQS","361010003","2","0.2","ppb","0","PINNACLE STATE PARK","23","96.0000","42401","Sulfur dioxide","18500","Corning, NY","36","New York","101","Steuben","42.09142","-77.20978"
"04/19/2022","AQS","361010003","2","0.1","ppb","0","PINNACLE STATE PARK","24","100.0000","42401","Sulfur dioxide","18500","Corning, NY","36","New York","101","Steuben","42.09142","-77.20978"
"04/20/2022","AQS","361010003","2","0.1","ppb","0","PINNACLE STATE PARK","24","100.0000","42401","Sulfur dioxide","18500","Corning, NY","36","New York","101","Steuben","42.09142","-77.20978"
"04/21/2022","AQS","361010003","2","0.2","ppb","0","PINNACLE STATE PARK","24","100.0000","42401","Sulfur dioxide","18500","Corning, NY","36","New York","101","Steuben","42.09142","-77.20978"
"04/22/2022","AQS","361010003","2","0.1","ppb","0","PINNACLE STATE PARK","23","96.0000","42401","Sulfur dioxide","18500","Corning, NY","36","New York","101","Steuben","42.09142","-77.20978"
"04/23/2022","AQS","361010003","2","0.2","ppb","0","PINNACLE STATE PARK","24","100.0000","42401","Sulfur dioxide","18500","Corning, NY","36","New York","101","Steuben","42.09142","-77.20978"
"04/24/2022","AQS","361010003","2","0.4","ppb","0","PINNACLE STATE PARK","24","100.0000","42401","Sulfur dioxide","18500","Corning, NY","36","New York","101","Steuben","42.09142","-77.20978"
"04/25/2022","AQS","361010003","2","0.3","ppb","0","PINNACLE STATE PARK","23","96.0000","42401","Sulfur dioxide","18500","Corning, NY","36","New York","101","Steuben","42.09142","-77.20978"
"04/26/2022","AQS","361010003","2","0","ppb","0","PINNACLE STATE PARK","23","96.0000","42401","Sulfur dioxide","18500","Corning, NY","36","New York","101","Steuben","42.09142","-77.20978"
"04/27/2022","AQS","361010003","2","0","ppb","0","PINNACLE STATE PARK","24","100.0000","42401","Sulfur dioxide","18500","Corning, NY","36","New York","101","Steuben","42.09142","-77.20978"
"04/28/2022","AQS","361010003","2","0.2","ppb","0","PINNACLE STATE PARK","24","100.0000","42401","Sulfur dioxide","18500","Corning, NY","36","New York","101","Steuben","42.09142","-77.20978"
"04/29/2022","AQS","361010003","2","0.2","ppb","0","PINNACLE STATE PARK","20","83.0000","42401","Sulfur dioxide","18500","Corning, NY","36","New York","101","Steuben","42.09142","-77.20978"
"04/30/2022","AQS","361010003","2","0.3","ppb","0","PINNACLE STATE PARK","24","100.0000","42401","Sulfur dioxide","18500","Corning, NY","36","New York","101","Steuben","42.09142","-77.20978"
"05/01/2022","AQS","361010003","2","0.2","ppb","0","PINNACLE STATE PARK","24","100.0000","42401","Sulfur dioxide","18500","Corning, NY","36","New York","101","Steuben","42.09142","-77.20978"
"05/02/2022","AQS","361010003","2","0","ppb","0","PINNACLE STATE PARK","23","96.0000","42401","Sulfur dioxide","18500","Corning, NY","36","New York","101","Steuben","42.09142","-77.20978"
"05/03/2022","AQS","361010003","2","0.3","ppb","0","PINNACLE STATE PARK","24","100.0000","42401","Sulfur dioxide","18500","Corning, NY","36","New York","101","Steuben","42.09142","-77.20978"
"05/04/2022","AQS","361010003","2","0","ppb","0","PINNACLE STATE PARK","24","100.0000","42401","Sulfur dioxide","18500","Corning, NY","36","New York","101","Steuben","42.09142","-77.20978"
"05/05/2022","AQS","361010003","2","0.1","ppb","0","PINNACLE STATE PARK","23","96.0000","42401","Sulfur dioxide","18500","Corning, NY","36","New York","101","Steuben","42.09142","-77.20978"
"05/06/2022","AQS","361010003","2","0.1","ppb","0","PINNACLE STATE PARK","24","100.0000","42401","Sulfur dioxide","18500","Corning, NY","36","New York","101","Steuben","42.09142","-77.20978"
"05/07/2022","AQS","361010003","2","0.2","ppb","0","PINNACLE STATE PARK","24","100.0000","42401","Sulfur dioxide","18500","Corning, NY","36","New York","101","Steuben","42.09142","-77.20978"
"05/08/2022","AQS","361010003","2","0.2","ppb","0","PINNACLE STATE PARK","24","100.0000","42401","Sulfur dioxide","18500","Corning, NY","36","New York","101","Steuben","42.09142","-77.20978"
"05/09/2022","AQS","361010003","2","0.3","ppb","0","PINNACLE STATE PARK","23","96.0000","42401","Sulfur dioxide","18500","Corning, NY","36","New York","101","Steuben","42.09142","-77.20978"
"05/10/2022","AQS","361010003","2","0.1","ppb","0","PINNACLE STATE PARK","24","100.0000","42401","Sulfur dioxide","18500","Corning, NY","36","New York","101","Steuben","42.09142","-77.20978"
"05/11/2022","AQS","361010003","2","0.2","ppb","0","PINNACLE STATE PARK","24","100.0000","42401","Sulfur dioxide","18500","Corning, NY","36","New York","101","Steuben","42.09142","-77.20978"
"05/12/2022","AQS","361010003","2","0.2","ppb","0","PINNACLE STATE PARK","20","83.0000","42401","Sulfur dioxide","18500","Corning, NY","36","New York","101","Steuben","42.09142","-77.20978"
"05/13/2022","AQS","361010003","2","0.1","ppb","0","PINNACLE STATE PARK","24","100.0000","42401","Sulfur dioxide","18500","Corning, NY","36","New York","101","Steuben","42.09142","-77.20978"
"05/14/2022","AQS","361010003","2","0","ppb","0","PINNACLE STATE PARK","24","100.0000","42401","Sulfur dioxide","18500","Corning, NY","36","New York","101","Steuben","42.09142","-77.20978"
"05/15/2022","AQS","361010003","2","0.1","ppb","0","PINNACLE STATE PARK","24","100.0000","42401","Sulfur dioxide","18500","Corning, NY","36","New York","101","Steuben","42.09142","-77.20978"
"05/16/2022","AQS","361010003","2","0.2","ppb","0","PINNACLE STATE PARK","23","96.0000","42401","Sulfur dioxide","18500","Corning, NY","36","New York","101","Steuben","42.09142","-77.20978"
"05/17/2022","AQS","361010003","2","0.1","ppb","0","PINNACLE STATE PARK","24","100.0000","42401","Sulfur dioxide","18500","Corning, NY","36","New York","101","Steuben","42.09142","-77.20978"
"05/18/2022","AQS","361010003","2","0.2","ppb","0","PINNACLE STATE PARK","24","100.0000","42401","Sulfur dioxide","18500","Corning, NY","36","New York","101","Steuben","42.09142","-77.20978"
"05/19/2022","AQS","361010003","2","0","ppb","0","PINNACLE STATE PARK","24","100.0000","42401","Sulfur dioxide","18500","Corning, NY","36","New York","101","Steuben","42.09142","-77.20978"
"05/20/2022","AQS","361010003","2","0.2","ppb","0","PINNACLE STATE PARK","24","100.0000","42401","Sulfur dioxide","18500","Corning, NY","36","New York","101","Steuben","42.09142","-77.20978"
"05/21/2022","AQS","361010003","2","0.1","ppb","0","PINNACLE STATE PARK","22","92.0000","42401","Sulfur dioxide","18500","Corning, NY","36","New York","101","Steuben","42.09142","-77.20978"
"05/22/2022","AQS","361010003","2","0.4","ppb","0","PINNACLE STATE PARK","24","100.0000","42401","Sulfur dioxide","18500","Corning, NY","36","New York","101","Steuben","42.09142","-77.20978"
"05/23/2022","AQS","361010003","2","0.1","ppb","0","PINNACLE STATE PARK","23","96.0000","42401","Sulfur dioxide","18500","Corning, NY","36","New York","101","Steuben","42.09142","-77.20978"
"05/24/2022","AQS","361010003","2","0.1","ppb","0","PINNACLE STATE PARK","22","92.0000","42401","Sulfur dioxide","18500","Corning, NY","36","New York","101","Steuben","42.09142","-77.20978"
"05/25/2022","AQS","361010003","2","0.1","ppb","0","PINNACLE STATE PARK","24","100.0000","42401","Sulfur dioxide","18500","Corning, NY","36","New York","101","Steuben","42.09142","-77.20978"
"05/26/2022","AQS","361010003","2","0.1","ppb","0","PINNACLE STATE PARK","24","100.0000","42401","Sulfur dioxide","18500","Corning, NY","36","New York","101","Steuben","42.09142","-77.20978"
"05/27/2022","AQS","361010003","2","0","ppb","0","PINNACLE STATE PARK","24","100.0000","42401","Sulfur dioxide","18500","Corning, NY","36","New York","101","Steuben","42.09142","-77.20978"
"05/28/2022","AQS","361010003","2","0","ppb","0","PINNACLE STATE PARK","24","100.0000","42401","Sulfur dioxide","18500","Corning, NY","36","New York","101","Steuben","42.09142","-77.20978"
"05/29/2022","AQS","361010003","2","0","ppb","0","PINNACLE STATE PARK","24","100.0000","42401","Sulfur dioxide","18500","Corning, NY","36","New York","101","Steuben","42.09142","-77.20978"
"05/30/2022","AQS","361010003","2","0.8","ppb","0","PINNACLE STATE PARK","23","96.0000","42401","Sulfur dioxide","18500","Corning, NY","36","New York","101","Steuben","42.09142","-77.20978"
"05/31/2022","AQS","361010003","2","0.4","ppb","0","PINNACLE STATE PARK","24","100.0000","42401","Sulfur dioxide","18500","Corning, NY","36","New York","101","Steuben","42.09142","-77.20978"
"06/01/2022","AQS","361010003","2","0.2","ppb","0","PINNACLE STATE PARK","23","96.0000","42401","Sulfur dioxide","18500","Corning, NY","36","New York","101","Steuben","42.09142","-77.20978"
"06/02/2022","AQS","361010003","2","0","ppb","0","PINNACLE STATE PARK","24","100.0000","42401","Sulfur dioxide","18500","Corning, NY","36","New York","101","Steuben","42.09142","-77.20978"
"06/03/2022","AQS","361010003","2","0.1","ppb","0","PINNACLE STATE PARK","24","100.0000","42401","Sulfur dioxide","18500","Corning, NY","36","New York","101","Steuben","42.09142","-77.20978"
"06/04/2022","AQS","361010003","2","0.1","ppb","0","PINNACLE STATE PARK","24","100.0000","42401","Sulfur dioxide","18500","Corning, NY","36","New York","101","Steuben","42.09142","-77.20978"
"06/05/2022","AQS","361010003","2","0.1","ppb","0","PINNACLE STATE PARK","24","100.0000","42401","Sulfur dioxide","18500","Corning, NY","36","New York","101","Steuben","42.09142","-77.20978"
"06/06/2022","AQS","361010003","2","0.2","ppb","0","PINNACLE STATE PARK","23","96.0000","42401","Sulfur dioxide","18500","Corning, NY","36","New York","101","Steuben","42.09142","-77.20978"
"06/07/2022","AQS","361010003","2","0.1","ppb","0","PINNACLE STATE PARK","24","100.0000","42401","Sulfur dioxide","18500","Corning, NY","36","New York","101","Steuben","42.09142","-77.20978"
"06/08/2022","AQS","361010003","2","0","ppb","0","PINNACLE STATE PARK","24","100.0000","42401","Sulfur dioxide","18500","Corning, NY","36","New York","101","Steuben","42.09142","-77.20978"
"06/09/2022","AQS","361010003","2","0","ppb","0","PINNACLE STATE PARK","24","100.0000","42401","Sulfur dioxide","18500","Corning, NY","36","New York","101","Steuben","42.09142","-77.20978"
"06/10/2022","AQS","361010003","2","0.1","ppb","0","PINNACLE STATE PARK","21","88.0000","42401","Sulfur dioxide","18500","Corning, NY","36","New York","101","Steuben","42.09142","-77.20978"
"06/11/2022","AQS","361010003","2","0.1","ppb","0","PINNACLE STATE PARK","24","100.0000","42401","Sulfur dioxide","18500","Corning, NY","36","New York","101","Steuben","42.09142","-77.20978"
"06/12/2022","AQS","361010003","2","0.2","ppb","0","PINNACLE STATE PARK","22","92.0000","42401","Sulfur dioxide","18500","Corning, NY","36","New York","101","Steuben","42.09142","-77.20978"
"06/13/2022","AQS","361010003","2","0","ppb","0","PINNACLE STATE PARK","23","96.0000","42401","Sulfur dioxide","18500","Corning, NY","36","New York","101","Steuben","42.09142","-77.20978"
"06/14/2022","AQS","361010003","2","0.2","ppb","0","PINNACLE STATE PARK","24","100.0000","42401","Sulfur dioxide","18500","Corning, NY","36","New York","101","Steuben","42.09142","-77.20978"
"06/15/2022","AQS","361010003","2","0","ppb","0","PINNACLE STATE PARK","24","100.0000","42401","Sulfur dioxide","18500","Corning, NY","36","New York","101","Steuben","42.09142","-77.20978"
"06/16/2022","AQS","361010003","2","0.1","ppb","0","PINNACLE STATE PARK","23","96.0000","42401","Sulfur dioxide","18500","Corning, NY","36","New York","101","Steuben","42.09142","-77.20978"
"06/17/2022","AQS","361010003","2","0.2","ppb","0","PINNACLE STATE PARK","22","92.0000","42401","Sulfur dioxide","18500","Corning, NY","36","New York","101","Steuben","42.09142","-77.20978"
"06/18/2022","AQS","361010003","2","0","ppb","0","PINNACLE STATE PARK","24","100.0000","42401","Sulfur dioxide","18500","Corning, NY","36","New York","101","Steuben","42.09142","-77.20978"
"06/19/2022","AQS","361010003","2","0.2","ppb","0","PINNACLE STATE PARK","24","100.0000","42401","Sulfur dioxide","18500","Corning, NY","36","New York","101","Steuben","42.09142","-77.20978"
"06/20/2022","AQS","361010003","2","0.1","ppb","0","PINNACLE STATE PARK","23","96.0000","42401","Sulfur dioxide","18500","Corning, NY","36","New York","101","Steuben","42.09142","-77.20978"
"06/21/2022","AQS","361010003","2","0.5","ppb","0","PINNACLE STATE PARK","24","100.0000","42401","Sulfur dioxide","18500","Corning, NY","36","New York","101","Steuben","42.09142","-77.20978"
"06/22/2022","AQS","361010003","2","0.6","ppb","0","PINNACLE STATE PARK","24","100.0000","42401","Sulfur dioxide","18500","Corning, NY","36","New York","101","Steuben","42.09142","-77.20978"
"06/23/2022","AQS","361010003","2","0","ppb","0","PINNACLE STATE PARK","24","100.0000","42401","Sulfur dioxide","18500","Corning, NY","36","New York","101","Steuben","42.09142","-77.20978"
"06/24/2022","AQS","361010003","2","0.1","ppb","0","PINNACLE STATE PARK","21","88.0000","42401","Sulfur dioxide","18500","Corning, NY","36","New York","101","Steuben","42.09142","-77.20978"
"06/25/2022","AQS","361010003","2","0.1","ppb","0","PINNACLE STATE PARK","24","100.0000","42401","Sulfur dioxide","18500","Corning, NY","36","New York","101","Steuben","42.09142","-77.20978"
"06/26/2022","AQS","361010003","2","0.2","ppb","0","PINNACLE STATE PARK","24","100.0000","42401","Sulfur dioxide","18500","Corning, NY","36","New York","101","Steuben","42.09142","-77.20978"
"06/27/2022","AQS","361010003","2","0.1","ppb","0","PINNACLE STATE PARK","23","96.0000","42401","Sulfur dioxide","18500","Corning, NY","36","New York","101","Steuben","42.09142","-77.20978"
"06/28/2022","AQS","361010003","2","0.2","ppb","0","PINNACLE STATE PARK","24","100.0000","42401","Sulfur dioxide","18500","Corning, NY","36","New York","101","Steuben","42.09142","-77.20978"
"06/29/2022","AQS","361010003","2","0.2","ppb","0","PINNACLE STATE PARK","24","100.0000","42401","Sulfur dioxide","18500","Corning, NY","36","New York","101","Steuben","42.09142","-77.20978"
"06/30/2022","AQS","361010003","2","0.1","ppb","0","PINNACLE STATE PARK","23","96.0000","42401","Sulfur dioxide","18500","Corning, NY","36","New York","101","Steuben","42.09142","-77.20978"
"07/01/2022","AQS","361010003","2","1.1","ppb","1","PINNACLE STATE PARK","24","100.0000","42401","Sulfur dioxide","18500","Corning, NY","36","New York","101","Steuben","42.09142","-77.20978"
"07/02/2022","AQS","361010003","2","0.2","ppb","0","PINNACLE STATE PARK","24","100.0000","42401","Sulfur dioxide","18500","Corning, NY","36","New York","101","Steuben","42.09142","-77.20978"
"07/03/2022","AQS","361010003","2","0.2","ppb","0","PINNACLE STATE PARK","24","100.0000","42401","Sulfur dioxide","18500","Corning, NY","36","New York","101","Steuben","42.09142","-77.20978"
"07/04/2022","AQS","361010003","2","0.3","ppb","0","PINNACLE STATE PARK","23","96.0000","42401","Sulfur dioxide","18500","Corning, NY","36","New York","101","Steuben","42.09142","-77.20978"
"07/05/2022","AQS","361010003","2","0.1","ppb","0","PINNACLE STATE PARK","24","100.0000","42401","Sulfur dioxide","18500","Corning, NY","36","New York","101","Steuben","42.09142","-77.20978"
"07/06/2022","AQS","361010003","2","0","ppb","0","PINNACLE STATE PARK","24","100.0000","42401","Sulfur dioxide","18500","Corning, NY","36","New York","101","Steuben","42.09142","-77.20978"
"07/07/2022","AQS","361010003","2","0","ppb","0","PINNACLE STATE PARK","24","100.0000","42401","Sulfur dioxide","18500","Corning, NY","36","New York","101","Steuben","42.09142","-77.20978"
"07/08/2022","AQS","361010003","2","0.3","ppb","0","PINNACLE STATE PARK","24","100.0000","42401","Sulfur dioxide","18500","Corning, NY","36","New York","101","Steuben","42.09142","-77.20978"
"07/09/2022","AQS","361010003","2","0.1","ppb","0","PINNACLE STATE PARK","22","92.0000","42401","Sulfur dioxide","18500","Corning, NY","36","New York","101","Steuben","42.09142","-77.20978"
"07/10/2022","AQS","361010003","2","0.1","ppb","0","PINNACLE STATE PARK","24","100.0000","42401","Sulfur dioxide","18500","Corning, NY","36","New York","101","Steuben","42.09142","-77.20978"
"07/11/2022","AQS","361010003","2","0.4","ppb","0","PINNACLE STATE PARK","23","96.0000","42401","Sulfur dioxide","18500","Corning, NY","36","New York","101","Steuben","42.09142","-77.20978"
"07/12/2022","AQS","361010003","2","0.4","ppb","0","PINNACLE STATE PARK","22","92.0000","42401","Sulfur dioxide","18500","Corning, NY","36","New York","101","Steuben","42.09142","-77.20978"
"07/13/2022","AQS","361010003","2","0.1","ppb","0","PINNACLE STATE PARK","24","100.0000","42401","Sulfur dioxide","18500","Corning, NY","36","New York","101","Steuben","42.09142","-77.20978"
"07/14/2022","AQS","361010003","2","0.2","ppb","0","PINNACLE STATE PARK","24","100.0000","42401","Sulfur dioxide","18500","Corning, NY","36","New York","101","Steuben","42.09142","-77.20978"
"07/21/2022","AQS","361010003","2","0.3","ppb","0","PINNACLE STATE PARK","24","100.0000","42401","Sulfur dioxide","18500","Corning, NY","36","New York","101","Steuben","42.09142","-77.20978"
"07/22/2022","AQS","361010003","2","0.1","ppb","0","PINNACLE STATE PARK","24","100.0000","42401","Sulfur dioxide","18500","Corning, NY","36","New York","101","Steuben","42.09142","-77.20978"
"07/23/2022","AQS","361010003","2","0.7","ppb","0","PINNACLE STATE PARK","21","88.0000","42401","Sulfur dioxide","18500","Corning, NY","36","New York","101","Steuben","42.09142","-77.20978"
"07/24/2022","AQS","361010003","2","0.5","ppb","0","PINNACLE STATE PARK","24","100.0000","42401","Sulfur dioxide","18500","Corning, NY","36","New York","101","Steuben","42.09142","-77.20978"
"07/25/2022","AQS","361010003","2","0.2","ppb","0","PINNACLE STATE PARK","21","88.0000","42401","Sulfur dioxide","18500","Corning, NY","36","New York","101","Steuben","42.09142","-77.20978"
"07/26/2022","AQS","361010003","2","0.2","ppb","0","PINNACLE STATE PARK","24","100.0000","42401","Sulfur dioxide","18500","Corning, NY","36","New York","101","Steuben","42.09142","-77.20978"
"07/27/2022","AQS","361010003","2","0.1","ppb","0","PINNACLE STATE PARK","24","100.0000","42401","Sulfur dioxide","18500","Corning, NY","36","New York","101","Steuben","42.09142","-77.20978"
"07/28/2022","AQS","361010003","2","0","ppb","0","PINNACLE STATE PARK","24","100.0000","42401","Sulfur dioxide","18500","Corning, NY","36","New York","101","Steuben","42.09142","-77.20978"
"07/29/2022","AQS","361010003","2","0.2","ppb","0","PINNACLE STATE PARK","24","100.0000","42401","Sulfur dioxide","18500","Corning, NY","36","New York","101","Steuben","42.09142","-77.20978"
"07/30/2022","AQS","361010003","2","0.1","ppb","0","PINNACLE STATE PARK","24","100.0000","42401","Sulfur dioxide","18500","Corning, NY","36","New York","101","Steuben","42.09142","-77.20978"
"07/31/2022","AQS","361010003","2","0.1","ppb","0","PINNACLE STATE PARK","24","100.0000","42401","Sulfur dioxide","18500","Corning, NY","36","New York","101","Steuben","42.09142","-77.20978"
"08/01/2022","AQS","361010003","2","0.2","ppb","0","PINNACLE STATE PARK","23","96.0000","42401","Sulfur dioxide","18500","Corning, NY","36","New York","101","Steuben","42.09142","-77.20978"
"08/02/2022","AQS","361010003","2","0.2","ppb","0","PINNACLE STATE PARK","23","96.0000","42401","Sulfur dioxide","18500","Corning, NY","36","New York","101","Steuben","42.09142","-77.20978"
"08/03/2022","AQS","361010003","2","0.2","ppb","0","PINNACLE STATE PARK","24","100.0000","42401","Sulfur dioxide","18500","Corning, NY","36","New York","101","Steuben","42.09142","-77.20978"
"08/04/2022","AQS","361010003","2","0.9","ppb","0","PINNACLE STATE PARK","23","96.0000","42401","Sulfur dioxide","18500","Corning, NY","36","New York","101","Steuben","42.09142","-77.20978"
"08/05/2022","AQS","361010003","2","0.2","ppb","0","PINNACLE STATE PARK","21","88.0000","42401","Sulfur dioxide","18500","Corning, NY","36","New York","101","Steuben","42.09142","-77.20978"
"08/06/2022","AQS","361010003","2","0.2","ppb","0","PINNACLE STATE PARK","24","100.0000","42401","Sulfur dioxide","18500","Corning, NY","36","New York","101","Steuben","42.09142","-77.20978"
"08/07/2022","AQS","361010003","2","0.1","ppb","0","PINNACLE STATE PARK","24","100.0000","42401","Sulfur dioxide","18500","Corning, NY","36","New York","101","Steuben","42.09142","-77.20978"
"08/08/2022","AQS","361010003","2","0.1","ppb","0","PINNACLE STATE PARK","23","96.0000","42401","Sulfur dioxide","18500","Corning, NY","36","New York","101","Steuben","42.09142","-77.20978"
"08/09/2022","AQS","361010003","2","0.1","ppb","0","PINNACLE STATE PARK","24","100.0000","42401","Sulfur dioxide","18500","Corning, NY","36","New York","101","Steuben","42.09142","-77.20978"
"08/10/2022","AQS","361010003","2","0","ppb","0","PINNACLE STATE PARK","24","100.0000","42401","Sulfur dioxide","18500","Corning, NY","36","New York","101","Steuben","42.09142","-77.20978"
"08/11/2022","AQS","361010003","2","0.2","ppb","0","PINNACLE STATE PARK","24","100.0000","42401","Sulfur dioxide","18500","Corning, NY","36","New York","101","Steuben","42.09142","-77.20978"
"08/12/2022","AQS","361010003","2","0","ppb","0","PINNACLE STATE PARK","21","88.0000","42401","Sulfur dioxide","18500","Corning, NY","36","New York","101","Steuben","42.09142","-77.20978"
"08/13/2022","AQS","361010003","2","0.2","ppb","0","PINNACLE STATE PARK","24","100.0000","42401","Sulfur dioxide","18500","Corning, NY","36","New York","101","Steuben","42.09142","-77.20978"
"08/14/2022","AQS","361010003","2","0.2","ppb","0","PINNACLE STATE PARK","24","100.0000","42401","Sulfur dioxide","18500","Corning, NY","36","New York","101","Steuben","42.09142","-77.20978"
"08/15/2022","AQS","361010003","2","0.1","ppb","0","PINNACLE STATE PARK","23","96.0000","42401","Sulfur dioxide","18500","Corning, NY","36","New York","101","Steuben","42.09142","-77.20978"
"08/16/2022","AQS","361010003","2","0.1","ppb","0","PINNACLE STATE PARK","24","100.0000","42401","Sulfur dioxide","18500","Corning, NY","36","New York","101","Steuben","42.09142","-77.20978"
"08/17/2022","AQS","361010003","2","0.1","ppb","0","PINNACLE STATE PARK","24","100.0000","42401","Sulfur dioxide","18500","Corning, NY","36","New York","101","Steuben","42.09142","-77.20978"
"08/18/2022","AQS","361010003","2","0.2","ppb","0","PINNACLE STATE PARK","24","100.0000","42401","Sulfur dioxide","18500","Corning, NY","36","New York","101","Steuben","42.09142","-77.20978"
"08/19/2022","AQS","361010003","2","0.2","ppb","0","PINNACLE STATE PARK","22","92.0000","42401","Sulfur dioxide","18500","Corning, NY","36","New York","101","Steuben","42.09142","-77.20978"
"08/20/2022","AQS","361010003","2","0.1","ppb","0","PINNACLE STATE PARK","24","100.0000","42401","Sulfur dioxide","18500","Corning, NY","36","New York","101","Steuben","42.09142","-77.20978"
"08/21/2022","AQS","361010003","2","0","ppb","0","PINNACLE STATE PARK","24","100.0000","42401","Sulfur dioxide","18500","Corning, NY","36","New York","101","Steuben","42.09142","-77.20978"
"08/22/2022","AQS","361010003","2","0","ppb","0","PINNACLE STATE PARK","23","96.0000","42401","Sulfur dioxide","18500","Corning, NY","36","New York","101","Steuben","42.09142","-77.20978"
"08/23/2022","AQS","361010003","2","0","ppb","0","PINNACLE STATE PARK","22","92.0000","42401","Sulfur dioxide","18500","Corning, NY","36","New York","101","Steuben","42.09142","-77.20978"
"08/24/2022","AQS","361010003","2","0.2","ppb","0","PINNACLE STATE PARK","24","100.0000","42401","Sulfur dioxide","18500","Corning, NY","36","New York","101","Steuben","42.09142","-77.20978"
"08/25/2022","AQS","361010003","2","0.1","ppb","0","PINNACLE STATE PARK","24","100.0000","42401","Sulfur dioxide","18500","Corning, NY","36","New York","101","Steuben","42.09142","-77.20978"
"08/26/2022","AQS","361010003","2","0.1","ppb","0","PINNACLE STATE PARK","24","100.0000","42401","Sulfur dioxide","18500","Corning, NY","36","New York","101","Steuben","42.09142","-77.20978"
"08/27/2022","AQS","361010003","2","0","ppb","0","PINNACLE STATE PARK","24","100.0000","42401","Sulfur dioxide","18500","Corning, NY","36","New York","101","Steuben","42.09142","-77.20978"
"08/28/2022","AQS","361010003","2","0.1","ppb","0","PINNACLE STATE PARK","24","100.0000","42401","Sulfur dioxide","18500","Corning, NY","36","New York","101","Steuben","42.09142","-77.20978"
"08/29/2022","AQS","361010003","2","0.1","ppb","0","PINNACLE STATE PARK","22","92.0000","42401","Sulfur dioxide","18500","Corning, NY","36","New York","101","Steuben","42.09142","-77.20978"
"08/30/2022","AQS","361010003","2","0.8","ppb","0","PINNACLE STATE PARK","24","100.0000","42401","Sulfur dioxide","18500","Corning, NY","36","New York","101","Steuben","42.09142","-77.20978"
"08/31/2022","AQS","361010003","2","0.1","ppb","0","PINNACLE STATE PARK","22","92.0000","42401","Sulfur dioxide","18500","Corning, NY","36","New York","101","Steuben","42.09142","-77.20978"
"09/01/2022","AQS","361010003","2","0.3","ppb","0","PINNACLE STATE PARK","24","100.0000","42401","Sulfur dioxide","18500","Corning, NY","36","New York","101","Steuben","42.09142","-77.20978"
"09/02/2022","AQS","361010003","2","0.1","ppb","0","PINNACLE STATE PARK","24","100.0000","42401","Sulfur dioxide","18500","Corning, NY","36","New York","101","Steuben","42.09142","-77.20978"
"09/03/2022","AQS","361010003","2","0.3","ppb","0","PINNACLE STATE PARK","24","100.0000","42401","Sulfur dioxide","18500","Corning, NY","36","New York","101","Steuben","42.09142","-77.20978"
"09/04/2022","AQS","361010003","2","0","ppb","0","PINNACLE STATE PARK","24","100.0000","42401","Sulfur dioxide","18500","Corning, NY","36","New York","101","Steuben","42.09142","-77.20978"
"09/05/2022","AQS","361010003","2","0","ppb","0","PINNACLE STATE PARK","23","96.0000","42401","Sulfur dioxide","18500","Corning, NY","36","New York","101","Steuben","42.09142","-77.20978"
"09/06/2022","AQS","361010003","2","0","ppb","0","PINNACLE STATE PARK","24","100.0000","42401","Sulfur dioxide","18500","Corning, NY","36","New York","101","Steuben","42.09142","-77.20978"
"09/07/2022","AQS","361010003","2","0","ppb","0","PINNACLE STATE PARK","24","100.0000","42401","Sulfur dioxide","18500","Corning, NY","36","New York","101","Steuben","42.09142","-77.20978"
"09/08/2022","AQS","361010003","2","0","ppb","0","PINNACLE STATE PARK","24","100.0000","42401","Sulfur dioxide","18500","Corning, NY","36","New York","101","Steuben","42.09142","-77.20978"
"09/09/2022","AQS","361010003","2","0","ppb","0","PINNACLE STATE PARK","24","100.0000","42401","Sulfur dioxide","18500","Corning, NY","36","New York","101","Steuben","42.09142","-77.20978"
"09/10/2022","AQS","361010003","2","0.1","ppb","0","PINNACLE STATE PARK","23","96.0000","42401","Sulfur dioxide","18500","Corning, NY","36","New York","101","Steuben","42.09142","-77.20978"
"09/11/2022","AQS","361010003","2","0","ppb","0","PINNACLE STATE PARK","24","100.0000","42401","Sulfur dioxide","18500","Corning, NY","36","New York","101","Steuben","42.09142","-77.20978"
"09/12/2022","AQS","361010003","2","0","ppb","0","PINNACLE STATE PARK","21","88.0000","42401","Sulfur dioxide","18500","Corning, NY","36","New York","101","Steuben","42.09142","-77.20978"
"09/13/2022","AQS","361010003","2","0","ppb","0","PINNACLE STATE PARK","24","100.0000","42401","Sulfur dioxide","18500","Corning, NY","36","New York","101","Steuben","42.09142","-77.20978"
"09/14/2022","AQS","361010003","2","0.1","ppb","0","PINNACLE STATE PARK","24","100.0000","42401","Sulfur dioxide","18500","Corning, NY","36","New York","101","Steuben","42.09142","-77.20978"
"09/15/2022","AQS","361010003","2","0.1","ppb","0","PINNACLE STATE PARK","24","100.0000","42401","Sulfur dioxide","18500","Corning, NY","36","New York","101","Steuben","42.09142","-77.20978"
"09/16/2022","AQS","361010003","2","0.1","ppb","0","PINNACLE STATE PARK","23","96.0000","42401","Sulfur dioxide","18500","Corning, NY","36","New York","101","Steuben","42.09142","-77.20978"
"09/17/2022","AQS","361010003","2","0.1","ppb","0","PINNACLE STATE PARK","24","100.0000","42401","Sulfur dioxide","18500","Corning, NY","36","New York","101","Steuben","42.09142","-77.20978"
"09/18/2022","AQS","361010003","2","0.3","ppb","0","PINNACLE STATE PARK","24","100.0000","42401","Sulfur dioxide","18500","Corning, NY","36","New York","101","Steuben","42.09142","-77.20978"
"09/19/2022","AQS","361010003","2","0.1","ppb","0","PINNACLE STATE PARK","22","92.0000","42401","Sulfur dioxide","18500","Corning, NY","36","New York","101","Steuben","42.09142","-77.20978"
"09/20/2022","AQS","361010003","2","0","ppb","0","PINNACLE STATE PARK","24","100.0000","42401","Sulfur dioxide","18500","Corning, NY","36","New York","101","Steuben","42.09142","-77.20978"
"09/21/2022","AQS","361010003","2","0.4","ppb","0","PINNACLE STATE PARK","22","92.0000","42401","Sulfur dioxide","18500","Corning, NY","36","New York","101","Steuben","42.09142","-77.20978"
"09/22/2022","AQS","361010003","2","0.1","ppb","0","PINNACLE STATE PARK","24","100.0000","42401","Sulfur dioxide","18500","Corning, NY","36","New York","101","Steuben","42.09142","-77.20978"
"09/23/2022","AQS","361010003","2","0.3","ppb","0","PINNACLE STATE PARK","24","100.0000","42401","Sulfur dioxide","18500","Corning, NY","36","New York","101","Steuben","42.09142","-77.20978"
"09/24/2022","AQS","361010003","2","0.1","ppb","0","PINNACLE STATE PARK","24","100.0000","42401","Sulfur dioxide","18500","Corning, NY","36","New York","101","Steuben","42.09142","-77.20978"
"09/25/2022","AQS","361010003","2","0.1","ppb","0","PINNACLE STATE PARK","24","100.0000","42401","Sulfur dioxide","18500","Corning, NY","36","New York","101","Steuben","42.09142","-77.20978"
"09/26/2022","AQS","361010003","2","0","ppb","0","PINNACLE STATE PARK","23","96.0000","42401","Sulfur dioxide","18500","Corning, NY","36","New York","101","Steuben","42.09142","-77.20978"
"09/27/2022","AQS","361010003","2","0","ppb","0","PINNACLE STATE PARK","24","100.0000","42401","Sulfur dioxide","18500","Corning, NY","36","New York","101","Steuben","42.09142","-77.20978"
"09/28/2022","AQS","361010003","2","0","ppb","0","PINNACLE STATE PARK","24","100.0000","42401","Sulfur dioxide","18500","Corning, NY","36","New York","101","Steuben","42.09142","-77.20978"
"09/29/2022","AQS","361010003","2","0.1","ppb","0","PINNACLE STATE PARK","24","100.0000","42401","Sulfur dioxide","18500","Corning, NY","36","New York","101","Steuben","42.09142","-77.20978"
"09/30/2022","AQS","361010003","2","0.1","ppb","0","PINNACLE STATE PARK","22","92.0000","42401","Sulfur dioxide","18500","Corning, NY","36","New York","101","Steuben","42.09142","-77.20978"
"10/01/2022","AQS","361010003","2","0.1","ppb","0","PINNACLE STATE PARK","24","100.0000","42401","Sulfur dioxide","18500","Corning, NY","36","New York","101","Steuben","42.09142","-77.20978"
"10/02/2022","AQS","361010003","2","0.1","ppb","0","PINNACLE STATE PARK","24","100.0000","42401","Sulfur dioxide","18500","Corning, NY","36","New York","101","Steuben","42.09142","-77.20978"
"10/03/2022","AQS","361010003","2","0.1","ppb","0","PINNACLE STATE PARK","22","92.0000","42401","Sulfur dioxide","18500","Corning, NY","36","New York","101","Steuben","42.09142","-77.20978"
"10/04/2022","AQS","361010003","2","0.1","ppb","0","PINNACLE STATE PARK","24","100.0000","42401","Sulfur dioxide","18500","Corning, NY","36","New York","101","Steuben","42.09142","-77.20978"
"10/05/2022","AQS","361010003","2","0.2","ppb","0","PINNACLE STATE PARK","24","100.0000","42401","Sulfur dioxide","18500","Corning, NY","36","New York","101","Steuben","42.09142","-77.20978"
"10/06/2022","AQS","361010003","2","0.5","ppb","0","PINNACLE STATE PARK","24","100.0000","42401","Sulfur dioxide","18500","Corning, NY","36","New York","101","Steuben","42.09142","-77.20978"
"10/07/2022","AQS","361010003","2","0.3","ppb","0","PINNACLE STATE PARK","24","100.0000","42401","Sulfur dioxide","18500","Corning, NY","36","New York","101","Steuben","42.09142","-77.20978"
"10/08/2022","AQS","361010003","2","0.1","ppb","0","PINNACLE STATE PARK","24","100.0000","42401","Sulfur dioxide","18500","Corning, NY","36","New York","101","Steuben","42.09142","-77.20978"
"10/09/2022","AQS","361010003","2","0.1","ppb","0","PINNACLE STATE PARK","24","100.0000","42401","Sulfur dioxide","18500","Corning, NY","36","New York","101","Steuben","42.09142","-77.20978"
"10/10/2022","AQS","361010003","2","0.3","ppb","0","PINNACLE STATE PARK","23","96.0000","42401","Sulfur dioxide","18500","Corning, NY","36","New York","101","Steuben","42.09142","-77.20978"
"10/11/2022","AQS","361010003","2","0.5","ppb","0","PINNACLE STATE PARK","24","100.0000","42401","Sulfur dioxide","18500","Corning, NY","36","New York","101","Steuben","42.09142","-77.20978"
"10/12/2022","AQS","361010003","2","0.1","ppb","0","PINNACLE STATE PARK","22","92.0000","42401","Sulfur dioxide","18500","Corning, NY","36","New York","101","Steuben","42.09142","-77.20978"
"10/13/2022","AQS","361010003","2","0","ppb","0","PINNACLE STATE PARK","24","100.0000","42401","Sulfur dioxide","18500","Corning, NY","36","New York","101","Steuben","42.09142","-77.20978"
"10/14/2022","AQS","361010003","2","0.3","ppb","0","PINNACLE STATE PARK","24","100.0000","42401","Sulfur dioxide","18500","Corning, NY","36","New York","101","Steuben","42.09142","-77.20978"
"10/15/2022","AQS","361010003","2","0.2","ppb","0","PINNACLE STATE PARK","22","92.0000","42401","Sulfur dioxide","18500","Corning, NY","36","New York","101","Steuben","42.09142","-77.20978"
"10/16/2022","AQS","361010003","2","0.3","ppb","0","PINNACLE STATE PARK","24","100.0000","42401","Sulfur dioxide","18500","Corning, NY","36","New York","101","Steuben","42.09142","-77.20978"
"10/17/2022","AQS","361010003","2","0.6","ppb","0","PINNACLE STATE PARK","23","96.0000","42401","Sulfur dioxide","18500","Corning, NY","36","New York","101","Steuben","42.09142","-77.20978"
"10/18/2022","AQS","361010003","2","0.1","ppb","0","PINNACLE STATE PARK","24","100.0000","42401","Sulfur dioxide","18500","Corning, NY","36","New York","101","Steuben","42.09142","-77.20978"
"10/19/2022","AQS","361010003","2","0","ppb","0","PINNACLE STATE PARK","24","100.0000","42401","Sulfur dioxide","18500","Corning, NY","36","New York","101","Steuben","42.09142","-77.20978"
"10/20/2022","AQS","361010003","2","0.4","ppb","0","PINNACLE STATE PARK","24","100.0000","42401","Sulfur dioxide","18500","Corning, NY","36","New York","101","Steuben","42.09142","-77.20978"
"10/21/2022","AQS","361010003","2","1","ppb","1","PINNACLE STATE PARK","24","100.0000","42401","Sulfur dioxide","18500","Corning, NY","36","New York","101","Steuben","42.09142","-77.20978"
"10/22/2022","AQS","361010003","2","0.8","ppb","0","PINNACLE STATE PARK","24","100.0000","42401","Sulfur dioxide","18500","Corning, NY","36","New York","101","Steuben","42.09142","-77.20978"
"10/23/2022","AQS","361010003","2","0.2","ppb","0","PINNACLE STATE PARK","24","100.0000","42401","Sulfur dioxide","18500","Corning, NY","36","New York","101","Steuben","42.09142","-77.20978"
"10/24/2022","AQS","361010003","2","0.1","ppb","0","PINNACLE STATE PARK","23","96.0000","42401","Sulfur dioxide","18500","Corning, NY","36","New York","101","Steuben","42.09142","-77.20978"
"10/25/2022","AQS","361010003","2","0","ppb","0","PINNACLE STATE PARK","24","100.0000","42401","Sulfur dioxide","18500","Corning, NY","36","New York","101","Steuben","42.09142","-77.20978"
"10/26/2022","AQS","361010003","2","0","ppb","0","PINNACLE STATE PARK","24","100.0000","42401","Sulfur dioxide","18500","Corning, NY","36","New York","101","Steuben","42.09142","-77.20978"
"10/27/2022","AQS","361010003","2","0","ppb","0","PINNACLE STATE PARK","24","100.0000","42401","Sulfur dioxide","18500","Corning, NY","36","New York","101","Steuben","42.09142","-77.20978"
"10/28/2022","AQS","361010003","2","0.1","ppb","0","PINNACLE STATE PARK","22","92.0000","42401","Sulfur dioxide","18500","Corning, NY","36","New York","101","Steuben","42.09142","-77.20978"
"10/29/2022","AQS","361010003","2","0.1","ppb","0","PINNACLE STATE PARK","24","100.0000","42401","Sulfur dioxide","18500","Corning, NY","36","New York","101","Steuben","42.09142","-77.20978"
"10/30/2022","AQS","361010003","2","0.3","ppb","0","PINNACLE STATE PARK","24","100.0000","42401","Sulfur dioxide","18500","Corning, NY","36","New York","101","Steuben","42.09142","-77.20978"
"10/31/2022","AQS","361010003","2","0.2","ppb","0","PINNACLE STATE PARK","21","88.0000","42401","Sulfur dioxide","18500","Corning, NY","36","New York","101","Steuben","42.09142","-77.20978"
"11/01/2022","AQS","361010003","2","0","ppb","0","PINNACLE STATE PARK","24","100.0000","42401","Sulfur dioxide","18500","Corning, NY","36","New York","101","Steuben","42.09142","-77.20978"
"11/02/2022","AQS","361010003","2","0.5","ppb","0","PINNACLE STATE PARK","24","100.0000","42401","Sulfur dioxide","18500","Corning, NY","36","New York","101","Steuben","42.09142","-77.20978"
"11/03/2022","AQS","361010003","2","0.1","ppb","0","PINNACLE STATE PARK","24","100.0000","42401","Sulfur dioxide","18500","Corning, NY","36","New York","101","Steuben","42.09142","-77.20978"
"11/04/2022","AQS","361010003","2","0.2","ppb","0","PINNACLE STATE PARK","22","92.0000","42401","Sulfur dioxide","18500","Corning, NY","36","New York","101","Steuben","42.09142","-77.20978"
"11/05/2022","AQS","361010003","2","0","ppb","0","PINNACLE STATE PARK","24","100.0000","42401","Sulfur dioxide","18500","Corning, NY","36","New York","101","Steuben","42.09142","-77.20978"
"11/06/2022","AQS","361010003","2","0","ppb","0","PINNACLE STATE PARK","24","100.0000","42401","Sulfur dioxide","18500","Corning, NY","36","New York","101","Steuben","42.09142","-77.20978"
"11/07/2022","AQS","361010003","2","0.2","ppb","0","PINNACLE STATE PARK","20","83.0000","42401","Sulfur dioxide","18500","Corning, NY","36","New York","101","Steuben","42.09142","-77.20978"
"11/08/2022","AQS","361010003","2","0","ppb","0","PINNACLE STATE PARK","24","100.0000","42401","Sulfur dioxide","18500","Corning, NY","36","New York","101","Steuben","42.09142","-77.20978"
"11/09/2022","AQS","361010003","2","0.1","ppb","0","PINNACLE STATE PARK","24","100.0000","42401","Sulfur dioxide","18500","Corning, NY","36","New York","101","Steuben","42.09142","-77.20978"
"11/10/2022","AQS","361010003","2","0.1","ppb","0","PINNACLE STATE PARK","24","100.0000","42401","Sulfur dioxide","18500","Corning, NY","36","New York","101","Steuben","42.09142","-77.20978"
"11/11/2022","AQS","361010003","2","0","ppb","0","PINNACLE STATE PARK","24","100.0000","42401","Sulfur dioxide","18500","Corning, NY","36","New York","101","Steuben","42.09142","-77.20978"
"11/12/2022","AQS","361010003","2","-0.1","ppb","0","PINNACLE STATE PARK","22","92.0000","42401","Sulfur dioxide","18500","Corning, NY","36","New York","101","Steuben","42.09142","-77.20978"
"11/13/2022","AQS","361010003","2","0","ppb","0","PINNACLE STATE PARK","24","100.0000","42401","Sulfur dioxide","18500","Corning, NY","36","New York","101","Steuben","42.09142","-77.20978"
"11/14/2022","AQS","361010003","2","0","ppb","0","PINNACLE STATE PARK","23","96.0000","42401","Sulfur dioxide","18500","Corning, NY","36","New York","101","Steuben","42.09142","-77.20978"
"11/15/2022","AQS","361010003","2","0","ppb","0","PINNACLE STATE PARK","24","100.0000","42401","Sulfur dioxide","18500","Corning, NY","36","New York","101","Steuben","42.09142","-77.20978"
"11/16/2022","AQS","361010003","2","0","ppb","0","PINNACLE STATE PARK","24","100.0000","42401","Sulfur dioxide","18500","Corning, NY","36","New York","101","Steuben","42.09142","-77.20978"
"11/17/2022","AQS","361010003","2","0","ppb","0","PINNACLE STATE PARK","22","92.0000","42401","Sulfur dioxide","18500","Corning, NY","36","New York","101","Steuben","42.09142","-77.20978"
"11/18/2022","AQS","361010003","2","0","ppb","0","PINNACLE STATE PARK","24","100.0000","42401","Sulfur dioxide","18500","Corning, NY","36","New York","101","Steuben","42.09142","-77.20978"
"11/19/2022","AQS","361010003","2","0.4","ppb","0","PINNACLE STATE PARK","24","100.0000","42401","Sulfur dioxide","18500","Corning, NY","36","New York","101","Steuben","42.09142","-77.20978"
"11/20/2022","AQS","361010003","2","0.3","ppb","0","PINNACLE STATE PARK","24","100.0000","42401","Sulfur dioxide","18500","Corning, NY","36","New York","101","Steuben","42.09142","-77.20978"
"11/21/2022","AQS","361010003","2","1.2","ppb","1","PINNACLE STATE PARK","23","96.0000","42401","Sulfur dioxide","18500","Corning, NY","36","New York","101","Steuben","42.09142","-77.20978"
"11/22/2022","AQS","361010003","2","1","ppb","1","PINNACLE STATE PARK","24","100.0000","42401","Sulfur dioxide","18500","Corning, NY","36","New York","101","Steuben","42.09142","-77.20978"
"11/23/2022","AQS","361010003","2","1","ppb","1","PINNACLE STATE PARK","24","100.0000","42401","Sulfur dioxide","18500","Corning, NY","36","New York","101","Steuben","42.09142","-77.20978"
"11/24/2022","AQS","361010003","2","1.3","ppb","1","PINNACLE STATE PARK","24","100.0000","42401","Sulfur dioxide","18500","Corning, NY","36","New York","101","Steuben","42.09142","-77.20978"
"11/25/2022","AQS","361010003","2","0.3","ppb","0","PINNACLE STATE PARK","24","100.0000","42401","Sulfur dioxide","18500","Corning, NY","36","New York","101","Steuben","42.09142","-77.20978"
"11/26/2022","AQS","361010003","2","0.1","ppb","0","PINNACLE STATE PARK","24","100.0000","42401","Sulfur dioxide","18500","Corning, NY","36","New York","101","Steuben","42.09142","-77.20978"
"11/27/2022","AQS","361010003","2","1","ppb","1","PINNACLE STATE PARK","24","100.0000","42401","Sulfur dioxide","18500","Corning, NY","36","New York","101","Steuben","42.09142","-77.20978"
"11/28/2022","AQS","361010003","2","0","ppb","0","PINNACLE STATE PARK","23","96.0000","42401","Sulfur dioxide","18500","Corning, NY","36","New York","101","Steuben","42.09142","-77.20978"
"11/29/2022","AQS","361010003","2","0","ppb","0","PINNACLE STATE PARK","24","100.0000","42401","Sulfur dioxide","18500","Corning, NY","36","New York","101","Steuben","42.09142","-77.20978"
"11/30/2022","AQS","361010003","2","0","ppb","0","PINNACLE STATE PARK","24","100.0000","42401","Sulfur dioxide","18500","Corning, NY","36","New York","101","Steuben","42.09142","-77.20978"
"12/01/2022","AQS","361010003","2","0","ppb","0","PINNACLE STATE PARK","22","92.0000","42401","Sulfur dioxide","18500","Corning, NY","36","New York","101","Steuben","42.09142","-77.20978"
"12/02/2022","AQS","361010003","2","0.4","ppb","0","PINNACLE STATE PARK","24","100.0000","42401","Sulfur dioxide","18500","Corning, NY","36","New York","101","Steuben","42.09142","-77.20978"
"12/03/2022","AQS","361010003","2","0.1","ppb","0","PINNACLE STATE PARK","24","100.0000","42401","Sulfur dioxide","18500","Corning, NY","36","New York","101","Steuben","42.09142","-77.20978"
"12/04/2022","AQS","361010003","2","0.4","ppb","0","PINNACLE STATE PARK","24","100.0000","42401","Sulfur dioxide","18500","Corning, NY","36","New York","101","Steuben","42.09142","-77.20978"
"12/05/2022","AQS","361010003","2","2.3","ppb","3","PINNACLE STATE PARK","23","96.0000","42401","Sulfur dioxide","18500","Corning, NY","36","New York","101","Steuben","42.09142","-77.20978"
"12/06/2022","AQS","361010003","2","0.2","ppb","0","PINNACLE STATE PARK","24","100.0000","42401","Sulfur dioxide","18500","Corning, NY","36","New York","101","Steuben","42.09142","-77.20978"
"12/07/2022","AQS","361010003","2","0","ppb","0","PINNACLE STATE PARK","24","100.0000","42401","Sulfur dioxide","18500","Corning, NY","36","New York","101","Steuben","42.09142","-77.20978"
"12/08/2022","AQS","361010003","2","0","ppb","0","PINNACLE STATE PARK","24","100.0000","42401","Sulfur dioxide","18500","Corning, NY","36","New York","101","Steuben","42.09142","-77.20978"
"12/09/2022","AQS","361010003","2","0","ppb","0","PINNACLE STATE PARK","22","92.0000","42401","Sulfur dioxide","18500","Corning, NY","36","New York","101","Steuben","42.09142","-77.20978"
"12/10/2022","AQS","361010003","2","0.1","ppb","0","PINNACLE STATE PARK","24","100.0000","42401","Sulfur dioxide","18500","Corning, NY","36","New York","101","Steuben","42.09142","-77.20978"
"12/11/2022","AQS","361010003","2","0.2","ppb","0","PINNACLE STATE PARK","24","100.0000","42401","Sulfur dioxide","18500","Corning, NY","36","New York","101","Steuben","42.09142","-77.20978"
"12/12/2022","AQS","361010003","2","0.2","ppb","0","PINNACLE STATE PARK","21","88.0000","42401","Sulfur dioxide","18500","Corning, NY","36","New York","101","Steuben","42.09142","-77.20978"
"12/13/2022","AQS","361010003","2","0","ppb","0","PINNACLE STATE PARK","23","96.0000","42401","Sulfur dioxide","18500","Corning, NY","36","New York","101","Steuben","42.09142","-77.20978"
"12/14/2022","AQS","361010003","2","0","ppb","0","PINNACLE STATE PARK","24","100.0000","42401","Sulfur dioxide","18500","Corning, NY","36","New York","101","Steuben","42.09142","-77.20978"
"12/15/2022","AQS","361010003","2","0","ppb","0","PINNACLE STATE PARK","24","100.0000","42401","Sulfur dioxide","18500","Corning, NY","36","New York","101","Steuben","42.09142","-77.20978"
"12/16/2022","AQS","361010003","2","0","ppb","0","PINNACLE STATE PARK","24","100.0000","42401","Sulfur dioxide","18500","Corning, NY","36","New York","101","Steuben","42.09142","-77.20978"
"12/17/2022","AQS","361010003","2","0","ppb","0","PINNACLE STATE PARK","24","100.0000","42401","Sulfur dioxide","18500","Corning, NY","36","New York","101","Steuben","42.09142","-77.20978"
"12/18/2022","AQS","361010003","2","0","ppb","0","PINNACLE STATE PARK","24","100.0000","42401","Sulfur dioxide","18500","Corning, NY","36","New York","101","Steuben","42.09142","-77.20978"
"12/19/2022","AQS","361010003","2","0","ppb","0","PINNACLE STATE PARK","23","96.0000","42401","Sulfur dioxide","18500","Corning, NY","36","New York","101","Steuben","42.09142","-77.20978"
"12/20/2022","AQS","361010003","2","0","ppb","0","PINNACLE STATE PARK","24","100.0000","42401","Sulfur dioxide","18500","Corning, NY","36","New York","101","Steuben","42.09142","-77.20978"
"12/21/2022","AQS","361010003","2","0.8","ppb","0","PINNACLE STATE PARK","24","100.0000","42401","Sulfur dioxide","18500","Corning, NY","36","New York","101","Steuben","42.09142","-77.20978"
"12/22/2022","AQS","361010003","2","0.8","ppb","0","PINNACLE STATE PARK","22","92.0000","42401","Sulfur dioxide","18500","Corning, NY","36","New York","101","Steuben","42.09142","-77.20978"
"12/23/2022","AQS","361010003","2","0.2","ppb","0","PINNACLE STATE PARK","24","100.0000","42401","Sulfur dioxide","18500","Corning, NY","36","New York","101","Steuben","42.09142","-77.20978"
"12/24/2022","AQS","361010003","2","0.1","ppb","0","PINNACLE STATE PARK","24","100.0000","42401","Sulfur dioxide","18500","Corning, NY","36","New York","101","Steuben","42.09142","-77.20978"
"12/25/2022","AQS","361010003","2","0.1","ppb","0","PINNACLE STATE PARK","24","100.0000","42401","Sulfur dioxide","18500","Corning, NY","36","New York","101","Steuben","42.09142","-77.20978"
"12/26/2022","AQS","361010003","2","0.6","ppb","0","PINNACLE STATE PARK","23","96.0000","42401","Sulfur dioxide","18500","Corning, NY","36","New York","101","Steuben","42.09142","-77.20978"
"12/27/2022","AQS","361010003","2","1","ppb","1","PINNACLE STATE PARK","24","100.0000","42401","Sulfur dioxide","18500","Corning, NY","36","New York","101","Steuben","42.09142","-77.20978"
"12/28/2022","AQS","361010003","2","1.9","ppb","1","PINNACLE STATE PARK","24","100.0000","42401","Sulfur dioxide","18500","Corning, NY","36","New York","101","Steuben","42.09142","-77.20978"
"12/29/2022","AQS","361010003","2","0.8","ppb","0","PINNACLE STATE PARK","23","96.0000","42401","Sulfur dioxide","18500","Corning, NY","36","New York","101","Steuben","42.09142","-77.20978"
"12/30/2022","AQS","361010003","2","0.4","ppb","0","PINNACLE STATE PARK","24","100.0000","42401","Sulfur dioxide","18500","Corning, NY","36","New York","101","Steuben","42.09142","-77.20978"
"12/31/2022","AQS","361010003","2","0.1","ppb","0","PINNACLE STATE PARK","24","100.0000","42401","Sulfur dioxide","18500","Corning, NY","36","New York","101","Steuben","42.09142","-77.20978"
